request_id,time_s,algorithm,topology,src,dst,blocked,path,hops,distance_km,composite_cost,bottleneck_fidelity,max_utilization,keys_consumed,decision_latency_ms,served_total,blocked_total
0,0.0335963,ga_tcheby_proxy,mesh9,6,8,0,"[6-7-8]",2,44,3.34569,0.936911,0,2,0.5,1,0
1,0.20454,ga_tcheby_proxy,mesh9,8,7,0,"[8-7]",1,22,1.61449,0.97,0,1,0.5,2,0
2,0.337967,ga_tcheby_proxy,mesh9,1,4,0,"[1-4]",1,20,1.59654,0.975,0,1,0.5,3,0
3,0.355889,ga_tcheby_proxy,mesh9,3,1,1,"[]",0,0,0,0,0,0,0.5,3,1
4,0.417264,ga_tcheby_proxy,mesh9,3,6,0,"[3-6]",1,20,1.70048,0.913294,0,1,0.5,4,1
5,0.534952,ga_tcheby_proxy,mesh9,6,7,0,"[6-7]",1,22,1.61449,0.97,0.00775194,1,0.5,5,1
6,1.04511,ga_tcheby_proxy,mesh9,3,6,0,"[3-6]",1,20,1.59654,0.975,0.00775194,1,0.5,6,1
7,1.08394,ga_tcheby_proxy,mesh9,3,8,1,"[]",0,0,0,0,0,0,0.5,6,2
8,1.09115,ga_tcheby_proxy,mesh9,0,6,1,"[]",0,0,0,0,0,0,0.5,6,3
9,1.17973,ga_tcheby_proxy,mesh9,1,8,0,"[1-2-5-8]",3,62,4.80756,0.97,0,3,0.5,7,3
10,1.25796,ga_tcheby_proxy,mesh9,4,2,0,"[4-5-2]",2,42,3.21103,0.97,0,2,0.5,8,3
11,1.32492,ga_tcheby_proxy,mesh9,4,1,1,"[]",0,0,0,0,0,0,0.5,8,4
12,1.38183,ga_tcheby_proxy,mesh9,3,4,1,"[]",0,0,0,0,0,0,0.5,8,5
13,1.41121,ga_tcheby_proxy,mesh9,3,5,1,"[]",0,0,0,0,0,0,0.5,8,6
14,1.59662,ga_tcheby_proxy,mesh9,7,6,0,"[7-6]",1,22,1.61449,0.97,0,1,0.5,9,6
15,1.62123,ga_tcheby_proxy,mesh9,4,7,1,"[]",0,0,0,0,0,0,0.5,9,7
16,1.8253,ga_tcheby_proxy,mesh9,3,8,0,"[3-4-5-8]",3,64,4.82552,0.97,0.00775194,3,0.5,10,7
17,1.85063,ga_tcheby_proxy,mesh9,1,3,1,"[]",0,0,0,0,0,0,0.5,10,8
18,2.0042,ga_tcheby_proxy,mesh9,5,3,0,"[5-4-3]",2,44,3.22898,0.97,0,2,0.5,11,8
19,2.06105,ga_tcheby_proxy,mesh9,7,0,1,"[]",0,0,0,0,0,0,0.5,11,9
20,2.08605,ga_tcheby_proxy,mesh9,8,2,1,"[]",0,0,0,0,0,0,0.5,11,10
21,2.13018,ga_tcheby_proxy,mesh9,6,3,1,"[]",0,0,0,0,0,0,0.5,11,11
22,2.35245,ga_tcheby_proxy,mesh9,1,2,0,"[1-2]",1,22,1.61449,0.97,0.00775194,1,0.5,12,11
23,2.37483,ga_tcheby_proxy,mesh9,8,7,1,"[]",0,0,0,0,0,0,0.5,12,12
24,2.41836,ga_tcheby_proxy,mesh9,3,7,1,"[]",0,0,0,0,0,0,0.5,12,13
25,2.77954,ga_tcheby_proxy,mesh9,7,1,0,"[7-4-1]",2,40,3.19307,0.975,0,2,0.5,13,13
26,2.93666,ga_tcheby_proxy,mesh9,3,4,0,"[3-4]",1,22,1.61449,0.97,0.00775194,1,0.5,14,13
27,2.94602,ga_tcheby_proxy,mesh9,5,3,1,"[]",0,0,0,0,0,0,0.5,14,14
28,2.95457,ga_tcheby_proxy,mesh9,8,6,1,"[]",0,0,0,0,0,0,0.5,14,15
29,3.12408,ga_tcheby_proxy,mesh9,5,6,0,"[5-4-7-6]",3,64,4.82552,0.97,0.00775194,3,0.5,15,15
30,3.18878,ga_tcheby_proxy,mesh9,4,2,0,"[4-5-2]",2,42,3.38774,0.907109,0.0153846,2,0.5,16,15
31,3.30381,ga_tcheby_proxy,mesh9,7,3,0,"[7-4-3]",2,42,3.21103,0.97,0.00775194,2,0.5,17,15
32,3.60778,ga_tcheby_proxy,mesh9,3,7,0,"[3-6-7]",2,42,3.21103,0.97,0.0153846,2,0.5,18,15
33,3.61262,ga_tcheby_proxy,mesh9,5,2,1,"[]",0,0,0,0,0,0,0.5,18,16
34,3.62258,ga_tcheby_proxy,mesh9,6,4,1,"[]",0,0,0,0,0,0,0.5,18,17
35,3.66761,ga_tcheby_proxy,mesh9,0,6,1,"[]",0,0,0,0,0,0,0.5,18,18
36,3.68789,ga_tcheby_proxy,mesh9,3,6,1,"[]",0,0,0,0,0,0,0.5,18,19
37,3.72524,ga_tcheby_proxy,mesh9,5,8,1,"[]",0,0,0,0,0,0,0.5,18,20
38,3.89608,ga_tcheby_proxy,mesh9,5,7,0,"[5-8-7]",2,42,3.21103,0.97,0.0153846,2,0.5,19,20
39,4.38636,ga_tcheby_proxy,mesh9,2,0,0,"[2-1-0]",2,44,3.22898,0.97,0,2,0.5,20,20
40,4.69724,ga_tcheby_proxy,mesh9,0,1,0,"[0-1]",1,22,1.61449,0.97,0,1,0.5,21,20
41,4.71033,ga_tcheby_proxy,mesh9,5,7,1,"[]",0,0,0,0,0,0,0.5,21,21
42,4.73789,ga_tcheby_proxy,mesh9,3,7,1,"[]",0,0,0,0,0,0,0.5,21,22
43,4.83158,ga_tcheby_proxy,mesh9,2,8,0,"[2-5-8]",2,40,3.19307,0.975,0.0229008,2,0.5,22,22
44,4.8364,ga_tcheby_proxy,mesh9,4,8,1,"[]",0,0,0,0,0,0,0.5,22,23
45,4.85785,ga_tcheby_proxy,mesh9,2,0,1,"[]",0,0,0,0,0,0,0.5,22,24
46,5.14253,ga_tcheby_proxy,mesh9,4,6,0,"[4-7-6]",2,42,3.21103,0.97,0.0153846,2,0.5,23,24
47,5.18044,ga_tcheby_proxy,mesh9,4,7,1,"[]",0,0,0,0,0,0,0.5,23,25
48,5.20959,ga_tcheby_proxy,mesh9,5,8,1,"[]",0,0,0,0,0,0,0.5,23,26
49,5.2458,ga_tcheby_proxy,mesh9,4,0,1,"[]",0,0,0,0,0,0,0.5,23,27
50,5.35029,ga_tcheby_proxy,mesh9,6,1,0,"[6-3-0-1]",3,62,4.80756,0.97,0.00775194,3,0.5,24,27
51,5.3606,ga_tcheby_proxy,mesh9,0,6,1,"[]",0,0,0,0,0,0,0.5,24,28
52,5.39113,ga_tcheby_proxy,mesh9,5,4,1,"[]",0,0,0,0,0,0,0.5,24,29
53,5.46517,ga_tcheby_proxy,mesh9,1,3,0,"[1-0-3]",2,42,3.21103,0.97,0.00775194,2,0.5,25,29
54,5.5871,ga_tcheby_proxy,mesh9,2,4,0,"[2-1-4]",2,42,3.21103,0.97,0.00775194,2,0.5,26,29
55,5.73881,ga_tcheby_proxy,mesh9,6,1,0,"[6-3-0-1]",3,62,4.80756,0.97,0.0153846,3,0.5,27,29
56,5.74159,ga_tcheby_proxy,mesh9,2,6,0,"[2-5-4-3-6]",4,84,6.72766,0.924095,0.0229008,4,0.5,28,29
57,5.82512,ga_tcheby_proxy,mesh9,2,7,0,"[2-1-4-7]",3,62,4.80756,0.97,0.0153846,3,0.5,29,29
58,5.84857,ga_tcheby_proxy,mesh9,7,8,1,"[]",0,0,0,0,0,0,0.5,29,30
59,6.00474,ga_tcheby_proxy,mesh9,6,2,0,"[6-3-4-1-2]",4,84,6.42205,0.97,0.0153846,4,0.5,30,30
60,6.05464,ga_tcheby_proxy,mesh9,4,6,1,"[]",0,0,0,0,0,0,0.5,30,31
61,6.10192,ga_tcheby_proxy,mesh9,6,4,1,"[]",0,0,0,0,0,0,0.5,30,32
62,6.16543,ga_tcheby_proxy,mesh9,5,2,0,"[5-2]",1,20,1.59654,0.975,0.0153846,1,0.5,31,32
63,6.2091,ga_tcheby_proxy,mesh9,8,6,1,"[]",0,0,0,0,0,0,0.5,31,33
64,6.22462,ga_tcheby_proxy,mesh9,2,4,1,"[]",0,0,0,0,0,0,0.5,31,34
65,6.33047,ga_tcheby_proxy,mesh9,3,2,0,"[3-0-1-2]",3,64,4.82552,0.97,0.0229008,3,0.5,32,34
66,6.3683,ga_tcheby_proxy,mesh9,7,2,1,"[]",0,0,0,0,0,0,0.5,32,35
67,6.37603,ga_tcheby_proxy,mesh9,6,5,1,"[]",0,0,0,0,0,0,0.5,32,36
68,6.44652,ga_tcheby_proxy,mesh9,3,0,0,"[3-0]",1,20,1.59654,0.975,0.0229008,1,0.5,33,36
69,6.49701,ga_tcheby_proxy,mesh9,2,1,1,"[]",0,0,0,0,0,0,0.5,33,37
70,6.56863,ga_tcheby_proxy,mesh9,0,5,0,"[0-3-4-5]",3,64,4.86333,0.946847,0.0229008,3,0.5,34,37
71,6.83402,ga_tcheby_proxy,mesh9,0,2,0,"[0-1-2]",2,44,3.22898,0.97,0.030303,2,0.5,35,37
72,6.92254,ga_tcheby_proxy,mesh9,5,6,0,"[5-4-7-6]",3,64,4.82552,0.97,0.0229008,3,0.5,36,37
73,6.9634,ga_tcheby_proxy,mesh9,4,5,1,"[]",0,0,0,0,0,0,0.5,36,38
74,6.98756,ga_tcheby_proxy,mesh9,4,8,1,"[]",0,0,0,0,0,0,0.5,36,39
75,7.00154,ga_tcheby_proxy,mesh9,5,7,1,"[]",0,0,0,0,0,0,0.5,36,40
76,7.21437,ga_tcheby_proxy,mesh9,0,5,0,"[0-3-4-5]",3,64,4.82552,0.97,0.030303,3,0.5,37,40
77,7.2285,ga_tcheby_proxy,mesh9,5,2,1,"[]",0,0,0,0,0,0,0.5,37,41
78,7.42698,ga_tcheby_proxy,mesh9,4,5,0,"[4-5]",1,22,1.61449,0.97,0.037594,1,0.5,38,41
79,7.48353,ga_tcheby_proxy,mesh9,5,6,1,"[]",0,0,0,0,0,0,0.5,38,42
80,7.88736,ga_tcheby_proxy,mesh9,6,3,0,"[6-3]",1,20,1.59654,0.975,0.0229008,1,0.5,39,42
81,7.97985,ga_tcheby_proxy,mesh9,7,1,0,"[7-4-1]",2,40,3.19307,0.975,0.0153846,2,0.5,40,42
82,8.00127,ga_tcheby_proxy,mesh9,8,3,1,"[]",0,0,0,0,0,0,0.5,40,43
83,8.27879,ga_tcheby_proxy,mesh9,8,5,0,"[8-5]",1,20,1.59654,0.975,0,1,0.5,41,43
84,8.36585,ga_tcheby_proxy,mesh9,5,0,0,"[5-2-1-0]",3,64,4.82552,0.97,0.0229008,3,0.5,42,43
85,8.37759,ga_tcheby_proxy,mesh9,4,2,1,"[]",0,0,0,0,0,0,0.5,42,44
86,8.5178,ga_tcheby_proxy,mesh9,8,4,0,"[8-7-4]",2,42,3.21103,0.97,0.0229008,2,0.5,43,44
87,8.60125,ga_tcheby_proxy,mesh9,7,1,0,"[7-4-1]",2,40,3.19307,0.975,0.030303,2,0.5,44,44
88,8.88222,ga_tcheby_proxy,mesh9,8,7,0,"[8-7]",1,22,1.61449,0.97,0.0229008,1,0.5,45,44
89,8.91961,ga_tcheby_proxy,mesh9,2,7,1,"[]",0,0,0,0,0,0,0.5,45,45
90,8.94549,ga_tcheby_proxy,mesh9,6,8,1,"[]",0,0,0,0,0,0,0.5,45,46
91,9.08379,ga_tcheby_proxy,mesh9,2,4,0,"[2-1-4]",2,42,3.21103,0.97,0.030303,2,0.5,46,46
92,9.22996,ga_tcheby_proxy,mesh9,7,8,0,"[7-8]",1,22,1.61449,0.97,0.00775194,1,0.5,47,46
93,9.28968,ga_tcheby_proxy,mesh9,8,3,1,"[]",0,0,0,0,0,0,0.5,47,47
94,9.29063,ga_tcheby_proxy,mesh9,2,5,1,"[]",0,0,0,0,0,0,0.5,47,48
95,9.29238,ga_tcheby_proxy,mesh9,2,1,1,"[]",0,0,0,0,0,0,0.5,47,49
96,9.41185,ga_tcheby_proxy,mesh9,3,6,0,"[3-6]",1,20,1.59654,0.975,0.030303,1,0.5,48,49
97,9.48494,ga_tcheby_proxy,mesh9,1,8,0,"[1-2-5-8]",3,62,4.83468,0.953286,0.037594,3,0.5,49,49
98,9.496,ga_tcheby_proxy,mesh9,0,6,1,"[]",0,0,0,0,0,0,0.5,49,50
99,9.71169,ga_tcheby_proxy,mesh9,3,2,0,"[3-0-1-2]",3,64,4.82552,0.97,0.0447761,3,0.5,50,50
100,9.7797,ga_tcheby_proxy,mesh9,8,6,1,"[]",0,0,0,0,0,0,0.5,50,51
101,9.83742,ga_tcheby_proxy,mesh9,0,6,1,"[]",0,0,0,0,0,0,0.5,50,52
102,10.1174,ga_tcheby_proxy,mesh9,7,0,0,"[7-4-3-0]",3,62,4.80756,0.97,0.037594,3,0.5,51,52
103,10.1351,ga_tcheby_proxy,mesh9,6,5,1,"[]",0,0,0,0,0,0,0.5,51,53
104,10.4848,ga_tcheby_proxy,mesh9,7,8,0,"[7-8]",1,22,1.61449,0.97,0.0153846,1,0.5,52,53
105,10.5049,ga_tcheby_proxy,mesh9,0,2,1,"[]",0,0,0,0,0,0,0.5,52,54
106,10.532,ga_tcheby_proxy,mesh9,8,5,1,"[]",0,0,0,0,0,0,0.5,52,55
107,10.5691,ga_tcheby_proxy,mesh9,1,4,1,"[]",0,0,0,0,0,0,0.5,52,56
108,10.6126,ga_tcheby_proxy,mesh9,4,1,1,"[]",0,0,0,0,0,0,0.5,52,57
109,10.6597,ga_tcheby_proxy,mesh9,5,7,1,"[]",0,0,0,0,0,0,0.5,52,58
110,10.7811,ga_tcheby_proxy,mesh9,6,2,0,"[6-7-8-5-2]",4,84,6.42205,0.97,0.030303,4,0.5,53,58
111,11.0279,ga_tcheby_proxy,mesh9,7,3,0,"[7-6-3]",2,42,3.21103,0.97,0.030303,2,0.5,54,58
112,11.0674,ga_tcheby_proxy,mesh9,3,8,1,"[]",0,0,0,0,0,0,0.5,54,59
113,11.0953,ga_tcheby_proxy,mesh9,8,1,1,"[]",0,0,0,0,0,0,0.5,54,60
114,11.0967,ga_tcheby_proxy,mesh9,1,0,1,"[]",0,0,0,0,0,0,0.5,54,61
115,11.1276,ga_tcheby_proxy,mesh9,5,2,1,"[]",0,0,0,0,0,0,0.5,54,62
116,11.5568,ga_tcheby_proxy,mesh9,5,4,0,"[5-4]",1,22,1.61449,0.97,0.030303,1,0.5,55,62
117,11.6715,ga_tcheby_proxy,mesh9,3,6,0,"[3-6]",1,20,1.59654,0.975,0.037594,1,0.5,56,62
118,11.9285,ga_tcheby_proxy,mesh9,4,2,0,"[4-5-2]",2,42,3.21103,0.97,0.0447761,2,0.5,57,62
119,12.0041,ga_tcheby_proxy,mesh9,0,4,0,"[0-1-4]",2,42,3.21103,0.97,0.0447761,2,0.5,58,62
120,12.1238,ga_tcheby_proxy,mesh9,0,8,0,"[0-3-4-7-8]",4,84,6.42205,0.97,0.037594,4,0.5,59,62
121,12.1242,ga_tcheby_proxy,mesh9,5,6,0,"[5-8-7-6]",3,64,4.85796,0.963225,0.0378788,3,0.5,60,62
122,12.1336,ga_tcheby_proxy,mesh9,5,4,1,"[]",0,0,0,0,0,0,0.5,60,63
123,12.2886,ga_tcheby_proxy,mesh9,4,3,0,"[4-3]",1,22,1.61449,0.97,0.030303,1,0.5,61,63
124,12.5068,ga_tcheby_proxy,mesh9,2,3,0,"[2-1-4-3]",3,64,4.82552,0.97,0.037594,3,0.5,62,63
125,12.5254,ga_tcheby_proxy,mesh9,4,7,1,"[]",0,0,0,0,0,0,0.5,62,64
126,12.567,ga_tcheby_proxy,mesh9,2,4,1,"[]",0,0,0,0,0,0,0.5,62,65
127,12.5949,ga_tcheby_proxy,mesh9,4,0,1,"[]",0,0,0,0,0,0,0.5,62,66
128,12.8946,ga_tcheby_proxy,mesh9,5,3,0,"[5-4-3]",2,44,3.22898,0.97,0.0447761,2,0.5,63,66
129,12.9042,ga_tcheby_proxy,mesh9,1,2,1,"[]",0,0,0,0,0,0,0.5,63,67
130,12.9889,ga_tcheby_proxy,mesh9,2,6,0,"[2-5-4-7-6]",4,84,6.42205,0.97,0.0447761,4,0.5,64,67
131,13.2135,ga_tcheby_proxy,mesh9,0,8,0,"[0-3-6-7-8]",4,84,6.42205,0.97,0.0447761,4,0.5,65,67
132,13.2481,ga_tcheby_proxy,mesh9,5,6,1,"[]",0,0,0,0,0,0,0.5,65,68
133,13.4458,ga_tcheby_proxy,mesh9,7,4,0,"[7-4]",1,20,1.59654,0.975,0.0447761,1,0.5,66,68
134,13.4678,ga_tcheby_proxy,mesh9,4,3,1,"[]",0,0,0,0,0,0,0.5,66,69
135,13.7125,ga_tcheby_proxy,mesh9,4,3,0,"[4-3]",1,22,1.61449,0.97,0.0518519,1,0.5,67,69
136,13.7653,ga_tcheby_proxy,mesh9,6,5,1,"[]",0,0,0,0,0,0,0.5,67,70
137,13.8031,ga_tcheby_proxy,mesh9,5,1,1,"[]",0,0,0,0,0,0,0.5,67,71
138,13.8135,ga_tcheby_proxy,mesh9,4,1,1,"[]",0,0,0,0,0,0,0.5,67,72
139,13.8266,ga_tcheby_proxy,mesh9,6,8,1,"[]",0,0,0,0,0,0,0.5,67,73
140,14.3185,ga_tcheby_proxy,mesh9,6,4,0,"[6-3-4]",2,42,3.21103,0.97,0.0447761,2,0.5,68,73
141,14.441,ga_tcheby_proxy,mesh9,6,3,0,"[6-3]",1,20,1.59654,0.975,0.0447761,1,0.5,69,73
142,14.4645,ga_tcheby_proxy,mesh9,4,1,1,"[]",0,0,0,0,0,0,0.5,69,74
143,14.5718,ga_tcheby_proxy,mesh9,4,1,0,"[4-1]",1,20,1.59654,0.975,0.030303,1,0.5,70,74
144,14.706,ga_tcheby_proxy,mesh9,4,5,0,"[4-5]",1,22,1.61449,0.97,0.0518519,1,0.5,71,74
145,14.7876,ga_tcheby_proxy,mesh9,3,0,0,"[3-0]",1,20,1.59654,0.975,0.0447761,1,0.5,72,74
146,14.8055,ga_tcheby_proxy,mesh9,1,3,1,"[]",0,0,0,0,0,0,0.5,72,75
147,14.8129,ga_tcheby_proxy,mesh9,5,1,1,"[]",0,0,0,0,0,0,0.5,72,76
148,15.0022,ga_tcheby_proxy,mesh9,5,7,0,"[5-8-7]",2,42,3.21103,0.97,0.0447761,2,0.5,73,76
149,15.114,ga_tcheby_proxy,mesh9,3,7,0,"[3-4-7]",2,42,3.21103,0.97,0.0518519,2,0.5,74,76
150,15.1714,ga_tcheby_proxy,mesh9,1,5,1,"[]",0,0,0,0,0,0,0.5,74,77
151,15.2003,ga_tcheby_proxy,mesh9,7,0,1,"[]",0,0,0,0,0,0,0.5,74,78
152,15.2815,ga_tcheby_proxy,mesh9,7,5,0,"[7-8-5]",2,42,3.21103,0.97,0.0447761,2,0.5,75,78
153,15.4241,ga_tcheby_proxy,mesh9,3,8,0,"[3-6-7-8]",3,64,4.82552,0.97,0.0518519,3,0.5,76,78
154,15.4915,ga_tcheby_proxy,mesh9,4,5,0,"[4-5]",1,22,1.73399,0.900422,0.0588235,1,0.5,77,78
155,15.5182,ga_tcheby_proxy,mesh9,6,0,1,"[]",0,0,0,0,0,0,0.5,77,79
156,15.6444,ga_tcheby_proxy,mesh9,1,6,0,"[1-4-7-6]",3,62,4.80756,0.97,0.0518519,3,0.5,78,79
157,15.7849,ga_tcheby_proxy,mesh9,7,5,0,"[7-8-5]",2,42,3.21103,0.97,0.0588235,2,0.5,79,79
158,15.816,ga_tcheby_proxy,mesh9,2,5,1,"[]",0,0,0,0,0,0,0.5,79,80
159,15.8408,ga_tcheby_proxy,mesh9,6,7,1,"[]",0,0,0,0,0,0,0.5,79,81
160,16.1512,ga_tcheby_proxy,mesh9,4,0,0,"[4-1-0]",2,42,3.21103,0.97,0.037594,2,0.5,80,81
161,16.2371,ga_tcheby_proxy,mesh9,7,3,0,"[7-6-3]",2,42,3.21103,0.97,0.0588235,2,0.5,81,81
162,16.4845,ga_tcheby_proxy,mesh9,8,1,0,"[8-5-2-1]",3,62,4.80756,0.97,0.0447761,3,0.5,82,81
163,16.6591,ga_tcheby_proxy,mesh9,1,0,0,"[1-0]",1,22,1.61449,0.97,0.030303,1,0.5,83,81
164,16.6999,ga_tcheby_proxy,mesh9,5,2,1,"[]",0,0,0,0,0,0,0.5,83,82
165,16.7836,ga_tcheby_proxy,mesh9,0,3,0,"[0-3]",1,20,1.59654,0.975,0.037594,1,0.5,84,82
166,16.8845,ga_tcheby_proxy,mesh9,3,1,0,"[3-0-1]",2,42,3.21103,0.97,0.0518519,2,0.5,85,82
167,17.0144,ga_tcheby_proxy,mesh9,3,5,0,"[3-4-5]",2,44,3.22898,0.97,0.0656934,2,0.5,86,82
168,17.1402,ga_tcheby_proxy,mesh9,0,6,0,"[0-3-6]",2,40,3.19307,0.975,0.0588235,2,0.5,87,82
169,17.1808,ga_tcheby_proxy,mesh9,3,5,1,"[]",0,0,0,0,0,0,0.5,87,83
170,17.2831,ga_tcheby_proxy,mesh9,6,3,0,"[6-3]",1,20,1.59654,0.975,0.0588235,1,0.5,88,83
171,17.2924,ga_tcheby_proxy,mesh9,4,3,1,"[]",0,0,0,0,0,0,0.5,88,84
172,17.3099,ga_tcheby_proxy,mesh9,8,7,1,"[]",0,0,0,0,0,0,0.5,88,85
173,17.3276,ga_tcheby_proxy,mesh9,0,1,1,"[]",0,0,0,0,0,0,0.5,88,86
174,17.3848,ga_tcheby_proxy,mesh9,6,5,1,"[]",0,0,0,0,0,0,0.5,88,87
175,17.4248,ga_tcheby_proxy,mesh9,5,0,1,"[]",0,0,0,0,0,0,0.5,88,88
176,17.5727,ga_tcheby_proxy,mesh9,3,4,0,"[3-4]",1,22,1.61449,0.97,0.0656934,1,0.5,89,88
177,17.5911,ga_tcheby_proxy,mesh9,5,7,1,"[]",0,0,0,0,0,0,0.5,89,89
178,17.6197,ga_tcheby_proxy,mesh9,1,4,1,"[]",0,0,0,0,0,0,0.5,89,90
179,17.7007,ga_tcheby_proxy,mesh9,4,0,0,"[4-1-0]",2,42,3.21103,0.97,0.0447761,2,0.5,90,90
180,17.7526,ga_tcheby_proxy,mesh9,5,3,1,"[]",0,0,0,0,0,0,0.5,90,91
181,17.7618,ga_tcheby_proxy,mesh9,5,8,1,"[]",0,0,0,0,0,0,0.5,90,92
182,17.7625,ga_tcheby_proxy,mesh9,8,5,1,"[]",0,0,0,0,0,0,0.5,90,93
183,17.7629,ga_tcheby_proxy,mesh9,3,5,1,"[]",0,0,0,0,0,0,0.5,90,94
184,17.7739,ga_tcheby_proxy,mesh9,7,4,1,"[]",0,0,0,0,0,0,0.5,90,95
185,17.8718,ga_tcheby_proxy,mesh9,7,6,0,"[7-6]",1,22,1.61449,0.97,0.0656934,1,0.5,91,95
186,17.9685,ga_tcheby_proxy,mesh9,5,8,0,"[5-8]",1,20,1.59654,0.975,0.0518519,1,0.5,92,95
187,18.0543,ga_tcheby_proxy,mesh9,6,4,0,"[6-7-4]",2,42,3.21103,0.97,0.0518519,2,0.5,93,95
188,18.073,ga_tcheby_proxy,mesh9,4,0,1,"[]",0,0,0,0,0,0,0.5,93,96
189,18.2346,ga_tcheby_proxy,mesh9,6,2,0,"[6-7-4-1-2]",4,84,6.42205,0.97,0.0588235,4,0.5,94,96
190,18.676,ga_tcheby_proxy,mesh9,0,6,0,"[0-3-6]",2,40,3.19307,0.975,0.0656934,2,0.5,95,96
191,18.7456,ga_tcheby_proxy,mesh9,6,1,0,"[6-3-0-1]",3,62,4.80756,0.97,0.0656934,3,0.5,96,96
192,18.8442,ga_tcheby_proxy,mesh9,1,7,0,"[1-4-7]",2,40,3.19307,0.975,0.0588235,2,0.5,97,96
193,18.8527,ga_tcheby_proxy,mesh9,4,8,1,"[]",0,0,0,0,0,0,0.5,97,97
194,18.8619,ga_tcheby_proxy,mesh9,5,3,1,"[]",0,0,0,0,0,0,0.5,97,98
195,18.9041,ga_tcheby_proxy,mesh9,6,7,1,"[]",0,0,0,0,0,0,0.5,97,99
196,19.1658,ga_tcheby_proxy,mesh9,0,3,0,"[0-3]",1,20,1.59654,0.975,0.0588235,1,0.5,98,99
197,19.2692,ga_tcheby_proxy,mesh9,7,1,0,"[7-4-1]",2,40,3.19307,0.975,0.0656934,2,0.5,99,99
198,19.4438,ga_tcheby_proxy,mesh9,1,5,0,"[1-2-5]",2,42,3.21103,0.97,0.0588235,2,0.5,100,99
199,19.614,ga_tcheby_proxy,mesh9,4,5,0,"[4-5]",1,22,1.61449,0.97,0.0724638,1,0.5,101,99
200,19.8307,ga_tcheby_proxy,mesh9,8,7,0,"[8-7]",1,22,1.61449,0.97,0.0447761,1,0.5,102,99
201,19.9765,ga_tcheby_proxy,mesh9,6,5,0,"[6-7-8-5]",3,64,4.82552,0.97,0.0656934,3,0.5,103,99
202,19.9885,ga_tcheby_proxy,mesh9,2,6,1,"[]",0,0,0,0,0,0,0.5,103,100
203,20.2859,ga_tcheby_proxy,mesh9,2,1,0,"[2-1]",1,22,1.61449,0.97,0.0518519,1,0.5,104,100
204,20.3619,ga_tcheby_proxy,mesh9,6,7,0,"[6-7]",1,22,1.65155,0.947298,0.0656934,1,0.5,105,100
205,20.3927,ga_tcheby_proxy,mesh9,2,3,1,"[]",0,0,0,0,0,0,0.5,105,101
206,20.4182,ga_tcheby_proxy,mesh9,7,1,1,"[]",0,0,0,0,0,0,0.5,105,102
207,20.4645,ga_tcheby_proxy,mesh9,3,7,1,"[]",0,0,0,0,0,0,0.5,105,103
208,20.5925,ga_tcheby_proxy,mesh9,7,8,0,"[7-8]",1,22,1.61449,0.97,0.0724638,1,0.5,106,103
209,20.6284,ga_tcheby_proxy,mesh9,4,5,1,"[]",0,0,0,0,0,0,0.5,106,104
210,20.9818,ga_tcheby_proxy,mesh9,5,1,0,"[5-2-1]",2,42,3.21103,0.97,0.0588235,2,0.5,107,104
211,21.0096,ga_tcheby_proxy,mesh9,0,8,1,"[]",0,0,0,0,0,0,0.5,107,105
212,21.075,ga_tcheby_proxy,mesh9,1,8,1,"[]",0,0,0,0,0,0,0.5,107,106
213,21.0979,ga_tcheby_proxy,mesh9,4,7,1,"[]",0,0,0,0,0,0,0.5,107,107
214,21.2169,ga_tcheby_proxy,mesh9,7,0,0,"[7-6-3-0]",3,62,4.80756,0.97,0.0724638,3,0.5,108,107
215,21.4129,ga_tcheby_proxy,mesh9,6,8,0,"[6-7-8]",2,44,3.22898,0.97,0.0791367,2,0.5,109,107
216,21.6172,ga_tcheby_proxy,mesh9,1,8,0,"[1-2-5-8]",3,62,4.80756,0.97,0.0656934,3,0.5,110,107
217,21.6744,ga_tcheby_proxy,mesh9,3,5,1,"[]",0,0,0,0,0,0,0.5,110,108
218,21.7905,ga_tcheby_proxy,mesh9,8,5,0,"[8-5]",1,20,1.59654,0.975,0.0447761,1,0.5,111,108
219,21.9013,ga_tcheby_proxy,mesh9,0,8,0,"[0-1-2-5-8]",4,84,6.42205,0.97,0.0724638,4,0.5,112,108
220,22.1627,ga_tcheby_proxy,mesh9,8,6,0,"[8-7-6]",2,44,3.22898,0.97,0.0791367,2,0.5,113,108
221,22.2299,ga_tcheby_proxy,mesh9,5,1,0,"[5-2-1]",2,42,3.21103,0.97,0.0656934,2,0.5,114,108
222,22.2499,ga_tcheby_proxy,mesh9,5,2,1,"[]",0,0,0,0,0,0,0.5,114,109
223,22.3018,ga_tcheby_proxy,mesh9,5,8,1,"[]",0,0,0,0,0,0,0.5,114,110
224,22.4334,ga_tcheby_proxy,mesh9,4,2,0,"[4-5-2]",2,42,3.21103,0.97,0.0791367,2,0.5,115,110
225,22.4831,ga_tcheby_proxy,mesh9,5,3,1,"[]",0,0,0,0,0,0,0.5,115,111
226,22.774,ga_tcheby_proxy,mesh9,1,0,0,"[1-0]",1,22,1.61449,0.97,0.0447761,1,0.5,116,111
227,22.8949,ga_tcheby_proxy,mesh9,4,5,0,"[4-5]",1,22,1.61449,0.97,0.0857143,1,0.5,117,111
228,22.9603,ga_tcheby_proxy,mesh9,3,1,0,"[3-4-1]",2,42,3.36984,0.91728,0.0724638,2,0.5,118,111
229,23.0875,ga_tcheby_proxy,mesh9,5,3,0,"[5-4-3]",2,44,3.22898,0.97,0.0588235,2,0.5,119,111
230,23.1568,ga_tcheby_proxy,mesh9,8,7,0,"[8-7]",1,22,1.69651,0.921142,0.0588235,1,0.5,120,111
231,23.3408,ga_tcheby_proxy,mesh9,1,0,0,"[1-0]",1,22,1.61449,0.97,0.0518519,1,0.5,121,111
232,23.3808,ga_tcheby_proxy,mesh9,5,8,1,"[]",0,0,0,0,0,0,0.5,121,112
233,23.4549,ga_tcheby_proxy,mesh9,7,5,0,"[7-4-5]",2,42,3.21103,0.97,0.0921986,2,0.5,122,112
234,23.5184,ga_tcheby_proxy,mesh9,6,4,1,"[]",0,0,0,0,0,0,0.5,122,113
235,23.5574,ga_tcheby_proxy,mesh9,0,5,1,"[]",0,0,0,0,0,0,0.5,122,114
236,23.7075,ga_tcheby_proxy,mesh9,8,3,0,"[8-5-4-3]",3,64,4.82552,0.97,0.0656934,3,0.5,123,114
237,23.7886,ga_tcheby_proxy,mesh9,6,7,0,"[6-7]",1,22,1.61449,0.97,0.0791367,1,0.5,124,114
238,23.881,ga_tcheby_proxy,mesh9,5,8,0,"[5-8]",1,20,1.59654,0.975,0.0724638,1,0.5,125,114
239,24.0109,ga_tcheby_proxy,mesh9,4,8,0,"[4-7-8]",2,42,3.21103,0.97,0.0857143,2,0.5,126,114
240,24.0401,ga_tcheby_proxy,mesh9,0,6,1,"[]",0,0,0,0,0,0,0.5,126,115
241,24.0538,ga_tcheby_proxy,mesh9,1,7,1,"[]",0,0,0,0,0,0,0.5,126,116
242,24.1233,ga_tcheby_proxy,mesh9,0,6,0,"[0-3-6]",2,40,3.31794,0.907075,0.0724638,2,0.5,127,116
243,24.1295,ga_tcheby_proxy,mesh9,8,3,1,"[]",0,0,0,0,0,0,0.5,127,117
244,24.3755,ga_tcheby_proxy,mesh9,3,7,0,"[3-4-7]",2,42,3.21103,0.97,0.0791367,2,0.5,128,117
245,24.4471,ga_tcheby_proxy,mesh9,7,1,0,"[7-4-1]",2,40,3.22889,0.952817,0.0791367,2,0.5,129,117
246,24.9835,ga_tcheby_proxy,mesh9,5,2,0,"[5-2]",1,20,1.59654,0.975,0.0724638,1,0.5,130,117
247,25.025,ga_tcheby_proxy,mesh9,4,8,1,"[]",0,0,0,0,0,0,0.5,130,118
248,25.1087,ga_tcheby_proxy,mesh9,2,6,0,"[2-1-4-3-6]",4,84,6.42205,0.97,0.0791367,4,0.5,131,118
249,25.281,ga_tcheby_proxy,mesh9,3,6,0,"[3-6]",1,20,1.59654,0.975,0.0857143,1,0.5,132,118
250,25.3372,ga_tcheby_proxy,mesh9,7,3,1,"[]",0,0,0,0,0,0,0.5,132,119
251,25.3544,ga_tcheby_proxy,mesh9,3,4,1,"[]",0,0,0,0,0,0,0.5,132,120
252,25.3581,ga_tcheby_proxy,mesh9,5,3,1,"[]",0,0,0,0,0,0,0.5,132,121
253,25.3847,ga_tcheby_proxy,mesh9,6,1,1,"[]",0,0,0,0,0,0,0.5,132,122
254,25.3884,ga_tcheby_proxy,mesh9,4,7,1,"[]",0,0,0,0,0,0,0.5,132,123
255,25.713,ga_tcheby_proxy,mesh9,3,4,0,"[3-4]",1,22,1.61449,0.97,0.0857143,1,0.5,133,123
256,25.9618,ga_tcheby_proxy,mesh9,8,5,0,"[8-5]",1,20,1.59654,0.975,0.0588235,1,0.5,134,123
257,26.0696,ga_tcheby_proxy,mesh9,5,8,0,"[5-8]",1,20,1.59654,0.975,0.0791367,1,0.5,135,123
258,26.5247,ga_tcheby_proxy,mesh9,3,2,0,"[3-0-1-2]",3,64,4.82552,0.97,0.0791367,3,0.5,136,123
259,26.576,ga_tcheby_proxy,mesh9,3,1,1,"[]",0,0,0,0,0,0,0.5,136,124
260,26.6455,ga_tcheby_proxy,mesh9,0,2,1,"[]",0,0,0,0,0,0,0.5,136,125
261,26.6468,ga_tcheby_proxy,mesh9,6,8,1,"[]",0,0,0,0,0,0,0.5,136,126
262,26.6644,ga_tcheby_proxy,mesh9,4,5,1,"[]",0,0,0,0,0,0,0.5,136,127
263,26.696,ga_tcheby_proxy,mesh9,1,6,1,"[]",0,0,0,0,0,0,0.5,136,128
264,26.7237,ga_tcheby_proxy,mesh9,6,7,1,"[]",0,0,0,0,0,0,0.5,136,129
265,26.7346,ga_tcheby_proxy,mesh9,5,2,1,"[]",0,0,0,0,0,0,0.5,136,130
266,27.069,ga_tcheby_proxy,mesh9,7,5,0,"[7-8-5]",2,42,3.21103,0.97,0.0921986,2,0.5,137,130
267,27.0854,ga_tcheby_proxy,mesh9,5,7,1,"[]",0,0,0,0,0,0,0.5,137,131
268,27.1163,ga_tcheby_proxy,mesh9,7,3,1,"[]",0,0,0,0,0,0,0.5,137,132
269,27.1883,ga_tcheby_proxy,mesh9,0,4,0,"[0-1-4]",2,42,3.21103,0.97,0.0791367,2,0.5,138,132
270,27.2152,ga_tcheby_proxy,mesh9,1,4,1,"[]",0,0,0,0,0,0,0.5,138,133
271,27.2641,ga_tcheby_proxy,mesh9,8,0,1,"[]",0,0,0,0,0,0,0.5,138,134
272,27.4123,ga_tcheby_proxy,mesh9,6,1,0,"[6-7-4-1]",3,62,4.80756,0.97,0.0857143,3,0.5,139,134
273,27.4604,ga_tcheby_proxy,mesh9,8,6,1,"[]",0,0,0,0,0,0,0.5,139,135
274,27.5467,ga_tcheby_proxy,mesh9,4,6,0,"[4-7-6]",2,42,3.21103,0.97,0.0857143,2,0.5,140,135
275,27.6452,ga_tcheby_proxy,mesh9,6,8,0,"[6-7-8]",2,44,3.22898,0.97,0.0985915,2,0.5,141,135
276,27.7715,ga_tcheby_proxy,mesh9,0,5,0,"[0-1-2-5]",3,64,4.82552,0.97,0.0857143,3,0.5,142,135
277,27.7781,ga_tcheby_proxy,mesh9,2,3,1,"[]",0,0,0,0,0,0,0.5,142,136
278,27.7977,ga_tcheby_proxy,mesh9,5,7,1,"[]",0,0,0,0,0,0,0.5,142,137
279,27.9112,ga_tcheby_proxy,mesh9,6,5,0,"[6-7-4-5]",3,64,4.82552,0.97,0.0985915,3,0.5,143,137
280,27.9185,ga_tcheby_proxy,mesh9,8,4,1,"[]",0,0,0,0,0,0,0.5,143,138
281,27.9303,ga_tcheby_proxy,mesh9,2,7,1,"[]",0,0,0,0,0,0,0.5,143,139
282,28.1087,ga_tcheby_proxy,mesh9,7,0,0,"[7-6-3-0]",3,62,4.80756,0.97,0.0921986,3,0.5,144,139
283,28.1682,ga_tcheby_proxy,mesh9,2,3,1,"[]",0,0,0,0,0,0,0.5,144,140
284,28.3213,ga_tcheby_proxy,mesh9,0,5,0,"[0-1-2-5]",3,64,4.82552,0.97,0.0921986,3,0.5,145,140
285,28.3638,ga_tcheby_proxy,mesh9,2,8,1,"[]",0,0,0,0,0,0,0.5,145,141
286,28.4971,ga_tcheby_proxy,mesh9,4,8,0,"[4-5-8]",2,42,3.21103,0.97,0.104895,2,0.5,146,141
287,28.6036,ga_tcheby_proxy,mesh9,1,7,0,"[1-4-7]",2,40,3.19307,0.975,0.0857143,2,0.5,147,141
288,28.8645,ga_tcheby_proxy,mesh9,4,6,0,"[4-3-6]",2,42,3.21103,0.97,0.0921986,2,0.5,148,141
289,28.9217,ga_tcheby_proxy,mesh9,1,0,0,"[1-0]",1,22,1.71431,0.911181,0.0588235,1,0.5,149,141
290,28.9722,ga_tcheby_proxy,mesh9,4,3,1,"[]",0,0,0,0,0,0,0.5,149,142
291,29.057,ga_tcheby_proxy,mesh9,6,8,0,"[6-7-8]",2,44,3.22898,0.97,0.104895,2,0.5,150,142
292,29.081,ga_tcheby_proxy,mesh9,8,5,1,"[]",0,0,0,0,0,0,0.5,150,143
293,29.3531,ga_tcheby_proxy,mesh9,7,6,0,"[7-6]",1,22,1.61449,0.97,0.0985915,1,0.5,151,143
294,29.3969,ga_tcheby_proxy,mesh9,6,7,1,"[]",0,0,0,0,0,0,0.5,151,144
295,29.4797,ga_tcheby_proxy,mesh9,8,7,0,"[8-7]",1,22,1.68806,0.925951,0.0656934,1,0.5,152,144
296,29.5138,ga_tcheby_proxy,mesh9,6,5,1,"[]",0,0,0,0,0,0,0.5,152,145
297,29.934,ga_tcheby_proxy,mesh9,5,4,0,"[5-4]",1,22,1.61449,0.97,0.0656934,1,0.5,153,145
298,29.9746,ga_tcheby_proxy,mesh9,0,2,1,"[]",0,0,0,0,0,0,0.5,153,146
299,29.9749,ga_tcheby_proxy,mesh9,2,0,1,"[]",0,0,0,0,0,0,0.5,153,147
300,30.0761,ga_tcheby_proxy,mesh9,5,7,0,"[5-8-7]",2,42,3.21103,0.97,0.0921986,2,0.5,154,147
301,30.3029,ga_tcheby_proxy,mesh9,6,3,0,"[6-3]",1,20,1.59654,0.975,0.0857143,1,0.5,155,147
302,30.6865,ga_tcheby_proxy,mesh9,0,8,0,"[0-1-2-5-8]",4,84,6.42205,0.97,0.0985915,4,0.5,156,147
303,30.8103,ga_tcheby_proxy,mesh9,8,4,0,"[8-5-4]",2,42,3.21103,0.97,0.0724638,2,0.5,157,147
304,30.8707,ga_tcheby_proxy,mesh9,4,7,0,"[4-7]",1,20,1.59654,0.975,0.0921986,1,0.5,158,147
305,30.9222,ga_tcheby_proxy,mesh9,6,7,1,"[]",0,0,0,0,0,0,0.5,158,148
306,31.2734,ga_tcheby_proxy,mesh9,5,6,0,"[5-4-3-6]",3,64,4.82552,0.97,0.0985915,3,0.5,159,148
307,31.2824,ga_tcheby_proxy,mesh9,7,0,1,"[]",0,0,0,0,0,0,0.5,159,149
308,31.3066,ga_tcheby_proxy,mesh9,0,7,1,"[]",0,0,0,0,0,0,0.5,159,150
309,31.5576,ga_tcheby_proxy,mesh9,8,7,0,"[8-7]",1,22,1.61449,0.97,0.0791367,1,0.5,160,150
310,31.723,ga_tcheby_proxy,mesh9,0,5,0,"[0-1-2-5]",3,64,4.82552,0.97,0.104895,3,0.5,161,150
311,31.7741,ga_tcheby_proxy,mesh9,7,3,1,"[]",0,0,0,0,0,0,0.5,161,151
312,31.9514,ga_tcheby_proxy,mesh9,1,2,0,"[1-2]",1,22,1.61449,0.97,0.111111,1,0.5,162,151
313,32.0864,ga_tcheby_proxy,mesh9,5,0,0,"[5-2-1-0]",3,64,4.82552,0.97,0.0791367,3,0.5,163,151
314,32.1198,ga_tcheby_proxy,mesh9,8,2,1,"[]",0,0,0,0,0,0,0.5,163,152
315,32.1615,ga_tcheby_proxy,mesh9,6,7,1,"[]",0,0,0,0,0,0,0.5,163,153
316,32.177,ga_tcheby_proxy,mesh9,0,3,1,"[]",0,0,0,0,0,0,0.5,163,154
317,32.2001,ga_tcheby_proxy,mesh9,4,3,1,"[]",0,0,0,0,0,0,0.5,163,155
318,32.2077,ga_tcheby_proxy,mesh9,6,1,1,"[]",0,0,0,0,0,0,0.5,163,156
319,32.2477,ga_tcheby_proxy,mesh9,2,3,1,"[]",0,0,0,0,0,0,0.5,163,157
320,32.4538,ga_tcheby_proxy,mesh9,6,4,0,"[6-3-4]",2,42,3.21103,0.97,0.0921986,2,0.5,164,157
321,32.5221,ga_tcheby_proxy,mesh9,3,5,0,"[3-6-7-4-5]",4,84,6.42205,0.97,0.111111,4,0.5,165,157
322,32.8061,ga_tcheby_proxy,mesh9,8,5,0,"[8-5]",1,20,1.59654,0.975,0.0791367,1,0.5,166,157
323,32.8229,ga_tcheby_proxy,mesh9,7,8,1,"[]",0,0,0,0,0,0,0.5,166,158
324,32.9062,ga_tcheby_proxy,mesh9,8,1,0,"[8-5-2-1]",3,62,4.80756,0.97,0.0857143,3,0.5,167,158
325,33.0953,ga_tcheby_proxy,mesh9,4,5,0,"[4-5]",1,22,1.61449,0.97,0.117241,1,0.5,168,158
326,33.1607,ga_tcheby_proxy,mesh9,0,7,0,"[0-3-6-7]",3,62,4.82456,0.959452,0.117241,3,0.5,169,158
327,33.2379,ga_tcheby_proxy,mesh9,6,5,0,"[6-3-4-5]",3,64,4.82552,0.97,0.123288,3,0.5,170,158
328,33.2721,ga_tcheby_proxy,mesh9,8,2,1,"[]",0,0,0,0,0,0,0.5,170,159
329,33.3284,ga_tcheby_proxy,mesh9,8,5,1,"[]",0,0,0,0,0,0,0.5,170,160
330,33.4853,ga_tcheby_proxy,mesh9,5,6,0,"[5-8-7-6]",3,64,4.82552,0.97,0.104895,3,0.5,171,160
331,33.5212,ga_tcheby_proxy,mesh9,0,7,1,"[]",0,0,0,0,0,0,0.5,171,161
332,33.8123,ga_tcheby_proxy,mesh9,6,0,0,"[6-3-0]",2,40,3.19307,0.975,0.104895,2,0.5,172,161
333,33.879,ga_tcheby_proxy,mesh9,5,2,0,"[5-2]",1,20,1.59654,0.975,0.0921986,1,0.5,173,161
334,34.0581,ga_tcheby_proxy,mesh9,0,6,0,"[0-3-6]",2,40,3.19307,0.975,0.117241,2,0.5,174,161
335,34.104,ga_tcheby_proxy,mesh9,3,8,1,"[]",0,0,0,0,0,0,0.5,174,162
336,34.2201,ga_tcheby_proxy,mesh9,5,7,0,"[5-4-7]",2,42,3.21103,0.97,0.0985915,2,0.5,175,162
337,34.308,ga_tcheby_proxy,mesh9,7,4,0,"[7-4]",1,20,1.59654,0.975,0.104895,1,0.5,176,162
338,34.4884,ga_tcheby_proxy,mesh9,2,7,0,"[2-1-4-7]",3,62,4.80756,0.97,0.104895,3,0.5,177,162
339,34.5375,ga_tcheby_proxy,mesh9,7,6,1,"[]",0,0,0,0,0,0,0.5,177,163
340,34.54,ga_tcheby_proxy,mesh9,6,8,1,"[]",0,0,0,0,0,0,0.5,177,164
341,34.5542,ga_tcheby_proxy,mesh9,1,4,1,"[]",0,0,0,0,0,0,0.5,177,165
342,34.6209,ga_tcheby_proxy,mesh9,8,1,0,"[8-5-2-1]",3,62,4.80756,0.97,0.0985915,3,0.5,178,165
343,34.7455,ga_tcheby_proxy,mesh9,5,0,0,"[5-4-1-0]",3,64,4.82552,0.97,0.0921986,3,0.5,179,165
344,34.7724,ga_tcheby_proxy,mesh9,8,0,1,"[]",0,0,0,0,0,0,0.5,179,166
345,34.8612,ga_tcheby_proxy,mesh9,5,0,0,"[5-4-3-0]",3,64,4.82552,0.97,0.0985915,3,0.5,180,166
346,34.8635,ga_tcheby_proxy,mesh9,7,8,0,"[7-8]",1,22,1.68029,0.930483,0.112676,1,0.5,181,166
347,34.8675,ga_tcheby_proxy,mesh9,6,5,1,"[]",0,0,0,0,0,0,0.5,181,167
348,34.9061,ga_tcheby_proxy,mesh9,4,6,1,"[]",0,0,0,0,0,0,0.5,181,168
349,34.9074,ga_tcheby_proxy,mesh9,3,5,1,"[]",0,0,0,0,0,0,0.5,181,169
350,35.0004,ga_tcheby_proxy,mesh9,4,5,0,"[4-5]",1,22,1.61449,0.97,0.129252,1,0.5,182,169
351,35.0933,ga_tcheby_proxy,mesh9,3,2,0,"[3-0-1-2]",3,64,4.82552,0.97,0.117241,3,0.5,183,169
352,35.1642,ga_tcheby_proxy,mesh9,2,7,0,"[2-5-4-7]",3,62,4.80756,0.97,0.111111,3,0.5,184,169
353,35.333,ga_tcheby_proxy,mesh9,8,0,0,"[8-5-2-1-0]",4,84,6.42205,0.97,0.104895,4,0.5,185,169
354,35.3987,ga_tcheby_proxy,mesh9,6,0,0,"[6-3-0]",2,40,3.19307,0.975,0.111111,2,0.5,186,169
355,35.6638,ga_tcheby_proxy,mesh9,6,0,0,"[6-3-0]",2,40,3.19307,0.975,0.117241,2,0.5,187,169
356,35.7213,ga_tcheby_proxy,mesh9,8,2,1,"[]",0,0,0,0,0,0,0.5,187,170
357,35.8709,ga_tcheby_proxy,mesh9,6,7,0,"[6-7]",1,22,1.61449,0.97,0.123288,1,0.5,188,170
358,36.1159,ga_tcheby_proxy,mesh9,5,3,0,"[5-4-3]",2,44,3.22898,0.97,0.111111,2,0.5,189,170
359,36.3644,ga_tcheby_proxy,mesh9,7,1,0,"[7-4-1]",2,40,3.19307,0.975,0.111111,2,0.5,190,170
360,36.5171,ga_tcheby_proxy,mesh9,8,6,0,"[8-7-6]",2,44,3.22898,0.97,0.111111,2,0.5,191,170
361,36.5252,ga_tcheby_proxy,mesh9,5,4,1,"[]",0,0,0,0,0,0,0.5,191,171
362,36.5966,ga_tcheby_proxy,mesh9,6,0,0,"[6-3-0]",2,40,3.19307,0.975,0.123288,2,0.5,192,171
363,36.6192,ga_tcheby_proxy,mesh9,7,1,1,"[]",0,0,0,0,0,0,0.5,192,172
364,36.6746,ga_tcheby_proxy,mesh9,4,7,0,"[4-7]",1,20,1.71695,0.904228,0.117241,1,0.5,193,172
365,36.7969,ga_tcheby_proxy,mesh9,0,5,0,"[0-1-2-5]",3,64,4.82552,0.97,0.123288,3,0.5,194,172
366,36.9571,ga_tcheby_proxy,mesh9,6,8,0,"[6-7-8]",2,44,3.22898,0.97,0.129252,2,0.5,195,172
367,37.1362,ga_tcheby_proxy,mesh9,8,0,0,"[8-5-2-1-0]",4,84,6.42205,0.97,0.111111,4,0.5,196,172
368,37.1747,ga_tcheby_proxy,mesh9,6,4,1,"[]",0,0,0,0,0,0,0.5,196,173
369,37.4165,ga_tcheby_proxy,mesh9,8,3,0,"[8-5-4-3]",3,64,4.82552,0.97,0.117241,3,0.5,197,173
370,37.4195,ga_tcheby_proxy,mesh9,0,1,0,"[0-1]",1,22,1.69684,0.920959,0.123288,1,0.5,198,173
371,37.4647,ga_tcheby_proxy,mesh9,5,3,1,"[]",0,0,0,0,0,0,0.5,198,174
372,37.5775,ga_tcheby_proxy,mesh9,4,1,0,"[4-1]",1,20,1.59654,0.975,0.0985915,1,0.5,199,174
373,37.6123,ga_tcheby_proxy,mesh9,5,7,1,"[]",0,0,0,0,0,0,0.5,199,175
374,37.9976,ga_tcheby_proxy,mesh9,2,4,0,"[2-1-4]",2,42,3.21103,0.97,0.117241,2,0.5,200,175
375,38.0162,ga_tcheby_proxy,mesh9,8,1,1,"[]",0,0,0,0,0,0,0.5,200,176
376,38.0474,ga_tcheby_proxy,mesh9,4,2,1,"[]",0,0,0,0,0,0,0.5,200,177
377,38.0623,ga_tcheby_proxy,mesh9,1,7,1,"[]",0,0,0,0,0,0,0.5,200,178
378,38.1163,ga_tcheby_proxy,mesh9,3,4,1,"[]",0,0,0,0,0,0,0.5,200,179
379,38.2349,ga_tcheby_proxy,mesh9,3,6,0,"[3-6]",1,20,1.59654,0.975,0.123288,1,0.5,201,179
380,38.2641,ga_tcheby_proxy,mesh9,8,5,1,"[]",0,0,0,0,0,0,0.5,201,180
381,38.2771,ga_tcheby_proxy,mesh9,5,2,1,"[]",0,0,0,0,0,0,0.5,201,181
382,38.2857,ga_tcheby_proxy,mesh9,0,3,1,"[]",0,0,0,0,0,0,0.5,201,182
383,38.3043,ga_tcheby_proxy,mesh9,0,3,1,"[]",0,0,0,0,0,0,0.5,201,183
384,38.6483,ga_tcheby_proxy,mesh9,7,1,0,"[7-4-1]",2,40,3.19307,0.975,0.117241,2,0.5,202,183
385,38.661,ga_tcheby_proxy,mesh9,7,4,1,"[]",0,0,0,0,0,0,0.5,202,184
386,38.9108,ga_tcheby_proxy,mesh9,5,8,0,"[5-8]",1,20,1.59654,0.975,0.111111,1,0.5,203,184
387,39.1337,ga_tcheby_proxy,mesh9,2,1,0,"[2-1]",1,22,1.61449,0.97,0.123288,1,0.5,204,184
388,39.2482,ga_tcheby_proxy,mesh9,2,1,0,"[2-1]",1,22,1.61449,0.97,0.129252,1,0.5,205,184
389,39.335,ga_tcheby_proxy,mesh9,8,5,0,"[8-5]",1,20,1.59654,0.975,0.117241,1,0.5,206,184
390,39.4048,ga_tcheby_proxy,mesh9,7,5,0,"[7-4-5]",2,42,3.21103,0.97,0.135135,2,0.5,207,184
391,39.4288,ga_tcheby_proxy,mesh9,0,7,1,"[]",0,0,0,0,0,0,0.5,207,185
392,39.4501,ga_tcheby_proxy,mesh9,5,7,1,"[]",0,0,0,0,0,0,0.5,207,186
393,39.6173,ga_tcheby_proxy,mesh9,0,6,0,"[0-3-6]",2,40,3.19307,0.975,0.129252,2,0.5,208,186
394,39.765,ga_tcheby_proxy,mesh9,0,6,0,"[0-3-6]",2,40,3.19307,0.975,0.135135,2,0.5,209,186
395,39.8904,ga_tcheby_proxy,mesh9,4,0,0,"[4-1-0]",2,42,3.21103,0.97,0.111111,2,0.5,210,186
396,39.9158,ga_tcheby_proxy,mesh9,0,3,1,"[]",0,0,0,0,0,0,0.5,210,187
397,39.9234,ga_tcheby_proxy,mesh9,1,8,1,"[]",0,0,0,0,0,0,0.5,210,188
398,40.1677,ga_tcheby_proxy,mesh9,5,8,0,"[5-8]",1,20,1.59654,0.975,0.117241,1,0.5,211,188
399,40.189,ga_tcheby_proxy,mesh9,0,1,1,"[]",0,0,0,0,0,0,0.5,211,189
400,40.25,ga_tcheby_proxy,mesh9,1,4,1,"[]",0,0,0,0,0,0,0.5,211,190
401,40.2717,ga_tcheby_proxy,mesh9,3,6,1,"[]",0,0,0,0,0,0,0.5,211,191
402,40.2889,ga_tcheby_proxy,mesh9,1,5,1,"[]",0,0,0,0,0,0,0.5,211,192
403,40.5621,ga_tcheby_proxy,mesh9,5,0,0,"[5-4-3-0]",3,64,4.82552,0.97,0.123288,3,0.5,212,192
404,40.5656,ga_tcheby_proxy,mesh9,6,0,0,"[6-3-0]",2,40,3.38478,0.916102,0.135714,2,0.5,213,192
405,40.568,ga_tcheby_proxy,mesh9,1,6,1,"[]",0,0,0,0,0,0,0.5,213,193
406,40.7434,ga_tcheby_proxy,mesh9,8,3,0,"[8-5-4-3]",3,64,4.82552,0.97,0.129252,3,0.5,214,193
407,41.1826,ga_tcheby_proxy,mesh9,6,1,0,"[6-7-4-1]",3,62,4.80756,0.97,0.135135,3,0.5,215,193
408,41.4045,ga_tcheby_proxy,mesh9,2,3,0,"[2-1-4-3]",3,64,4.82552,0.97,0.135135,3,0.5,216,193
409,41.4338,ga_tcheby_proxy,mesh9,4,7,1,"[]",0,0,0,0,0,0,0.5,216,194
410,41.713,ga_tcheby_proxy,mesh9,6,5,0,"[6-7-4-5]",3,64,4.82552,0.97,0.14094,3,0.5,217,194
411,41.8602,ga_tcheby_proxy,mesh9,8,4,0,"[8-5-4]",2,42,3.21103,0.97,0.135135,2,0.5,218,194
412,41.9951,ga_tcheby_proxy,mesh9,7,2,0,"[7-8-5-2]",3,62,4.80756,0.97,0.135135,3,0.5,219,194
413,42.0084,ga_tcheby_proxy,mesh9,1,3,1,"[]",0,0,0,0,0,0,0.5,219,195
414,42.3633,ga_tcheby_proxy,mesh9,5,0,0,"[5-2-1-0]",3,64,4.82552,0.97,0.14094,3,0.5,220,195
415,42.4671,ga_tcheby_proxy,mesh9,7,2,0,"[7-8-5-2]",3,62,4.80756,0.97,0.14094,3,0.5,221,195
416,42.4743,ga_tcheby_proxy,mesh9,8,4,1,"[]",0,0,0,0,0,0,0.5,221,196
417,42.5208,ga_tcheby_proxy,mesh9,0,3,1,"[]",0,0,0,0,0,0,0.5,221,197
418,42.686,ga_tcheby_proxy,mesh9,5,3,0,"[5-4-3]",2,44,3.22898,0.97,0.14094,2,0.5,222,197
419,42.7004,ga_tcheby_proxy,mesh9,8,6,1,"[]",0,0,0,0,0,0,0.5,222,198
420,42.7151,ga_tcheby_proxy,mesh9,2,4,1,"[]",0,0,0,0,0,0,0.5,222,199
421,42.9024,ga_tcheby_proxy,mesh9,8,6,0,"[8-7-6]",2,44,3.22898,0.97,0.117241,2,0.5,223,199
422,42.9252,ga_tcheby_proxy,mesh9,2,7,1,"[]",0,0,0,0,0,0,0.5,223,200
423,43.1205,ga_tcheby_proxy,mesh9,4,0,0,"[4-1-0]",2,42,3.21103,0.97,0.123288,2,0.5,224,200
424,43.2292,ga_tcheby_proxy,mesh9,2,8,0,"[2-5-8]",2,40,3.19307,0.975,0.123288,2,0.5,225,200
425,43.2342,ga_tcheby_proxy,mesh9,4,2,1,"[]",0,0,0,0,0,0,0.5,225,201
426,43.9295,ga_tcheby_proxy,mesh9,7,5,0,"[7-8-5]",2,42,3.21103,0.97,0.146667,2,0.5,226,201
427,44.167,ga_tcheby_proxy,mesh9,1,8,0,"[1-2-5-8]",3,62,4.80756,0.97,0.129252,3,0.5,227,201
428,44.1789,ga_tcheby_proxy,mesh9,2,0,1,"[]",0,0,0,0,0,0,0.5,227,202
429,44.1862,ga_tcheby_proxy,mesh9,7,1,1,"[]",0,0,0,0,0,0,0.5,227,203
430,44.4191,ga_tcheby_proxy,mesh9,1,2,0,"[1-2]",1,22,1.61449,0.97,0.135135,1,0.5,228,203
431,44.4691,ga_tcheby_proxy,mesh9,4,2,1,"[]",0,0,0,0,0,0,0.5,228,204
432,44.5264,ga_tcheby_proxy,mesh9,0,3,1,"[]",0,0,0,0,0,0,0.5,228,205
433,44.5599,ga_tcheby_proxy,mesh9,0,5,1,"[]",0,0,0,0,0,0,0.5,228,206
434,44.5718,ga_tcheby_proxy,mesh9,0,3,1,"[]",0,0,0,0,0,0,0.5,228,207
435,44.7064,ga_tcheby_proxy,mesh9,2,3,0,"[2-5-4-3]",3,64,4.82552,0.97,0.146667,3,0.5,229,207
436,44.7173,ga_tcheby_proxy,mesh9,2,1,1,"[]",0,0,0,0,0,0,0.5,229,208
437,44.8031,ga_tcheby_proxy,mesh9,4,6,0,"[4-7-6]",2,42,3.21103,0.97,0.123288,2,0.5,230,208
438,44.8313,ga_tcheby_proxy,mesh9,6,1,1,"[]",0,0,0,0,0,0,0.5,230,209
439,44.8751,ga_tcheby_proxy,mesh9,7,4,1,"[]",0,0,0,0,0,0,0.5,230,210
440,44.8918,ga_tcheby_proxy,mesh9,2,4,1,"[]",0,0,0,0,0,0,0.5,230,211
441,45.0264,ga_tcheby_proxy,mesh9,4,2,0,"[4-1-2]",2,42,3.21103,0.97,0.14094,2,0.5,231,211
442,45.0776,ga_tcheby_proxy,mesh9,4,2,1,"[]",0,0,0,0,0,0,0.5,231,212
443,45.0943,ga_tcheby_proxy,mesh9,8,0,1,"[]",0,0,0,0,0,0,0.5,231,213
444,45.2018,ga_tcheby_proxy,mesh9,0,3,0,"[0-3]",1,20,1.59654,0.975,0.0985915,1,0.5,232,213
445,45.2716,ga_tcheby_proxy,mesh9,8,2,0,"[8-5-2]",2,40,3.19307,0.975,0.152318,2,0.5,233,213
446,45.3928,ga_tcheby_proxy,mesh9,0,1,0,"[0-1]",1,22,1.61449,0.97,0.129252,1,0.5,234,213
447,45.8392,ga_tcheby_proxy,mesh9,5,2,0,"[5-2]",1,20,1.59654,0.975,0.14094,1,0.5,235,213
448,45.8552,ga_tcheby_proxy,mesh9,0,2,1,"[]",0,0,0,0,0,0,0.5,235,214
449,45.9016,ga_tcheby_proxy,mesh9,3,2,1,"[]",0,0,0,0,0,0,0.5,235,215
450,46.1392,ga_tcheby_proxy,mesh9,1,6,0,"[1-4-7-6]",3,62,4.80756,0.97,0.129252,3,0.5,236,215
451,46.3988,ga_tcheby_proxy,mesh9,4,0,0,"[4-1-0]",2,42,3.21103,0.97,0.135135,2,0.5,237,215
452,46.4642,ga_tcheby_proxy,mesh9,1,6,0,"[1-4-7-6]",3,62,4.85054,0.948503,0.135135,3,0.5,238,215
453,46.6034,ga_tcheby_proxy,mesh9,6,4,0,"[6-3-4]",2,42,3.21103,0.97,0.135135,2,0.5,239,215
454,46.7508,ga_tcheby_proxy,mesh9,1,0,0,"[1-0]",1,22,1.61449,0.97,0.117241,1,0.5,240,215
455,46.848,ga_tcheby_proxy,mesh9,2,0,0,"[2-1-0]",2,44,3.22898,0.97,0.146667,2,0.5,241,215
456,46.894,ga_tcheby_proxy,mesh9,6,4,1,"[]",0,0,0,0,0,0,0.5,241,216
457,46.8963,ga_tcheby_proxy,mesh9,1,0,1,"[]",0,0,0,0,0,0,0.5,241,217
458,46.9806,ga_tcheby_proxy,mesh9,6,5,0,"[6-7-4-5]",3,64,4.82552,0.97,0.146667,3,0.5,242,217
459,47.0249,ga_tcheby_proxy,mesh9,4,2,1,"[]",0,0,0,0,0,0,0.5,242,218
460,47.0997,ga_tcheby_proxy,mesh9,2,0,0,"[2-1-0]",2,44,3.22898,0.97,0.152318,2,0.5,243,218
461,47.1259,ga_tcheby_proxy,mesh9,0,1,1,"[]",0,0,0,0,0,0,0.5,243,219
462,47.2,ga_tcheby_proxy,mesh9,3,0,0,"[3-4-1-0]",3,64,4.88626,0.933339,0.14094,3,0.5,244,219
463,47.4528,ga_tcheby_proxy,mesh9,0,7,0,"[0-3-4-7]",3,62,4.80756,0.97,0.14094,3,0.5,245,219
464,47.509,ga_tcheby_proxy,mesh9,4,7,0,"[4-7]",1,20,1.72132,0.901853,0.146667,1,0.5,246,219
465,47.5709,ga_tcheby_proxy,mesh9,2,1,0,"[2-5-8-7-4-1]",5,102,8.26006,0.905759,0.146667,5,0.5,247,219
466,47.5822,ga_tcheby_proxy,mesh9,5,3,1,"[]",0,0,0,0,0,0,0.5,247,220
467,47.7068,ga_tcheby_proxy,mesh9,6,4,0,"[6-3-4]",2,42,3.21103,0.97,0.14094,2,0.5,248,220
468,47.9788,ga_tcheby_proxy,mesh9,2,1,0,"[2-1]",1,22,1.61449,0.97,0.157895,1,0.5,249,220
469,47.9979,ga_tcheby_proxy,mesh9,8,2,1,"[]",0,0,0,0,0,0,0.5,249,221
470,48.1552,ga_tcheby_proxy,mesh9,8,1,0,"[8-7-4-1]",3,62,4.80756,0.97,0.152318,3,0.5,250,221
471,48.1655,ga_tcheby_proxy,mesh9,5,2,1,"[]",0,0,0,0,0,0,0.5,250,222
472,48.5023,ga_tcheby_proxy,mesh9,2,3,0,"[2-5-4-3]",3,64,4.82552,0.97,0.152318,3,0.5,251,222
473,48.5053,ga_tcheby_proxy,mesh9,1,5,0,"[1-2-5]",2,42,3.37353,0.922299,0.146667,2,0.5,252,222
474,48.8502,ga_tcheby_proxy,mesh9,6,5,0,"[6-3-4-5]",3,64,4.82552,0.97,0.152318,3,0.5,253,222
475,48.8618,ga_tcheby_proxy,mesh9,7,2,1,"[]",0,0,0,0,0,0,0.5,253,223
476,48.8682,ga_tcheby_proxy,mesh9,8,5,1,"[]",0,0,0,0,0,0,0.5,253,224
477,48.8704,ga_tcheby_proxy,mesh9,1,8,1,"[]",0,0,0,0,0,0,0.5,253,225
478,48.9136,ga_tcheby_proxy,mesh9,4,7,1,"[]",0,0,0,0,0,0,0.5,253,226
479,48.9431,ga_tcheby_proxy,mesh9,8,0,1,"[]",0,0,0,0,0,0,0.5,253,227
480,48.9751,ga_tcheby_proxy,mesh9,8,6,1,"[]",0,0,0,0,0,0,0.5,253,228
481,48.9888,ga_tcheby_proxy,mesh9,5,8,1,"[]",0,0,0,0,0,0,0.5,253,229
482,49.0037,ga_tcheby_proxy,mesh9,7,4,1,"[]",0,0,0,0,0,0,0.5,253,230
483,49.1536,ga_tcheby_proxy,mesh9,4,5,0,"[4-5]",1,22,1.61449,0.97,0.157895,1,0.5,254,230
484,49.1658,ga_tcheby_proxy,mesh9,8,5,1,"[]",0,0,0,0,0,0,0.5,254,231
485,49.2612,ga_tcheby_proxy,mesh9,4,3,0,"[4-3]",1,22,1.61449,0.97,0.146667,1,0.5,255,231
486,49.3445,ga_tcheby_proxy,mesh9,1,5,0,"[1-2-5]",2,42,3.21103,0.97,0.152318,2,0.5,256,231
487,49.5089,ga_tcheby_proxy,mesh9,0,5,0,"[0-1-2-5]",3,64,4.82552,0.97,0.157895,3,0.5,257,231
488,49.5121,ga_tcheby_proxy,mesh9,0,8,0,"[0-3-4-7-8]",4,84,6.77086,0.917694,0.152318,4,0.5,258,231
489,49.5283,ga_tcheby_proxy,mesh9,1,8,1,"[]",0,0,0,0,0,0,0.5,258,232
490,49.5695,ga_tcheby_proxy,mesh9,4,6,1,"[]",0,0,0,0,0,0,0.5,258,233
491,49.6485,ga_tcheby_proxy,mesh9,1,6,0,"[1-0-3-6]",3,62,4.80756,0.97,0.14094,3,0.5,259,233
492,49.7372,ga_tcheby_proxy,mesh9,8,3,0,"[8-7-6-3]",3,64,4.82552,0.97,0.152318,3,0.5,260,233
493,49.7381,ga_tcheby_proxy,mesh9,1,3,0,"[1-0-3]",2,42,3.26178,0.954238,0.146667,2,0.5,261,233
494,49.9168,ga_tcheby_proxy,mesh9,2,6,0,"[2-5-8-7-6]",4,84,6.42205,0.97,0.146667,4,0.5,262,233
495,50.0404,ga_tcheby_proxy,mesh9,8,7,0,"[8-7]",1,22,1.61449,0.97,0.129252,1,0.5,263,233
496,50.3576,ga_tcheby_proxy,mesh9,4,3,0,"[4-3]",1,22,1.61449,0.97,0.152318,1,0.5,264,233
497,50.4406,ga_tcheby_proxy,mesh9,5,2,0,"[5-2]",1,20,1.59654,0.975,0.146667,1,0.5,265,233
498,50.6397,ga_tcheby_proxy,mesh9,6,2,0,"[6-7-8-5-2]",4,84,6.42205,0.97,0.157895,4,0.5,266,233
499,50.7063,ga_tcheby_proxy,mesh9,3,7,0,"[3-6-7]",2,42,3.28021,0.948723,0.157895,2,0.5,267,233
500,50.849,ga_tcheby_proxy,mesh9,4,7,0,"[4-7]",1,20,1.59654,0.975,0.157895,1,0.5,268,233
501,50.9946,ga_tcheby_proxy,mesh9,6,2,0,"[6-3-0-1-2]",4,84,6.42205,0.97,0.163399,4,0.5,269,233
502,51.0191,ga_tcheby_proxy,mesh9,0,6,1,"[]",0,0,0,0,0,0,0.5,269,234
503,51.0556,ga_tcheby_proxy,mesh9,2,8,1,"[]",0,0,0,0,0,0,0.5,269,235
504,51.1023,ga_tcheby_proxy,mesh9,5,7,1,"[]",0,0,0,0,0,0,0.5,269,236
505,51.1054,ga_tcheby_proxy,mesh9,3,5,1,"[]",0,0,0,0,0,0,0.5,269,237
506,51.1297,ga_tcheby_proxy,mesh9,1,6,1,"[]",0,0,0,0,0,0,0.5,269,238
507,51.2801,ga_tcheby_proxy,mesh9,7,3,0,"[7-4-3]",2,42,3.21103,0.97,0.157895,2,0.5,270,238
508,51.3912,ga_tcheby_proxy,mesh9,0,4,0,"[0-3-4]",2,42,3.21103,0.97,0.14094,2,0.5,271,238
509,51.4141,ga_tcheby_proxy,mesh9,3,5,1,"[]",0,0,0,0,0,0,0.5,271,239
510,51.4715,ga_tcheby_proxy,mesh9,3,4,1,"[]",0,0,0,0,0,0,0.5,271,240
511,51.5507,ga_tcheby_proxy,mesh9,7,6,0,"[7-6]",1,22,1.61449,0.97,0.152318,1,0.5,272,240
512,51.5681,ga_tcheby_proxy,mesh9,7,8,1,"[]",0,0,0,0,0,0,0.5,272,241
513,51.5909,ga_tcheby_proxy,mesh9,2,0,1,"[]",0,0,0,0,0,0,0.5,272,242
514,51.5995,ga_tcheby_proxy,mesh9,3,6,1,"[]",0,0,0,0,0,0,0.5,272,243
515,51.7378,ga_tcheby_proxy,mesh9,7,1,0,"[7-4-1]",2,40,3.19307,0.975,0.163399,2,0.5,273,243
516,51.7577,ga_tcheby_proxy,mesh9,0,5,1,"[]",0,0,0,0,0,0,0.5,273,244
517,51.8157,ga_tcheby_proxy,mesh9,5,1,1,"[]",0,0,0,0,0,0,0.5,273,245
518,51.8271,ga_tcheby_proxy,mesh9,1,4,1,"[]",0,0,0,0,0,0,0.5,273,246
519,51.887,ga_tcheby_proxy,mesh9,7,3,1,"[]",0,0,0,0,0,0,0.5,273,247
520,52.2082,ga_tcheby_proxy,mesh9,4,7,0,"[4-7]",1,20,1.59654,0.975,0.163399,1,0.5,274,247
521,52.3722,ga_tcheby_proxy,mesh9,0,8,0,"[0-3-6-7-8]",4,84,6.42205,0.97,0.163399,4,0.5,275,247
522,52.4503,ga_tcheby_proxy,mesh9,1,5,0,"[1-4-5]",2,42,3.2202,0.969224,0.163399,2,0.5,276,247
523,52.7019,ga_tcheby_proxy,mesh9,7,8,0,"[7-8]",1,22,1.61449,0.97,0.157895,1,0.5,277,247
524,52.9379,ga_tcheby_proxy,mesh9,4,0,0,"[4-1-0]",2,42,3.21103,0.97,0.163399,2,0.5,278,247
525,53.1777,ga_tcheby_proxy,mesh9,5,2,0,"[5-2]",1,20,1.59654,0.975,0.157895,1,0.5,279,247
526,53.2181,ga_tcheby_proxy,mesh9,6,7,1,"[]",0,0,0,0,0,0,0.5,279,248
527,53.358,ga_tcheby_proxy,mesh9,7,8,0,"[7-8]",1,22,1.61449,0.97,0.163399,1,0.5,280,248
528,53.4078,ga_tcheby_proxy,mesh9,2,7,1,"[]",0,0,0,0,0,0,0.5,280,249
529,53.4862,ga_tcheby_proxy,mesh9,1,5,0,"[1-2-5]",2,42,3.21103,0.97,0.168831,2,0.5,281,249
530,53.525,ga_tcheby_proxy,mesh9,5,0,1,"[]",0,0,0,0,0,0,0.5,281,250
531,53.5608,ga_tcheby_proxy,mesh9,4,0,1,"[]",0,0,0,0,0,0,0.5,281,251
532,53.8472,ga_tcheby_proxy,mesh9,2,7,0,"[2-5-8-7]",3,62,4.80756,0.97,0.157895,3,0.5,282,251
533,53.9512,ga_tcheby_proxy,mesh9,7,6,0,"[7-6]",1,22,1.61449,0.97,0.157895,1,0.5,283,251
534,54.0149,ga_tcheby_proxy,mesh9,5,7,1,"[]",0,0,0,0,0,0,0.5,283,252
535,54.1569,ga_tcheby_proxy,mesh9,7,3,0,"[7-6-3]",2,42,3.21103,0.97,0.163399,2,0.5,284,252
536,54.2287,ga_tcheby_proxy,mesh9,1,7,0,"[1-4-7]",2,40,3.19307,0.975,0.168831,2,0.5,285,252
537,54.2422,ga_tcheby_proxy,mesh9,4,5,1,"[]",0,0,0,0,0,0,0.5,285,253
538,54.2654,ga_tcheby_proxy,mesh9,0,6,1,"[]",0,0,0,0,0,0,0.5,285,254
539,54.355,ga_tcheby_proxy,mesh9,2,3,0,"[2-5-4-3]",3,64,4.82552,0.97,0.163399,3,0.5,286,254
540,54.4333,ga_tcheby_proxy,mesh9,3,5,0,"[3-4-5]",2,44,3.22898,0.97,0.168831,2,0.5,287,254
541,54.5189,ga_tcheby_proxy,mesh9,7,5,0,"[7-8-5]",2,42,3.21103,0.97,0.168831,2,0.5,288,254
542,54.5451,ga_tcheby_proxy,mesh9,1,2,1,"[]",0,0,0,0,0,0,0.5,288,255
543,54.6384,ga_tcheby_proxy,mesh9,3,4,0,"[3-4]",1,22,1.61449,0.97,0.152318,1,0.5,289,255
544,54.7398,ga_tcheby_proxy,mesh9,4,8,0,"[4-5-8]",2,42,3.21103,0.97,0.174194,2,0.5,290,255
545,54.7842,ga_tcheby_proxy,mesh9,5,3,1,"[]",0,0,0,0,0,0,0.5,290,256
546,54.9867,ga_tcheby_proxy,mesh9,7,0,0,"[7-6-3-0]",3,62,4.80756,0.97,0.168831,3,0.5,291,256
547,55.1626,ga_tcheby_proxy,mesh9,2,4,0,"[2-1-4]",2,42,3.21103,0.97,0.163399,2,0.5,292,256
548,55.2946,ga_tcheby_proxy,mesh9,8,4,0,"[8-7-4]",2,42,3.21103,0.97,0.168831,2,0.5,293,256
549,55.4005,ga_tcheby_proxy,mesh9,2,4,0,"[2-1-4]",2,42,3.21103,0.97,0.168831,2,0.5,294,256
550,55.4275,ga_tcheby_proxy,mesh9,1,6,1,"[]",0,0,0,0,0,0,0.5,294,257
551,55.757,ga_tcheby_proxy,mesh9,8,7,0,"[8-7]",1,22,1.61449,0.97,0.146667,1,0.5,295,257
552,55.8271,ga_tcheby_proxy,mesh9,0,4,1,"[]",0,0,0,0,0,0,0.5,295,258
553,55.8697,ga_tcheby_proxy,mesh9,6,7,1,"[]",0,0,0,0,0,0,0.5,295,259
554,55.8906,ga_tcheby_proxy,mesh9,8,4,1,"[]",0,0,0,0,0,0,0.5,295,260
555,55.9516,ga_tcheby_proxy,mesh9,5,6,1,"[]",0,0,0,0,0,0,0.5,295,261
556,55.9517,ga_tcheby_proxy,mesh9,2,5,1,"[]",0,0,0,0,0,0,0.5,295,262
557,56.0453,ga_tcheby_proxy,mesh9,5,0,0,"[5-4-1-0]",3,64,4.82552,0.97,0.168831,3,0.5,296,262
558,56.1019,ga_tcheby_proxy,mesh9,0,5,1,"[]",0,0,0,0,0,0,0.5,296,263
559,56.113,ga_tcheby_proxy,mesh9,7,5,1,"[]",0,0,0,0,0,0,0.5,296,264
560,56.2597,ga_tcheby_proxy,mesh9,3,4,0,"[3-4]",1,22,1.61449,0.97,0.157895,1,0.5,297,264
561,56.3247,ga_tcheby_proxy,mesh9,8,0,0,"[8-7-4-1-0]",4,84,6.52634,0.927971,0.174194,4,0.5,298,264
562,56.4917,ga_tcheby_proxy,mesh9,2,5,0,"[2-5]",1,20,1.59654,0.975,0.168831,1,0.5,299,264
563,56.5338,ga_tcheby_proxy,mesh9,4,1,1,"[]",0,0,0,0,0,0,0.5,299,265
564,56.6627,ga_tcheby_proxy,mesh9,4,5,0,"[4-5]",1,22,1.61449,0.97,0.179487,1,0.5,300,265
565,56.7133,ga_tcheby_proxy,mesh9,4,7,1,"[]",0,0,0,0,0,0,0.5,300,266
566,56.8037,ga_tcheby_proxy,mesh9,3,0,0,"[3-0]",1,20,1.59654,0.975,0.146667,1,0.5,301,266
567,56.8133,ga_tcheby_proxy,mesh9,5,8,1,"[]",0,0,0,0,0,0,0.5,301,267
568,56.8407,ga_tcheby_proxy,mesh9,3,1,1,"[]",0,0,0,0,0,0,0.5,301,268
569,56.8694,ga_tcheby_proxy,mesh9,8,7,1,"[]",0,0,0,0,0,0,0.5,301,269
570,56.9712,ga_tcheby_proxy,mesh9,5,6,0,"[5-4-3-6]",3,64,4.82552,0.97,0.168831,3,0.5,302,269
571,57.13,ga_tcheby_proxy,mesh9,8,3,0,"[8-7-6-3]",3,64,4.82552,0.97,0.174194,3,0.5,303,269
572,57.1484,ga_tcheby_proxy,mesh9,0,3,1,"[]",0,0,0,0,0,0,0.5,303,270
573,57.4365,ga_tcheby_proxy,mesh9,2,5,0,"[2-5]",1,20,1.59654,0.975,0.174194,1,0.5,304,270
574,57.5698,ga_tcheby_proxy,mesh9,7,8,0,"[7-8]",1,22,1.61449,0.97,0.174194,1,0.5,305,270
575,57.6829,ga_tcheby_proxy,mesh9,1,8,0,"[1-4-7-8]",3,62,4.80756,0.97,0.179487,3,0.5,306,270
576,57.7205,ga_tcheby_proxy,mesh9,7,8,1,"[]",0,0,0,0,0,0,0.5,306,271
577,57.7682,ga_tcheby_proxy,mesh9,8,7,1,"[]",0,0,0,0,0,0,0.5,306,272
578,57.7764,ga_tcheby_proxy,mesh9,5,0,1,"[]",0,0,0,0,0,0,0.5,306,273
579,57.8014,ga_tcheby_proxy,mesh9,1,8,1,"[]",0,0,0,0,0,0,0.5,306,274
580,57.975,ga_tcheby_proxy,mesh9,6,4,0,"[6-3-4]",2,42,3.21103,0.97,0.179487,2,0.5,307,274
581,57.9942,ga_tcheby_proxy,mesh9,5,8,1,"[]",0,0,0,0,0,0,0.5,307,275
582,58.1098,ga_tcheby_proxy,mesh9,2,5,0,"[2-5]",1,20,1.59654,0.975,0.179487,1,0.5,308,275
583,58.4421,ga_tcheby_proxy,mesh9,1,7,0,"[1-4-7]",2,40,3.19307,0.975,0.179487,2,0.5,309,275
584,58.4808,ga_tcheby_proxy,mesh9,0,6,1,"[]",0,0,0,0,0,0,0.5,309,276
585,58.5984,ga_tcheby_proxy,mesh9,6,3,0,"[6-3]",1,20,1.59654,0.975,0.184713,1,0.5,310,276
586,58.7071,ga_tcheby_proxy,mesh9,3,0,0,"[3-0]",1,20,1.59654,0.975,0.152318,1,0.5,311,276
587,58.7372,ga_tcheby_proxy,mesh9,8,7,1,"[]",0,0,0,0,0,0,0.5,311,277
588,58.7567,ga_tcheby_proxy,mesh9,1,4,1,"[]",0,0,0,0,0,0,0.5,311,278
589,59.0229,ga_tcheby_proxy,mesh9,1,8,0,"[1-2-5-8]",3,62,4.80756,0.97,0.184713,3,0.5,312,278
590,59.0987,ga_tcheby_proxy,mesh9,1,4,0,"[1-4]",1,20,1.65244,0.940813,0.146667,1,0.5,313,278
591,59.1022,ga_tcheby_proxy,mesh9,2,6,0,"[2-1-0-3-6]",4,84,6.80393,0.911905,0.175325,4,0.5,314,278
592,59.1552,ga_tcheby_proxy,mesh9,3,2,1,"[]",0,0,0,0,0,0,0.5,314,279
593,59.3106,ga_tcheby_proxy,mesh9,5,1,0,"[5-2-1]",2,42,3.21103,0.97,0.179487,2,0.5,315,279
594,59.4924,ga_tcheby_proxy,mesh9,8,2,0,"[8-5-2]",2,40,3.19307,0.975,0.168831,2,0.5,316,279
595,59.545,ga_tcheby_proxy,mesh9,7,1,1,"[]",0,0,0,0,0,0,0.5,316,280
596,59.6094,ga_tcheby_proxy,mesh9,4,6,1,"[]",0,0,0,0,0,0,0.5,316,281
597,59.6552,ga_tcheby_proxy,mesh9,4,2,1,"[]",0,0,0,0,0,0,0.5,316,282
598,60.0498,ga_tcheby_proxy,mesh9,8,3,0,"[8-5-4-3]",3,64,4.82552,0.97,0.174194,3,0.5,317,282
599,60.1179,ga_tcheby_proxy,mesh9,4,8,0,"[4-5-8]",2,42,3.23707,0.958773,0.184713,2,0.5,318,282
600,60.222,ga_tcheby_proxy,mesh9,2,3,0,"[2-1-0-3]",3,64,4.82552,0.97,0.184713,3,0.5,319,282
601,60.324,ga_tcheby_proxy,mesh9,1,5,0,"[1-2-5]",2,42,3.21103,0.97,0.189873,2,0.5,320,282
602,60.6124,ga_tcheby_proxy,mesh9,2,7,0,"[2-1-4-7]",3,62,4.80756,0.97,0.189873,3,0.5,321,282
603,60.6822,ga_tcheby_proxy,mesh9,5,4,0,"[5-4]",1,22,1.62322,0.964553,0.179487,1,0.5,322,282
604,60.7318,ga_tcheby_proxy,mesh9,6,7,1,"[]",0,0,0,0,0,0,0.5,322,283
605,60.7825,ga_tcheby_proxy,mesh9,7,6,1,"[]",0,0,0,0,0,0,0.5,322,284
606,60.8143,ga_tcheby_proxy,mesh9,6,5,1,"[]",0,0,0,0,0,0,0.5,322,285
607,60.9408,ga_tcheby_proxy,mesh9,1,8,0,"[1-4-7-8]",3,62,4.80756,0.97,0.189873,3,0.5,323,285
608,60.9847,ga_tcheby_proxy,mesh9,7,3,1,"[]",0,0,0,0,0,0,0.5,323,286
609,61.214,ga_tcheby_proxy,mesh9,5,7,0,"[5-8-7]",2,42,3.21103,0.97,0.168831,2,0.5,324,286
610,61.2759,ga_tcheby_proxy,mesh9,4,8,0,"[4-7-8]",2,42,3.31228,0.929082,0.194969,2,0.5,325,286
611,61.3413,ga_tcheby_proxy,mesh9,0,3,0,"[0-3]",1,20,1.59654,0.975,0.152318,1,0.5,326,286
612,61.4297,ga_tcheby_proxy,mesh9,2,1,0,"[2-1]",1,22,1.61449,0.97,0.194969,1,0.5,327,286
613,61.4429,ga_tcheby_proxy,mesh9,1,8,1,"[]",0,0,0,0,0,0,0.5,327,287
614,61.5841,ga_tcheby_proxy,mesh9,3,1,0,"[3-0-1]",2,42,3.21103,0.97,0.157895,2,0.5,328,287
615,61.6792,ga_tcheby_proxy,mesh9,1,7,0,"[1-4-7]",2,40,3.19307,0.975,0.2,2,0.5,329,287
616,61.7117,ga_tcheby_proxy,mesh9,4,1,1,"[]",0,0,0,0,0,0,0.5,329,288
617,61.9709,ga_tcheby_proxy,mesh9,1,2,0,"[1-2]",1,22,1.61449,0.97,0.184713,1,0.5,330,288
618,62.0141,ga_tcheby_proxy,mesh9,8,1,1,"[]",0,0,0,0,0,0,0.5,330,289
619,62.1589,ga_tcheby_proxy,mesh9,0,4,0,"[0-3-4]",2,42,3.21103,0.97,0.168831,2,0.5,331,289
620,62.1794,ga_tcheby_proxy,mesh9,1,6,1,"[]",0,0,0,0,0,0,0.5,331,290
621,62.2126,ga_tcheby_proxy,mesh9,0,8,1,"[]",0,0,0,0,0,0,0.5,331,291
622,62.2527,ga_tcheby_proxy,mesh9,2,3,1,"[]",0,0,0,0,0,0,0.5,331,292
623,62.4544,ga_tcheby_proxy,mesh9,3,2,0,"[3-4-5-2]",3,64,4.82552,0.97,0.189873,3,0.5,332,292
624,62.5699,ga_tcheby_proxy,mesh9,4,8,0,"[4-5-8]",2,42,3.21103,0.97,0.194969,2,0.5,333,292
625,62.592,ga_tcheby_proxy,mesh9,5,2,1,"[]",0,0,0,0,0,0,0.5,333,293
626,62.6499,ga_tcheby_proxy,mesh9,0,7,1,"[]",0,0,0,0,0,0,0.5,333,294
627,62.6736,ga_tcheby_proxy,mesh9,3,0,1,"[]",0,0,0,0,0,0,0.5,333,295
628,62.6759,ga_tcheby_proxy,mesh9,1,6,1,"[]",0,0,0,0,0,0,0.5,333,296
629,62.6895,ga_tcheby_proxy,mesh9,4,5,1,"[]",0,0,0,0,0,0,0.5,333,297
630,63.0233,ga_tcheby_proxy,mesh9,8,1,0,"[8-7-4-1]",3,62,4.80756,0.97,0.179487,3,0.5,334,297
631,63.1283,ga_tcheby_proxy,mesh9,1,3,0,"[1-4-3]",2,42,3.21103,0.97,0.179487,2,0.5,335,297
632,63.1483,ga_tcheby_proxy,mesh9,3,1,1,"[]",0,0,0,0,0,0,0.5,335,298
633,63.269,ga_tcheby_proxy,mesh9,7,2,0,"[7-4-1-2]",3,62,4.80756,0.97,0.189873,3,0.5,336,298
634,63.3301,ga_tcheby_proxy,mesh9,2,1,1,"[]",0,0,0,0,0,0,0.5,336,299
635,63.3311,ga_tcheby_proxy,mesh9,6,1,1,"[]",0,0,0,0,0,0,0.5,336,300
636,63.3841,ga_tcheby_proxy,mesh9,8,3,1,"[]",0,0,0,0,0,0,0.5,336,301
637,63.5016,ga_tcheby_proxy,mesh9,7,1,0,"[7-4-1]",2,40,3.19307,0.975,0.189873,2,0.5,337,301
638,63.679,ga_tcheby_proxy,mesh9,1,0,0,"[1-0]",1,22,1.61449,0.97,0.179487,1,0.5,338,301
639,63.8998,ga_tcheby_proxy,mesh9,6,8,0,"[6-7-8]",2,44,3.22898,0.97,0.194969,2,0.5,339,301
640,63.9695,ga_tcheby_proxy,mesh9,3,1,0,"[3-4-1]",2,42,3.22857,0.959117,0.194969,2,0.5,340,301
641,64.3665,ga_tcheby_proxy,mesh9,1,3,0,"[1-0-3]",2,42,3.21103,0.97,0.184713,2,0.5,341,301
642,64.4636,ga_tcheby_proxy,mesh9,7,8,0,"[7-8]",1,22,1.61449,0.97,0.2,1,0.5,342,301
643,64.4953,ga_tcheby_proxy,mesh9,2,3,1,"[]",0,0,0,0,0,0,0.5,342,302
644,64.7024,ga_tcheby_proxy,mesh9,4,1,0,"[4-1]",1,20,1.59654,0.975,0.2,1,0.5,343,302
645,64.8465,ga_tcheby_proxy,mesh9,3,2,0,"[3-0-1-2]",3,64,4.82552,0.97,0.194969,3,0.5,344,302
646,64.8833,ga_tcheby_proxy,mesh9,2,7,1,"[]",0,0,0,0,0,0,0.5,344,303
647,65.0159,ga_tcheby_proxy,mesh9,7,3,0,"[7-6-3]",2,42,3.21103,0.97,0.189873,2,0.5,345,303
648,65.0353,ga_tcheby_proxy,mesh9,2,3,1,"[]",0,0,0,0,0,0,0.5,345,304
649,65.0557,ga_tcheby_proxy,mesh9,5,3,1,"[]",0,0,0,0,0,0,0.5,345,305
650,65.1426,ga_tcheby_proxy,mesh9,4,0,0,"[4-3-0]",2,42,3.21103,0.97,0.184713,2,0.5,346,305
651,65.1731,ga_tcheby_proxy,mesh9,6,0,1,"[]",0,0,0,0,0,0,0.5,346,306
652,65.2817,ga_tcheby_proxy,mesh9,2,1,0,"[2-1]",1,22,1.61449,0.97,0.2,1,0.5,347,306
653,65.9143,ga_tcheby_proxy,mesh9,6,4,0,"[6-7-4]",2,42,3.21103,0.97,0.194969,2,0.5,348,306
654,65.9267,ga_tcheby_proxy,mesh9,2,1,1,"[]",0,0,0,0,0,0,0.5,348,307
655,66.0878,ga_tcheby_proxy,mesh9,7,2,0,"[7-4-5-2]",3,62,4.80756,0.97,0.2,3,0.5,349,307
656,66.1522,ga_tcheby_proxy,mesh9,3,2,1,"[]",0,0,0,0,0,0,0.5,349,308
657,66.1726,ga_tcheby_proxy,mesh9,5,4,1,"[]",0,0,0,0,0,0,0.5,349,309
658,66.4295,ga_tcheby_proxy,mesh9,8,0,0,"[8-5-4-3-0]",4,84,6.42205,0.97,0.189873,4,0.5,350,309
659,66.4452,ga_tcheby_proxy,mesh9,0,3,1,"[]",0,0,0,0,0,0,0.5,350,310
660,66.5407,ga_tcheby_proxy,mesh9,6,4,0,"[6-3-4]",2,42,3.21103,0.97,0.194969,2,0.5,351,310
661,66.5728,ga_tcheby_proxy,mesh9,7,8,1,"[]",0,0,0,0,0,0,0.5,351,311
662,66.6822,ga_tcheby_proxy,mesh9,3,6,0,"[3-6]",1,20,1.59654,0.975,0.168831,1,0.5,352,311
663,66.8306,ga_tcheby_proxy,mesh9,4,2,0,"[4-5-2]",2,42,3.21103,0.97,0.204969,2,0.5,353,311
664,66.8912,ga_tcheby_proxy,mesh9,0,6,1,"[]",0,0,0,0,0,0,0.5,353,312
665,66.9792,ga_tcheby_proxy,mesh9,1,5,0,"[1-2-5]",2,42,3.21103,0.97,0.2,2,0.5,354,312
666,67.0356,ga_tcheby_proxy,mesh9,0,2,1,"[]",0,0,0,0,0,0,0.5,354,313
667,67.1039,ga_tcheby_proxy,mesh9,5,7,1,"[]",0,0,0,0,0,0,0.5,354,314
668,67.1944,ga_tcheby_proxy,mesh9,7,2,0,"[7-8-5-2]",3,62,4.80756,0.97,0.204969,3,0.5,355,314
669,67.2007,ga_tcheby_proxy,mesh9,8,4,1,"[]",0,0,0,0,0,0,0.5,355,315
670,67.2983,ga_tcheby_proxy,mesh9,5,7,0,"[5-8-7]",2,42,3.21103,0.97,0.179487,2,0.5,356,315
671,67.3566,ga_tcheby_proxy,mesh9,8,4,1,"[]",0,0,0,0,0,0,0.5,356,316
672,67.4987,ga_tcheby_proxy,mesh9,1,5,0,"[1-2-5]",2,42,3.21103,0.97,0.204969,2,0.5,357,316
673,67.5335,ga_tcheby_proxy,mesh9,8,3,1,"[]",0,0,0,0,0,0,0.5,357,317
674,67.5954,ga_tcheby_proxy,mesh9,2,6,1,"[]",0,0,0,0,0,0,0.5,357,318
675,67.6706,ga_tcheby_proxy,mesh9,5,7,0,"[5-4-7]",2,42,3.21103,0.97,0.204969,2,0.5,358,318
676,67.789,ga_tcheby_proxy,mesh9,1,5,0,"[1-2-5]",2,42,3.21103,0.97,0.209877,2,0.5,359,318
677,67.8569,ga_tcheby_proxy,mesh9,6,2,1,"[]",0,0,0,0,0,0,0.5,359,319
678,67.938,ga_tcheby_proxy,mesh9,4,5,0,"[4-5]",1,22,1.61449,0.97,0.209877,1,0.5,360,319
679,67.9735,ga_tcheby_proxy,mesh9,2,1,1,"[]",0,0,0,0,0,0,0.5,360,320
680,68.2498,ga_tcheby_proxy,mesh9,3,2,0,"[3-0-1-2]",3,64,4.82552,0.97,0.214724,3,0.5,361,320
681,68.6559,ga_tcheby_proxy,mesh9,5,1,0,"[5-4-1]",2,42,3.21103,0.97,0.204969,2,0.5,362,320
682,68.7273,ga_tcheby_proxy,mesh9,3,8,0,"[3-4-5-8]",3,64,4.83435,0.964489,0.214724,3,0.5,363,320
683,68.7626,ga_tcheby_proxy,mesh9,4,6,1,"[]",0,0,0,0,0,0,0.5,363,321
684,68.8626,ga_tcheby_proxy,mesh9,4,2,0,"[4-5-2]",2,42,3.21103,0.97,0.219512,2,0.5,364,321
685,68.9326,ga_tcheby_proxy,mesh9,2,1,0,"[2-5-4-1]",3,62,4.9195,0.904522,0.209877,3,0.5,365,321
686,69.0142,ga_tcheby_proxy,mesh9,5,3,0,"[5-4-3]",2,44,3.22898,0.97,0.204969,2,0.5,366,321
687,69.1665,ga_tcheby_proxy,mesh9,8,1,0,"[8-5-2-1]",3,62,4.80756,0.97,0.204969,3,0.5,367,321
688,69.3059,ga_tcheby_proxy,mesh9,8,1,0,"[8-5-2-1]",3,62,4.80756,0.97,0.209877,3,0.5,368,321
689,69.6172,ga_tcheby_proxy,mesh9,3,5,0,"[3-4-5]",2,44,3.22898,0.97,0.224242,2,0.5,369,321
690,69.6789,ga_tcheby_proxy,mesh9,8,7,1,"[]",0,0,0,0,0,0,0.5,369,322
691,69.7322,ga_tcheby_proxy,mesh9,0,5,1,"[]",0,0,0,0,0,0,0.5,369,323
692,69.768,ga_tcheby_proxy,mesh9,4,3,1,"[]",0,0,0,0,0,0,0.5,369,324
693,70.0128,ga_tcheby_proxy,mesh9,8,6,0,"[8-7-6]",2,44,3.22898,0.97,0.184713,2,0.5,370,324
694,70.4207,ga_tcheby_proxy,mesh9,8,5,0,"[8-5]",1,20,1.59654,0.975,0.2,1,0.5,371,324
695,70.5879,ga_tcheby_proxy,mesh9,0,1,0,"[0-1]",1,22,1.61449,0.97,0.163399,1,0.5,372,324
696,70.7476,ga_tcheby_proxy,mesh9,6,3,0,"[6-3]",1,20,1.59654,0.975,0.2,1,0.5,373,324
697,70.8797,ga_tcheby_proxy,mesh9,8,0,0,"[8-7-4-3-0]",4,84,6.42205,0.97,0.204969,4,0.5,374,324
698,70.8974,ga_tcheby_proxy,mesh9,0,3,1,"[]",0,0,0,0,0,0,0.5,374,325
699,71.0477,ga_tcheby_proxy,mesh9,5,6,0,"[5-8-7-6]",3,64,4.82552,0.97,0.189873,3,0.5,375,325
700,71.4133,ga_tcheby_proxy,mesh9,4,3,0,"[4-3]",1,22,1.61449,0.97,0.204969,1,0.5,376,325
701,71.4166,ga_tcheby_proxy,mesh9,5,2,0,"[5-2]",1,20,1.68768,0.920539,0.2125,1,0.5,377,325
702,71.4198,ga_tcheby_proxy,mesh9,0,2,1,"[]",0,0,0,0,0,0,0.5,377,326
703,71.479,ga_tcheby_proxy,mesh9,8,2,1,"[]",0,0,0,0,0,0,0.5,377,327
704,71.4872,ga_tcheby_proxy,mesh9,7,8,1,"[]",0,0,0,0,0,0,0.5,377,328
705,71.6078,ga_tcheby_proxy,mesh9,5,8,0,"[5-8]",1,20,1.59654,0.975,0.194969,1,0.5,378,328
706,71.6376,ga_tcheby_proxy,mesh9,4,0,1,"[]",0,0,0,0,0,0,0.5,378,329
707,71.8174,ga_tcheby_proxy,mesh9,2,0,0,"[2-1-0]",2,44,3.22898,0.97,0.214724,2,0.5,379,329
708,72.0672,ga_tcheby_proxy,mesh9,4,5,0,"[4-5]",1,22,1.61449,0.97,0.228916,1,0.5,380,329
709,72.1535,ga_tcheby_proxy,mesh9,7,5,0,"[7-8-5]",2,42,3.21103,0.97,0.209877,2,0.5,381,329
710,72.175,ga_tcheby_proxy,mesh9,0,4,1,"[]",0,0,0,0,0,0,0.5,381,330
711,72.2027,ga_tcheby_proxy,mesh9,1,5,1,"[]",0,0,0,0,0,0,0.5,381,331
712,72.408,ga_tcheby_proxy,mesh9,8,2,0,"[8-5-2]",2,40,3.19307,0.975,0.214724,2,0.5,382,331
713,72.4234,ga_tcheby_proxy,mesh9,3,1,1,"[]",0,0,0,0,0,0,0.5,382,332
714,72.4895,ga_tcheby_proxy,mesh9,8,5,0,"[8-5]",1,20,1.59654,0.975,0.214724,1,0.5,383,332
715,72.6192,ga_tcheby_proxy,mesh9,2,7,0,"[2-5-8-7]",3,62,4.80756,0.97,0.214724,3,0.5,384,332
716,72.761,ga_tcheby_proxy,mesh9,8,5,0,"[8-5]",1,20,1.59654,0.975,0.219512,1,0.5,385,332
717,72.8058,ga_tcheby_proxy,mesh9,4,6,1,"[]",0,0,0,0,0,0,0.5,385,333
718,72.831,ga_tcheby_proxy,mesh9,1,8,1,"[]",0,0,0,0,0,0,0.5,385,334
719,72.9486,ga_tcheby_proxy,mesh9,2,4,0,"[2-1-4]",2,42,3.21103,0.97,0.219512,2,0.5,386,334
720,73.1639,ga_tcheby_proxy,mesh9,0,2,0,"[0-1-2]",2,44,3.22898,0.97,0.219512,2,0.5,387,334
721,73.1686,ga_tcheby_proxy,mesh9,8,4,1,"[]",0,0,0,0,0,0,0.5,387,335
722,73.1927,ga_tcheby_proxy,mesh9,6,3,1,"[]",0,0,0,0,0,0,0.5,387,336
723,73.2009,ga_tcheby_proxy,mesh9,0,4,1,"[]",0,0,0,0,0,0,0.5,387,337
724,73.2025,ga_tcheby_proxy,mesh9,2,4,1,"[]",0,0,0,0,0,0,0.5,387,338
725,73.2133,ga_tcheby_proxy,mesh9,7,3,1,"[]",0,0,0,0,0,0,0.5,387,339
726,73.2581,ga_tcheby_proxy,mesh9,7,0,1,"[]",0,0,0,0,0,0,0.5,387,340
727,73.3098,ga_tcheby_proxy,mesh9,6,8,1,"[]",0,0,0,0,0,0,0.5,387,341
728,73.3301,ga_tcheby_proxy,mesh9,0,8,1,"[]",0,0,0,0,0,0,0.5,387,342
729,73.4218,ga_tcheby_proxy,mesh9,3,8,0,"[3-4-7-8]",3,64,4.82552,0.97,0.214724,3,0.5,388,342
730,73.4759,ga_tcheby_proxy,mesh9,8,0,1,"[]",0,0,0,0,0,0,0.5,388,343
731,73.5398,ga_tcheby_proxy,mesh9,0,3,0,"[0-3]",1,20,1.60514,0.969578,0.168831,1,0.5,389,343
732,73.5787,ga_tcheby_proxy,mesh9,5,4,1,"[]",0,0,0,0,0,0,0.5,389,344
733,73.7439,ga_tcheby_proxy,mesh9,2,6,0,"[2-5-4-7-6]",4,84,6.42205,0.97,0.219512,4,0.5,390,344
734,73.7992,ga_tcheby_proxy,mesh9,5,1,1,"[]",0,0,0,0,0,0,0.5,390,345
735,73.8293,ga_tcheby_proxy,mesh9,4,6,1,"[]",0,0,0,0,0,0,0.5,390,346
736,74.0126,ga_tcheby_proxy,mesh9,8,3,0,"[8-7-6-3]",3,64,4.82552,0.97,0.204969,3,0.5,391,346
737,74.0783,ga_tcheby_proxy,mesh9,5,2,0,"[5-2]",1,20,1.62209,0.959068,0.219512,1,0.5,392,346
738,74.2643,ga_tcheby_proxy,mesh9,6,5,0,"[6-7-8-5]",3,64,4.82552,0.97,0.224242,3,0.5,393,346
739,74.2918,ga_tcheby_proxy,mesh9,3,4,1,"[]",0,0,0,0,0,0,0.5,393,347
740,74.8105,ga_tcheby_proxy,mesh9,4,6,0,"[4-3-6]",2,42,3.21103,0.97,0.209877,2,0.5,394,347
741,74.8253,ga_tcheby_proxy,mesh9,0,6,1,"[]",0,0,0,0,0,0,0.5,394,348
742,75.0357,ga_tcheby_proxy,mesh9,5,6,0,"[5-8-7-6]",3,64,4.82552,0.97,0.204969,3,0.5,395,348
743,75.1326,ga_tcheby_proxy,mesh9,2,5,0,"[2-5]",1,20,1.59654,0.975,0.224242,1,0.5,396,348
744,75.1469,ga_tcheby_proxy,mesh9,7,8,1,"[]",0,0,0,0,0,0,0.5,396,349
745,75.1513,ga_tcheby_proxy,mesh9,7,5,1,"[]",0,0,0,0,0,0,0.5,396,350
746,75.1636,ga_tcheby_proxy,mesh9,8,4,1,"[]",0,0,0,0,0,0,0.5,396,351
747,75.5037,ga_tcheby_proxy,mesh9,4,0,0,"[4-1-0]",2,42,3.21103,0.97,0.214724,2,0.5,397,351
748,75.582,ga_tcheby_proxy,mesh9,8,7,0,"[8-7]",1,22,1.66175,0.941236,0.209877,1,0.5,398,351
749,75.7525,ga_tcheby_proxy,mesh9,5,1,0,"[5-4-1]",2,42,3.21103,0.97,0.219512,2,0.5,399,351
750,75.7642,ga_tcheby_proxy,mesh9,2,7,1,"[]",0,0,0,0,0,0,0.5,399,352
751,75.8112,ga_tcheby_proxy,mesh9,6,4,1,"[]",0,0,0,0,0,0,0.5,399,353
752,75.8703,ga_tcheby_proxy,mesh9,6,5,1,"[]",0,0,0,0,0,0,0.5,399,354
753,75.9447,ga_tcheby_proxy,mesh9,0,5,0,"[0-1-2-5]",3,64,4.82552,0.97,0.228916,3,0.5,400,354
754,76.0506,ga_tcheby_proxy,mesh9,2,0,0,"[2-1-0]",2,44,3.22898,0.97,0.224242,2,0.5,401,354
755,76.2133,ga_tcheby_proxy,mesh9,6,0,0,"[6-3-0]",2,40,3.19307,0.975,0.209877,2,0.5,402,354
756,76.2596,ga_tcheby_proxy,mesh9,2,8,1,"[]",0,0,0,0,0,0,0.5,402,355
757,76.6795,ga_tcheby_proxy,mesh9,6,5,0,"[6-7-8-5]",3,64,4.82552,0.97,0.228916,3,0.5,403,355
758,76.7179,ga_tcheby_proxy,mesh9,6,7,1,"[]",0,0,0,0,0,0,0.5,403,356
759,76.8958,ga_tcheby_proxy,mesh9,4,3,0,"[4-3]",1,22,1.61449,0.97,0.214724,1,0.5,404,356
760,76.9006,ga_tcheby_proxy,mesh9,4,6,1,"[]",0,0,0,0,0,0,0.5,404,357
761,76.9451,ga_tcheby_proxy,mesh9,4,5,1,"[]",0,0,0,0,0,0,0.5,404,358
762,77.025,ga_tcheby_proxy,mesh9,4,8,0,"[4-7-8]",2,42,3.21103,0.97,0.228916,2,0.5,405,358
763,77.1398,ga_tcheby_proxy,mesh9,5,6,0,"[5-8-7-6]",3,64,4.82552,0.97,0.214724,3,0.5,406,358
764,77.1781,ga_tcheby_proxy,mesh9,1,4,1,"[]",0,0,0,0,0,0,0.5,406,359
765,77.241,ga_tcheby_proxy,mesh9,3,2,1,"[]",0,0,0,0,0,0,0.5,406,360
766,77.4487,ga_tcheby_proxy,mesh9,4,5,0,"[4-5]",1,22,1.61449,0.97,0.233533,1,0.5,407,360
767,77.5389,ga_tcheby_proxy,mesh9,3,8,0,"[3-6-7-8]",3,64,4.82552,0.97,0.233533,3,0.5,408,360
768,77.6024,ga_tcheby_proxy,mesh9,2,3,0,"[2-5-8-7-4-3]",5,104,8.32085,0.917638,0.233533,5,0.5,409,360
769,77.6738,ga_tcheby_proxy,mesh9,0,8,0,"[0-1-2-5-8]",4,84,6.48903,0.929734,0.238095,4,0.5,410,360
770,77.6861,ga_tcheby_proxy,mesh9,8,4,1,"[]",0,0,0,0,0,0,0.5,410,361
771,77.7031,ga_tcheby_proxy,mesh9,4,1,1,"[]",0,0,0,0,0,0,0.5,410,362
772,77.8242,ga_tcheby_proxy,mesh9,4,5,0,"[4-5]",1,22,1.61449,0.97,0.238095,1,0.5,411,362
773,78.099,ga_tcheby_proxy,mesh9,3,7,0,"[3-6-7]",2,42,3.21103,0.97,0.194969,2,0.5,412,362
774,78.2606,ga_tcheby_proxy,mesh9,5,8,0,"[5-8]",1,20,1.59654,0.975,0.224242,1,0.5,413,362
775,78.4834,ga_tcheby_proxy,mesh9,8,4,0,"[8-7-4]",2,42,3.21103,0.97,0.224242,2,0.5,414,362
776,78.5685,ga_tcheby_proxy,mesh9,5,2,0,"[5-2]",1,20,1.59654,0.975,0.224242,1,0.5,415,362
777,78.6059,ga_tcheby_proxy,mesh9,0,4,1,"[]",0,0,0,0,0,0,0.5,415,363
778,78.7604,ga_tcheby_proxy,mesh9,4,5,0,"[4-5]",1,22,1.61449,0.97,0.242604,1,0.5,416,363
779,78.9466,ga_tcheby_proxy,mesh9,0,1,0,"[0-1]",1,22,1.61449,0.97,0.184713,1,0.5,417,363
780,79.0706,ga_tcheby_proxy,mesh9,2,0,0,"[2-1-0]",2,44,3.22898,0.97,0.228916,2,0.5,418,363
781,79.1879,ga_tcheby_proxy,mesh9,8,4,0,"[8-7-4]",2,42,3.21103,0.97,0.228916,2,0.5,419,363
782,79.2921,ga_tcheby_proxy,mesh9,3,7,0,"[3-6-7]",2,42,3.21103,0.97,0.2,2,0.5,420,363
783,79.3546,ga_tcheby_proxy,mesh9,5,0,1,"[]",0,0,0,0,0,0,0.5,420,364
784,79.3651,ga_tcheby_proxy,mesh9,5,4,1,"[]",0,0,0,0,0,0,0.5,420,365
785,79.4254,ga_tcheby_proxy,mesh9,8,0,1,"[]",0,0,0,0,0,0,0.5,420,366
786,79.5155,ga_tcheby_proxy,mesh9,4,2,0,"[4-1-2]",2,42,3.21103,0.97,0.233533,2,0.5,421,366
787,79.616,ga_tcheby_proxy,mesh9,6,3,0,"[6-3]",1,20,1.59654,0.975,0.214724,1,0.5,422,366
788,79.7196,ga_tcheby_proxy,mesh9,4,5,0,"[4-5]",1,22,1.61449,0.97,0.247059,1,0.5,423,366
789,79.7323,ga_tcheby_proxy,mesh9,7,0,1,"[]",0,0,0,0,0,0,0.5,423,367
790,79.7781,ga_tcheby_proxy,mesh9,0,1,1,"[]",0,0,0,0,0,0,0.5,423,368
791,79.928,ga_tcheby_proxy,mesh9,2,8,0,"[2-5-8]",2,40,3.19307,0.975,0.242604,2,0.5,424,368
792,79.942,ga_tcheby_proxy,mesh9,4,3,1,"[]",0,0,0,0,0,0,0.5,424,369
793,79.9991,ga_tcheby_proxy,mesh9,2,1,1,"[]",0,0,0,0,0,0,0.5,424,370
794,80.0212,ga_tcheby_proxy,mesh9,4,2,1,"[]",0,0,0,0,0,0,0.5,424,371
795,80.0581,ga_tcheby_proxy,mesh9,6,0,1,"[]",0,0,0,0,0,0,0.5,424,372
796,80.077,ga_tcheby_proxy,mesh9,4,7,1,"[]",0,0,0,0,0,0,0.5,424,373
797,80.1823,ga_tcheby_proxy,mesh9,4,3,0,"[4-3]",1,22,1.61449,0.97,0.224242,1,0.5,425,373
798,80.3132,ga_tcheby_proxy,mesh9,6,7,0,"[6-7]",1,22,1.61449,0.97,0.204969,1,0.5,426,373
799,80.3225,ga_tcheby_proxy,mesh9,4,5,1,"[]",0,0,0,0,0,0,0.5,426,374
800,80.3443,ga_tcheby_proxy,mesh9,0,7,1,"[]",0,0,0,0,0,0,0.5,426,375
801,80.349,ga_tcheby_proxy,mesh9,5,7,1,"[]",0,0,0,0,0,0,0.5,426,376
802,80.4827,ga_tcheby_proxy,mesh9,3,8,0,"[3-4-7-8]",3,64,4.82552,0.97,0.238095,3,0.5,427,376
803,80.5353,ga_tcheby_proxy,mesh9,6,5,1,"[]",0,0,0,0,0,0,0.5,427,377
804,80.8091,ga_tcheby_proxy,mesh9,5,8,0,"[5-8]",1,20,1.59654,0.975,0.233533,1,0.5,428,377
805,80.9176,ga_tcheby_proxy,mesh9,5,0,0,"[5-4-3-0]",3,64,4.82552,0.97,0.228916,3,0.5,429,377
806,80.9674,ga_tcheby_proxy,mesh9,1,5,1,"[]",0,0,0,0,0,0,0.5,429,378
807,80.9772,ga_tcheby_proxy,mesh9,3,2,1,"[]",0,0,0,0,0,0,0.5,429,379
808,81.3449,ga_tcheby_proxy,mesh9,5,8,0,"[5-8]",1,20,1.59654,0.975,0.238095,1,0.5,430,379
809,81.4128,ga_tcheby_proxy,mesh9,8,4,0,"[8-7-4]",2,42,3.2196,0.969599,0.233533,2,0.5,431,379
810,81.4137,ga_tcheby_proxy,mesh9,3,4,0,"[3-4]",1,22,1.67419,0.933947,0.209877,1,0.5,432,379
811,81.4332,ga_tcheby_proxy,mesh9,7,5,1,"[]",0,0,0,0,0,0,0.5,432,380
812,81.4712,ga_tcheby_proxy,mesh9,6,2,1,"[]",0,0,0,0,0,0,0.5,432,381
813,81.5926,ga_tcheby_proxy,mesh9,1,3,0,"[1-0-3]",2,42,3.21103,0.97,0.209877,2,0.5,433,381
814,81.7364,ga_tcheby_proxy,mesh9,7,0,0,"[7-6-3-0]",3,62,4.80756,0.97,0.219512,3,0.5,434,381
815,81.9521,ga_tcheby_proxy,mesh9,7,0,0,"[7-6-3-0]",3,62,4.80756,0.97,0.224242,3,0.5,435,381
816,81.9627,ga_tcheby_proxy,mesh9,6,7,1,"[]",0,0,0,0,0,0,0.5,435,382
817,82.2303,ga_tcheby_proxy,mesh9,6,2,0,"[6-7-4-1-2]",4,84,6.42205,0.97,0.238095,4,0.5,436,382
818,82.3754,ga_tcheby_proxy,mesh9,8,3,0,"[8-5-4-3]",3,64,4.82552,0.97,0.233533,3,0.5,437,382
819,82.4057,ga_tcheby_proxy,mesh9,3,8,1,"[]",0,0,0,0,0,0,0.5,437,383
820,82.4261,ga_tcheby_proxy,mesh9,6,5,1,"[]",0,0,0,0,0,0,0.5,437,384
821,82.4857,ga_tcheby_proxy,mesh9,2,7,1,"[]",0,0,0,0,0,0,0.5,437,385
822,82.5023,ga_tcheby_proxy,mesh9,8,4,1,"[]",0,0,0,0,0,0,0.5,437,386
823,82.5104,ga_tcheby_proxy,mesh9,0,5,1,"[]",0,0,0,0,0,0,0.5,437,387
824,82.5837,ga_tcheby_proxy,mesh9,5,4,0,"[5-4]",1,22,1.61449,0.97,0.228916,1,0.5,438,387
825,82.5846,ga_tcheby_proxy,mesh9,8,2,0,"[8-5-2]",2,40,3.24328,0.959422,0.240964,2,0.5,439,387
826,82.7358,ga_tcheby_proxy,mesh9,8,5,0,"[8-5]",1,20,1.59654,0.975,0.242604,1,0.5,440,387
827,82.8234,ga_tcheby_proxy,mesh9,3,1,0,"[3-0-1]",2,42,3.21103,0.97,0.209877,2,0.5,441,387
828,83.0923,ga_tcheby_proxy,mesh9,5,3,0,"[5-4-3]",2,44,3.22898,0.97,0.238095,2,0.5,442,387
829,83.1981,ga_tcheby_proxy,mesh9,3,2,0,"[3-4-1-2]",3,64,4.82552,0.97,0.242604,3,0.5,443,387
830,83.3874,ga_tcheby_proxy,mesh9,6,2,0,"[6-7-4-1-2]",4,84,6.42205,0.97,0.247059,4,0.5,444,387
831,83.6183,ga_tcheby_proxy,mesh9,0,8,0,"[0-3-6-7-8]",4,84,6.42205,0.97,0.242604,4,0.5,445,387
832,83.6541,ga_tcheby_proxy,mesh9,2,0,1,"[]",0,0,0,0,0,0,0.5,445,388
833,83.8494,ga_tcheby_proxy,mesh9,1,0,0,"[1-0]",1,22,1.61449,0.97,0.214724,1,0.5,446,388
834,84.2376,ga_tcheby_proxy,mesh9,1,0,0,"[1-0]",1,22,1.61449,0.97,0.219512,1,0.5,447,388
835,84.3411,ga_tcheby_proxy,mesh9,6,5,0,"[6-7-8-5]",3,64,4.82552,0.97,0.247059,3,0.5,448,388
836,84.35,ga_tcheby_proxy,mesh9,8,6,1,"[]",0,0,0,0,0,0,0.5,448,389
837,84.3794,ga_tcheby_proxy,mesh9,2,4,1,"[]",0,0,0,0,0,0,0.5,448,390
838,84.3857,ga_tcheby_proxy,mesh9,5,7,1,"[]",0,0,0,0,0,0,0.5,448,391
839,84.4255,ga_tcheby_proxy,mesh9,3,2,1,"[]",0,0,0,0,0,0,0.5,448,392
840,84.4436,ga_tcheby_proxy,mesh9,5,0,1,"[]",0,0,0,0,0,0,0.5,448,393
841,84.6375,ga_tcheby_proxy,mesh9,6,3,0,"[6-3]",1,20,1.59654,0.975,0.228916,1,0.5,449,393
842,84.6826,ga_tcheby_proxy,mesh9,6,0,1,"[]",0,0,0,0,0,0,0.5,449,394
843,84.6877,ga_tcheby_proxy,mesh9,8,4,1,"[]",0,0,0,0,0,0,0.5,449,395
844,84.7609,ga_tcheby_proxy,mesh9,7,1,0,"[7-4-1]",2,40,3.19307,0.975,0.242604,2,0.5,450,395
845,84.7646,ga_tcheby_proxy,mesh9,6,8,0,"[6-3-0-1-2-5-8]",6,124,10.2253,0.908737,0.257485,6,0.5,451,395
846,84.8246,ga_tcheby_proxy,mesh9,6,2,1,"[]",0,0,0,0,0,0,0.5,451,396
847,84.8984,ga_tcheby_proxy,mesh9,3,0,0,"[3-0]",1,20,1.6145,0.963749,0.219512,1,0.5,452,396
848,85.0141,ga_tcheby_proxy,mesh9,2,1,0,"[2-1]",1,22,1.61449,0.97,0.233533,1,0.5,453,396
849,85.0644,ga_tcheby_proxy,mesh9,8,1,1,"[]",0,0,0,0,0,0,0.5,453,397
850,85.2802,ga_tcheby_proxy,mesh9,8,6,0,"[8-7-6]",2,44,3.22898,0.97,0.238095,2,0.5,454,397
851,85.3069,ga_tcheby_proxy,mesh9,1,8,1,"[]",0,0,0,0,0,0,0.5,454,398
852,85.5353,ga_tcheby_proxy,mesh9,6,7,0,"[6-7]",1,22,1.61449,0.97,0.228916,1,0.5,455,398
853,85.6203,ga_tcheby_proxy,mesh9,6,1,0,"[6-3-0-1]",3,62,4.80756,0.97,0.238095,3,0.5,456,398
854,85.7804,ga_tcheby_proxy,mesh9,0,3,0,"[0-3]",1,20,1.59654,0.975,0.184713,1,0.5,457,398
855,85.8336,ga_tcheby_proxy,mesh9,1,0,1,"[]",0,0,0,0,0,0,0.5,457,399
856,85.88,ga_tcheby_proxy,mesh9,1,8,1,"[]",0,0,0,0,0,0,0.5,457,400
857,85.9057,ga_tcheby_proxy,mesh9,8,1,1,"[]",0,0,0,0,0,0,0.5,457,401
858,86.0462,ga_tcheby_proxy,mesh9,1,5,0,"[1-4-5]",2,42,3.21103,0.97,0.251462,2,0.5,458,401
859,86.2809,ga_tcheby_proxy,mesh9,0,4,0,"[0-1-4]",2,42,3.21103,0.97,0.204969,2,0.5,459,401
860,86.508,ga_tcheby_proxy,mesh9,1,7,0,"[1-4-7]",2,40,3.19307,0.975,0.228916,2,0.5,460,401
861,86.5856,ga_tcheby_proxy,mesh9,3,6,0,"[3-6]",1,20,1.59654,0.975,0.2,1,0.5,461,401
862,86.601,ga_tcheby_proxy,mesh9,3,6,1,"[]",0,0,0,0,0,0,0.5,461,402
863,87.1432,ga_tcheby_proxy,mesh9,0,4,0,"[0-1-4]",2,42,3.21103,0.97,0.209877,2,0.5,462,402
864,87.1885,ga_tcheby_proxy,mesh9,6,8,1,"[]",0,0,0,0,0,0,0.5,462,403
865,87.4504,ga_tcheby_proxy,mesh9,3,1,0,"[3-0-1]",2,42,3.21103,0.97,0.228916,2,0.5,463,403
866,87.4541,ga_tcheby_proxy,mesh9,2,1,0,"[2-1]",1,22,1.71419,0.911283,0.239521,1,0.5,464,403
867,87.4894,ga_tcheby_proxy,mesh9,1,3,1,"[]",0,0,0,0,0,0,0.5,464,404
868,87.504,ga_tcheby_proxy,mesh9,7,6,1,"[]",0,0,0,0,0,0,0.5,464,405
869,87.6027,ga_tcheby_proxy,mesh9,5,0,0,"[5-4-3-0]",3,64,4.82552,0.97,0.242604,3,0.5,465,405
870,87.6215,ga_tcheby_proxy,mesh9,8,4,1,"[]",0,0,0,0,0,0,0.5,465,406
871,88.0586,ga_tcheby_proxy,mesh9,6,7,0,"[6-7]",1,22,1.61449,0.97,0.233533,1,0.5,466,406
872,88.0804,ga_tcheby_proxy,mesh9,3,7,1,"[]",0,0,0,0,0,0,0.5,466,407
873,88.1716,ga_tcheby_proxy,mesh9,0,1,0,"[0-1]",1,22,1.61449,0.97,0.219512,1,0.5,467,407
874,88.3675,ga_tcheby_proxy,mesh9,4,2,0,"[4-1-2]",2,42,3.21103,0.97,0.255814,2,0.5,468,407
875,88.3873,ga_tcheby_proxy,mesh9,0,6,1,"[]",0,0,0,0,0,0,0.5,468,408
876,88.3979,ga_tcheby_proxy,mesh9,7,0,1,"[]",0,0,0,0,0,0,0.5,468,409
877,88.4934,ga_tcheby_proxy,mesh9,6,8,0,"[6-7-8]",2,44,3.22898,0.97,0.251462,2,0.5,469,409
878,88.4984,ga_tcheby_proxy,mesh9,0,5,1,"[]",0,0,0,0,0,0,0.5,469,410
879,88.5134,ga_tcheby_proxy,mesh9,7,0,1,"[]",0,0,0,0,0,0,0.5,469,411
880,88.6254,ga_tcheby_proxy,mesh9,7,6,0,"[7-6]",1,22,1.61449,0.97,0.228916,1,0.5,470,411
881,88.6538,ga_tcheby_proxy,mesh9,5,0,1,"[]",0,0,0,0,0,0,0.5,470,412
882,88.7416,ga_tcheby_proxy,mesh9,1,0,0,"[1-0]",1,22,1.61449,0.97,0.224242,1,0.5,471,412
883,88.9097,ga_tcheby_proxy,mesh9,4,7,0,"[4-7]",1,20,1.59654,0.975,0.233533,1,0.5,472,412
884,88.9658,ga_tcheby_proxy,mesh9,0,2,1,"[]",0,0,0,0,0,0,0.5,472,413
885,89.0102,ga_tcheby_proxy,mesh9,1,4,1,"[]",0,0,0,0,0,0,0.5,472,414
886,89.0569,ga_tcheby_proxy,mesh9,0,2,1,"[]",0,0,0,0,0,0,0.5,472,415
887,89.1847,ga_tcheby_proxy,mesh9,7,8,0,"[7-8]",1,22,1.61449,0.97,0.255814,1,0.5,473,415
888,89.3757,ga_tcheby_proxy,mesh9,5,2,0,"[5-2]",1,20,1.59654,0.975,0.233533,1,0.5,474,415
889,89.4958,ga_tcheby_proxy,mesh9,7,2,0,"[7-4-5-2]",3,62,4.80756,0.97,0.255814,3,0.5,475,415
890,89.5772,ga_tcheby_proxy,mesh9,5,2,0,"[5-2]",1,20,1.59654,0.975,0.242604,1,0.5,476,415
891,89.5851,ga_tcheby_proxy,mesh9,1,5,1,"[]",0,0,0,0,0,0,0.5,476,416
892,89.6459,ga_tcheby_proxy,mesh9,4,3,0,"[4-3]",1,22,1.6318,0.959262,0.247059,1,0.5,477,416
893,89.7026,ga_tcheby_proxy,mesh9,6,2,1,"[]",0,0,0,0,0,0,0.5,477,417
894,89.8135,ga_tcheby_proxy,mesh9,1,8,0,"[1-4-7-8]",3,62,4.80756,0.97,0.260116,3,0.5,478,417
895,89.8632,ga_tcheby_proxy,mesh9,3,7,1,"[]",0,0,0,0,0,0,0.5,478,418
896,90.3999,ga_tcheby_proxy,mesh9,7,2,0,"[7-4-1-2]",3,62,4.80756,0.97,0.260116,3,0.5,479,418
897,90.4763,ga_tcheby_proxy,mesh9,3,2,0,"[3-4-5-2]",3,64,4.82552,0.97,0.260116,3,0.5,480,418
898,90.6206,ga_tcheby_proxy,mesh9,3,2,0,"[3-4-1-2]",3,64,4.82552,0.97,0.264368,3,0.5,481,418
899,90.6306,ga_tcheby_proxy,mesh9,3,4,1,"[]",0,0,0,0,0,0,0.5,481,419
900,90.6693,ga_tcheby_proxy,mesh9,0,1,1,"[]",0,0,0,0,0,0,0.5,481,420
901,90.9576,ga_tcheby_proxy,mesh9,0,8,0,"[0-3-6-7-8]",4,84,6.42205,0.97,0.264368,4,0.5,482,420
902,91.0101,ga_tcheby_proxy,mesh9,2,0,1,"[]",0,0,0,0,0,0,0.5,482,421
903,91.3185,ga_tcheby_proxy,mesh9,3,6,0,"[3-6]",1,20,1.59654,0.975,0.209877,1,0.5,483,421
904,91.3516,ga_tcheby_proxy,mesh9,4,3,1,"[]",0,0,0,0,0,0,0.5,483,422
905,91.405,ga_tcheby_proxy,mesh9,0,5,1,"[]",0,0,0,0,0,0,0.5,483,423
906,91.4472,ga_tcheby_proxy,mesh9,2,0,1,"[]",0,0,0,0,0,0,0.5,483,424
907,91.5067,ga_tcheby_proxy,mesh9,7,8,1,"[]",0,0,0,0,0,0,0.5,483,425
908,91.5894,ga_tcheby_proxy,mesh9,5,2,0,"[5-2]",1,20,1.59654,0.975,0.251462,1,0.5,484,425
909,91.6022,ga_tcheby_proxy,mesh9,7,3,1,"[]",0,0,0,0,0,0,0.5,484,426
910,91.7827,ga_tcheby_proxy,mesh9,4,8,0,"[4-5-8]",2,42,3.21103,0.97,0.264368,2,0.5,485,426
911,91.8232,ga_tcheby_proxy,mesh9,4,5,1,"[]",0,0,0,0,0,0,0.5,485,427
912,91.9605,ga_tcheby_proxy,mesh9,7,3,0,"[7-6-3]",2,42,3.21103,0.97,0.242604,2,0.5,486,427
913,92.1269,ga_tcheby_proxy,mesh9,0,1,0,"[0-1]",1,22,1.61449,0.97,0.224242,1,0.5,487,427
914,92.2344,ga_tcheby_proxy,mesh9,4,6,0,"[4-7-6]",2,42,3.21103,0.97,0.242604,2,0.5,488,427
915,92.242,ga_tcheby_proxy,mesh9,3,2,1,"[]",0,0,0,0,0,0,0.5,488,428
916,92.271,ga_tcheby_proxy,mesh9,1,7,1,"[]",0,0,0,0,0,0,0.5,488,429
917,92.3562,ga_tcheby_proxy,mesh9,3,2,0,"[3-0-1-2]",3,64,4.82552,0.97,0.268571,3,0.5,489,429
918,92.3644,ga_tcheby_proxy,mesh9,8,5,1,"[]",0,0,0,0,0,0,0.5,489,430
919,92.4307,ga_tcheby_proxy,mesh9,1,2,1,"[]",0,0,0,0,0,0,0.5,489,431
920,92.4791,ga_tcheby_proxy,mesh9,6,5,1,"[]",0,0,0,0,0,0,0.5,489,432
921,92.6417,ga_tcheby_proxy,mesh9,5,8,0,"[5-8]",1,20,1.59654,0.975,0.251462,1,0.5,490,432
922,92.728,ga_tcheby_proxy,mesh9,1,3,0,"[1-0-3]",2,42,3.21103,0.97,0.228916,2,0.5,491,432
923,92.7297,ga_tcheby_proxy,mesh9,3,0,0,"[3-0]",1,20,1.64389,0.945959,0.245509,1,0.5,492,432
924,92.7638,ga_tcheby_proxy,mesh9,6,3,1,"[]",0,0,0,0,0,0,0.5,492,433
925,93.0427,ga_tcheby_proxy,mesh9,2,7,0,"[2-1-4-7]",3,62,4.80756,0.97,0.247059,3,0.5,493,433
926,93.3796,ga_tcheby_proxy,mesh9,0,2,0,"[0-1-2]",2,44,3.22898,0.97,0.272727,2,0.5,494,433
927,93.3985,ga_tcheby_proxy,mesh9,8,0,1,"[]",0,0,0,0,0,0,0.5,494,434
928,93.4465,ga_tcheby_proxy,mesh9,5,6,1,"[]",0,0,0,0,0,0,0.5,494,435
929,93.6576,ga_tcheby_proxy,mesh9,1,7,0,"[1-4-7]",2,40,3.19307,0.975,0.251462,2,0.5,495,435
930,93.7834,ga_tcheby_proxy,mesh9,1,8,0,"[1-4-5-8]",3,62,4.80756,0.97,0.268571,3,0.5,496,435
931,93.8495,ga_tcheby_proxy,mesh9,3,1,0,"[3-0-1]",2,42,3.21103,0.97,0.247059,2,0.5,497,435
932,93.8724,ga_tcheby_proxy,mesh9,7,6,1,"[]",0,0,0,0,0,0,0.5,497,436
933,93.901,ga_tcheby_proxy,mesh9,8,3,1,"[]",0,0,0,0,0,0,0.5,497,437
934,94.0851,ga_tcheby_proxy,mesh9,8,0,0,"[8-5-4-3-0]",4,84,6.42205,0.97,0.251462,4,0.5,498,437
935,94.0853,ga_tcheby_proxy,mesh9,3,1,0,"[3-0-1]",2,42,3.22406,0.965978,0.258824,2,0.5,499,437
936,94.219,ga_tcheby_proxy,mesh9,1,4,0,"[1-4]",1,20,1.59654,0.975,0.219512,1,0.5,500,437
937,94.3305,ga_tcheby_proxy,mesh9,1,7,0,"[1-4-7]",2,40,3.19307,0.975,0.255814,2,0.5,501,437
938,94.426,ga_tcheby_proxy,mesh9,6,8,0,"[6-7-8]",2,44,3.22898,0.97,0.268571,2,0.5,502,437
939,94.4696,ga_tcheby_proxy,mesh9,1,8,1,"[]",0,0,0,0,0,0,0.5,502,438
940,94.5531,ga_tcheby_proxy,mesh9,0,5,0,"[0-3-4-5]",3,64,4.82552,0.97,0.272727,3,0.5,503,438
941,94.5921,ga_tcheby_proxy,mesh9,0,8,1,"[]",0,0,0,0,0,0,0.5,503,439
942,94.7424,ga_tcheby_proxy,mesh9,8,6,0,"[8-7-6]",2,44,3.22898,0.97,0.242604,2,0.5,504,439
943,94.884,ga_tcheby_proxy,mesh9,0,6,0,"[0-3-6]",2,40,3.19307,0.975,0.214724,2,0.5,505,439
944,94.9516,ga_tcheby_proxy,mesh9,5,0,1,"[]",0,0,0,0,0,0,0.5,505,440
945,95.1027,ga_tcheby_proxy,mesh9,2,8,0,"[2-5-8]",2,40,3.19307,0.975,0.260116,2,0.5,506,440
946,95.2625,ga_tcheby_proxy,mesh9,1,6,0,"[1-0-3-6]",3,62,4.80756,0.97,0.233533,3,0.5,507,440
947,95.4413,ga_tcheby_proxy,mesh9,6,8,0,"[6-7-8]",2,44,3.22898,0.97,0.272727,2,0.5,508,440
948,95.6964,ga_tcheby_proxy,mesh9,2,4,0,"[2-1-4]",2,42,3.21103,0.97,0.247059,2,0.5,509,440
949,95.8181,ga_tcheby_proxy,mesh9,3,2,0,"[3-4-5-2]",3,64,4.82552,0.97,0.276836,3,0.5,510,440
950,95.8423,ga_tcheby_proxy,mesh9,1,8,1,"[]",0,0,0,0,0,0,0.5,510,441
951,95.9026,ga_tcheby_proxy,mesh9,0,6,1,"[]",0,0,0,0,0,0,0.5,510,442
952,95.9807,ga_tcheby_proxy,mesh9,5,1,0,"[5-4-1]",2,42,3.21103,0.97,0.260116,2,0.5,511,442
953,96.0196,ga_tcheby_proxy,mesh9,4,3,1,"[]",0,0,0,0,0,0,0.5,511,443
954,96.0933,ga_tcheby_proxy,mesh9,7,8,0,"[7-8]",1,22,1.71781,0.909253,0.276836,1,0.5,512,443
955,96.3317,ga_tcheby_proxy,mesh9,6,1,0,"[6-3-0-1]",3,62,4.80756,0.97,0.260116,3,0.5,513,443
956,96.4019,ga_tcheby_proxy,mesh9,4,5,0,"[4-7-8-5]",3,62,4.98287,0.904414,0.280899,3,0.5,514,443
957,96.4068,ga_tcheby_proxy,mesh9,2,5,1,"[]",0,0,0,0,0,0,0.5,514,444
958,96.5545,ga_tcheby_proxy,mesh9,3,2,0,"[3-4-1-2]",3,64,4.82552,0.97,0.276836,3,0.5,515,444
959,96.7031,ga_tcheby_proxy,mesh9,4,5,0,"[4-5]",1,22,1.61449,0.97,0.280899,1,0.5,516,444
960,96.9449,ga_tcheby_proxy,mesh9,8,7,0,"[8-7]",1,22,1.61449,0.97,0.247059,1,0.5,517,444
961,96.9951,ga_tcheby_proxy,mesh9,1,3,1,"[]",0,0,0,0,0,0,0.5,517,445
962,96.9963,ga_tcheby_proxy,mesh9,6,8,1,"[]",0,0,0,0,0,0,0.5,517,446
963,97.1151,ga_tcheby_proxy,mesh9,2,1,0,"[2-1]",1,22,1.61449,0.97,0.251462,1,0.5,518,446
964,97.2768,ga_tcheby_proxy,mesh9,6,0,0,"[6-3-0]",2,40,3.19307,0.975,0.264368,2,0.5,519,446
965,97.399,ga_tcheby_proxy,mesh9,5,8,0,"[5-8]",1,20,1.59654,0.975,0.264368,1,0.5,520,446
966,97.5061,ga_tcheby_proxy,mesh9,6,8,0,"[6-7-8]",2,44,3.22898,0.97,0.284916,2,0.5,521,446
967,97.5244,ga_tcheby_proxy,mesh9,7,4,1,"[]",0,0,0,0,0,0,0.5,521,447
968,97.6605,ga_tcheby_proxy,mesh9,3,2,0,"[3-0-1-2]",3,64,4.82552,0.97,0.280899,3,0.5,522,447
969,98.0603,ga_tcheby_proxy,mesh9,7,8,0,"[7-8]",1,22,1.61449,0.97,0.288889,1,0.5,523,447
970,98.0614,ga_tcheby_proxy,mesh9,4,6,0,"[4-3-6]",2,42,3.27121,0.951474,0.25731,2,0.5,524,447
971,98.0738,ga_tcheby_proxy,mesh9,8,2,1,"[]",0,0,0,0,0,0,0.5,524,448
972,98.121,ga_tcheby_proxy,mesh9,6,8,1,"[]",0,0,0,0,0,0,0.5,524,449
973,98.215,ga_tcheby_proxy,mesh9,6,4,0,"[6-3-4]",2,42,3.21103,0.97,0.255814,2,0.5,525,449
974,98.3009,ga_tcheby_proxy,mesh9,6,3,0,"[6-3]",1,20,1.59654,0.975,0.260116,1,0.5,526,449
975,98.4318,ga_tcheby_proxy,mesh9,1,6,0,"[1-0-3-6]",3,62,4.80756,0.97,0.238095,3,0.5,527,449
976,98.666,ga_tcheby_proxy,mesh9,8,2,0,"[8-5-2]",2,40,3.19307,0.975,0.260116,2,0.5,528,449
977,98.7658,ga_tcheby_proxy,mesh9,4,1,0,"[4-1]",1,20,1.59654,0.975,0.268571,1,0.5,529,449
978,99.0828,ga_tcheby_proxy,mesh9,8,7,0,"[8-7]",1,22,1.61449,0.97,0.251462,1,0.5,530,449
979,99.1704,ga_tcheby_proxy,mesh9,3,1,0,"[3-4-1]",2,42,3.21103,0.97,0.272727,2,0.5,531,449
980,99.4972,ga_tcheby_proxy,mesh9,6,0,0,"[6-3-0]",2,40,3.19307,0.975,0.272727,2,0.5,532,449
981,99.5989,ga_tcheby_proxy,mesh9,3,7,0,"[3-6-7]",2,42,3.21103,0.97,0.260116,2,0.5,533,449
982,99.6557,ga_tcheby_proxy,mesh9,2,1,1,"[]",0,0,0,0,0,0,0.5,533,450
983,99.7276,ga_tcheby_proxy,mesh9,6,7,0,"[6-3-4-7]",3,62,4.85501,0.941126,0.268571,3,0.5,534,450
984,99.7689,ga_tcheby_proxy,mesh9,1,8,1,"[]",0,0,0,0,0,0,0.5,534,451
985,99.7805,ga_tcheby_proxy,mesh9,2,1,1,"[]",0,0,0,0,0,0,0.5,534,452
986,99.9202,ga_tcheby_proxy,mesh9,6,4,0,"[6-7-4]",2,42,3.21103,0.97,0.264368,2,0.5,535,452
987,99.9355,ga_tcheby_proxy,mesh9,4,1,1,"[]",0,0,0,0,0,0,0.5,535,453
988,99.9752,ga_tcheby_proxy,mesh9,2,1,1,"[]",0,0,0,0,0,0,0.5,535,454
989,100.048,ga_tcheby_proxy,mesh9,6,7,0,"[6-7]",1,22,1.67449,0.933771,0.268571,1,0.5,536,454
990,100.085,ga_tcheby_proxy,mesh9,3,7,1,"[]",0,0,0,0,0,0,0.5,536,455
991,100.16,ga_tcheby_proxy,mesh9,1,3,0,"[1-4-3]",2,42,3.21103,0.97,0.260116,2,0.5,537,455
992,100.414,ga_tcheby_proxy,mesh9,5,3,0,"[5-4-3]",2,44,3.22898,0.97,0.264368,2,0.5,538,455
993,100.5,ga_tcheby_proxy,mesh9,8,7,0,"[8-7]",1,22,1.61449,0.97,0.255814,1,0.5,539,455
994,100.523,ga_tcheby_proxy,mesh9,4,1,1,"[]",0,0,0,0,0,0,0.5,539,456
995,100.57,ga_tcheby_proxy,mesh9,4,3,1,"[]",0,0,0,0,0,0,0.5,539,457
996,100.634,ga_tcheby_proxy,mesh9,5,6,1,"[]",0,0,0,0,0,0,0.5,539,458
997,100.665,ga_tcheby_proxy,mesh9,8,7,1,"[]",0,0,0,0,0,0,0.5,539,459
998,100.689,ga_tcheby_proxy,mesh9,4,1,1,"[]",0,0,0,0,0,0,0.5,539,460
999,100.814,ga_tcheby_proxy,mesh9,5,1,0,"[5-2-1]",2,42,3.21103,0.97,0.264368,2,0.5,540,460
1000,100.94,ga_tcheby_proxy,mesh9,1,7,0,"[1-4-7]",2,40,3.19307,0.975,0.268571,2,0.5,541,460
1001,101.002,ga_tcheby_proxy,mesh9,3,0,0,"[3-0]",1,20,1.59654,0.975,0.276836,1,0.5,542,460
1002,101.489,ga_tcheby_proxy,mesh9,6,4,0,"[6-7-4]",2,42,3.21103,0.97,0.272727,2,0.5,543,460
1003,101.56,ga_tcheby_proxy,mesh9,6,4,0,"[6-7-4]",2,42,3.21103,0.97,0.276836,2,0.5,544,460
1004,101.634,ga_tcheby_proxy,mesh9,5,4,0,"[5-8-7-4]",3,62,4.90428,0.912904,0.268571,3,0.5,545,460
1005,101.681,ga_tcheby_proxy,mesh9,6,1,1,"[]",0,0,0,0,0,0,0.5,545,461
1006,101.841,ga_tcheby_proxy,mesh9,1,8,0,"[1-4-5-8]",3,62,4.80756,0.97,0.284916,3,0.5,546,461
1007,101.886,ga_tcheby_proxy,mesh9,5,6,1,"[]",0,0,0,0,0,0,0.5,546,462
1008,102,ga_tcheby_proxy,mesh9,1,7,0,"[1-4-7]",2,40,3.19307,0.975,0.272727,2,0.5,547,462
1009,102.039,ga_tcheby_proxy,mesh9,7,8,1,"[]",0,0,0,0,0,0,0.5,547,463
1010,102.228,ga_tcheby_proxy,mesh9,1,0,0,"[1-0]",1,22,1.61449,0.97,0.242604,1,0.5,548,463
1011,102.32,ga_tcheby_proxy,mesh9,6,5,0,"[6-3-4-5]",3,64,4.82552,0.97,0.288889,3,0.5,549,463
1012,102.769,ga_tcheby_proxy,mesh9,2,4,0,"[2-5-4]",2,42,3.21103,0.97,0.255814,2,0.5,550,463
1013,102.834,ga_tcheby_proxy,mesh9,4,6,0,"[4-3-6]",2,42,3.27197,0.933222,0.268571,2,0.5,551,463
1014,102.916,ga_tcheby_proxy,mesh9,0,3,0,"[0-3]",1,20,1.59654,0.975,0.219512,1,0.5,552,463
1015,103.105,ga_tcheby_proxy,mesh9,8,2,0,"[8-5-2]",2,40,3.19307,0.975,0.268571,2,0.5,553,463
1016,103.177,ga_tcheby_proxy,mesh9,4,0,0,"[4-3-0]",2,42,3.21103,0.97,0.280899,2,0.5,554,463
1017,103.316,ga_tcheby_proxy,mesh9,4,6,0,"[4-3-6]",2,42,3.21103,0.97,0.276836,2,0.5,555,463
1018,103.35,ga_tcheby_proxy,mesh9,4,2,1,"[]",0,0,0,0,0,0,0.5,555,464
1019,103.511,ga_tcheby_proxy,mesh9,3,5,0,"[3-4-5]",2,44,3.22898,0.97,0.292818,2,0.5,556,464
1020,103.64,ga_tcheby_proxy,mesh9,8,5,0,"[8-5]",1,20,1.59654,0.975,0.268571,1,0.5,557,464
1021,103.643,ga_tcheby_proxy,mesh9,6,8,0,"[6-7-8]",2,44,3.36467,0.928947,0.296089,2,0.5,558,464
1022,103.661,ga_tcheby_proxy,mesh9,1,7,1,"[]",0,0,0,0,0,0,0.5,558,465
1023,103.821,ga_tcheby_proxy,mesh9,0,2,0,"[0-1-2]",2,44,3.22898,0.97,0.284916,2,0.5,559,465
1024,103.87,ga_tcheby_proxy,mesh9,0,8,1,"[]",0,0,0,0,0,0,0.5,559,466
1025,103.973,ga_tcheby_proxy,mesh9,8,0,0,"[8-5-2-1-0]",4,84,6.42205,0.97,0.272727,4,0.5,560,466
1026,104.018,ga_tcheby_proxy,mesh9,4,2,1,"[]",0,0,0,0,0,0,0.5,560,467
1027,104.176,ga_tcheby_proxy,mesh9,0,6,0,"[0-3-6]",2,40,3.19307,0.975,0.247059,2,0.5,561,467
1028,104.239,ga_tcheby_proxy,mesh9,4,7,0,"[4-7]",1,20,1.63867,0.949009,0.276836,1,0.5,562,467
1029,104.296,ga_tcheby_proxy,mesh9,0,7,1,"[]",0,0,0,0,0,0,0.5,562,468
1030,104.35,ga_tcheby_proxy,mesh9,8,1,1,"[]",0,0,0,0,0,0,0.5,562,469
1031,104.372,ga_tcheby_proxy,mesh9,2,1,1,"[]",0,0,0,0,0,0,0.5,562,470
1032,104.443,ga_tcheby_proxy,mesh9,7,0,0,"[7-8-5-4-1-0]",5,106,8.12753,0.927397,0.296703,5,0.5,563,470
1033,104.555,ga_tcheby_proxy,mesh9,1,4,0,"[1-4]",1,20,1.59654,0.975,0.251462,1,0.5,564,470
1034,104.796,ga_tcheby_proxy,mesh9,5,8,0,"[5-8]",1,20,1.59654,0.975,0.276836,1,0.5,565,470
1035,104.834,ga_tcheby_proxy,mesh9,5,8,1,"[]",0,0,0,0,0,0,0.5,565,471
1036,104.887,ga_tcheby_proxy,mesh9,6,2,1,"[]",0,0,0,0,0,0,0.5,565,472
1037,104.893,ga_tcheby_proxy,mesh9,1,4,1,"[]",0,0,0,0,0,0,0.5,565,473
1038,104.944,ga_tcheby_proxy,mesh9,1,7,1,"[]",0,0,0,0,0,0,0.5,565,474
1039,105.016,ga_tcheby_proxy,mesh9,6,1,1,"[]",0,0,0,0,0,0,0.5,565,475
1040,105.034,ga_tcheby_proxy,mesh9,7,3,1,"[]",0,0,0,0,0,0,0.5,565,476
1041,105.076,ga_tcheby_proxy,mesh9,0,5,1,"[]",0,0,0,0,0,0,0.5,565,477
1042,105.171,ga_tcheby_proxy,mesh9,5,8,0,"[5-8]",1,20,1.59654,0.975,0.280899,1,0.5,566,477
1043,105.506,ga_tcheby_proxy,mesh9,8,5,0,"[8-5]",1,20,1.59654,0.975,0.280899,1,0.5,567,477
1044,105.569,ga_tcheby_proxy,mesh9,3,6,0,"[3-6]",1,20,1.72026,0.902424,0.251462,1,0.5,568,477
1045,105.87,ga_tcheby_proxy,mesh9,3,6,0,"[3-6]",1,20,1.59654,0.975,0.255814,1,0.5,569,477
1046,106.104,ga_tcheby_proxy,mesh9,4,5,0,"[4-5]",1,22,1.61449,0.97,0.296703,1,0.5,570,477
1047,106.128,ga_tcheby_proxy,mesh9,6,3,1,"[]",0,0,0,0,0,0,0.5,570,478
1048,106.499,ga_tcheby_proxy,mesh9,8,6,0,"[8-7-6]",2,44,3.22898,0.97,0.264368,2,0.5,571,478
1049,106.524,ga_tcheby_proxy,mesh9,5,1,1,"[]",0,0,0,0,0,0,0.5,571,479
1050,106.672,ga_tcheby_proxy,mesh9,8,0,0,"[8-7-4-1-0]",4,84,6.42205,0.97,0.280899,4,0.5,572,479
1051,106.675,ga_tcheby_proxy,mesh9,4,0,0,"[4-1-0]",2,42,3.37774,0.920591,0.291429,2,0.5,573,479
1052,106.683,ga_tcheby_proxy,mesh9,4,5,1,"[]",0,0,0,0,0,0,0.5,573,480
1053,106.828,ga_tcheby_proxy,mesh9,5,8,0,"[5-8]",1,20,1.59654,0.975,0.284916,1,0.5,574,480
1054,106.981,ga_tcheby_proxy,mesh9,6,5,0,"[6-3-4-5]",3,64,4.82552,0.97,0.300546,3,0.5,575,480
1055,107.02,ga_tcheby_proxy,mesh9,6,3,1,"[]",0,0,0,0,0,0,0.5,575,481
1056,107.083,ga_tcheby_proxy,mesh9,4,0,1,"[]",0,0,0,0,0,0,0.5,575,482
1057,107.176,ga_tcheby_proxy,mesh9,4,8,0,"[4-7-8]",2,42,3.21103,0.97,0.300546,2,0.5,576,482
1058,107.368,ga_tcheby_proxy,mesh9,0,8,0,"[0-1-2-5-8]",4,84,6.42205,0.97,0.288889,4,0.5,577,482
1059,107.372,ga_tcheby_proxy,mesh9,4,1,0,"[4-1]",1,20,1.71128,0.907394,0.292135,1,0.5,578,482
1060,107.577,ga_tcheby_proxy,mesh9,2,4,0,"[2-5-4]",2,42,3.21103,0.97,0.264368,2,0.5,579,482
1061,107.637,ga_tcheby_proxy,mesh9,1,0,1,"[]",0,0,0,0,0,0,0.5,579,483
1062,107.713,ga_tcheby_proxy,mesh9,5,6,0,"[5-4-3-6]",3,64,4.82552,0.97,0.280899,3,0.5,580,483
1063,107.763,ga_tcheby_proxy,mesh9,0,5,1,"[]",0,0,0,0,0,0,0.5,580,484
1064,107.931,ga_tcheby_proxy,mesh9,1,6,0,"[1-0-3-6]",3,62,4.80756,0.97,0.264368,3,0.5,581,484
1065,108.027,ga_tcheby_proxy,mesh9,6,4,0,"[6-3-4]",2,42,3.21103,0.97,0.280899,2,0.5,582,484
1066,108.067,ga_tcheby_proxy,mesh9,4,8,1,"[]",0,0,0,0,0,0,0.5,582,485
1067,108.366,ga_tcheby_proxy,mesh9,1,2,0,"[1-2]",1,22,1.61449,0.97,0.292818,1,0.5,583,485
1068,108.516,ga_tcheby_proxy,mesh9,3,1,0,"[3-0-1]",2,42,3.21103,0.97,0.284916,2,0.5,584,485
1069,108.68,ga_tcheby_proxy,mesh9,2,8,0,"[2-5-8]",2,40,3.19307,0.975,0.292818,2,0.5,585,485
1070,108.79,ga_tcheby_proxy,mesh9,8,1,0,"[8-5-2-1]",3,62,4.80756,0.97,0.284916,3,0.5,586,485
1071,108.841,ga_tcheby_proxy,mesh9,0,4,1,"[]",0,0,0,0,0,0,0.5,586,486
1072,108.921,ga_tcheby_proxy,mesh9,6,2,0,"[6-3-4-5-2]",4,84,6.42205,0.97,0.304348,4,0.5,587,486
1073,109.467,ga_tcheby_proxy,mesh9,5,1,0,"[5-2-1]",2,42,3.21103,0.97,0.284916,2,0.5,588,486
1074,109.545,ga_tcheby_proxy,mesh9,5,8,0,"[5-8]",1,20,1.59654,0.975,0.296703,1,0.5,589,486
1075,109.551,ga_tcheby_proxy,mesh9,7,3,1,"[]",0,0,0,0,0,0,0.5,589,487
1076,109.597,ga_tcheby_proxy,mesh9,5,1,1,"[]",0,0,0,0,0,0,0.5,589,488
1077,109.699,ga_tcheby_proxy,mesh9,2,5,0,"[2-5]",1,20,1.59654,0.975,0.272727,1,0.5,590,488
1078,109.8,ga_tcheby_proxy,mesh9,4,0,0,"[4-3-0]",2,42,3.21103,0.97,0.288889,2,0.5,591,488
1079,109.857,ga_tcheby_proxy,mesh9,2,3,1,"[]",0,0,0,0,0,0,0.5,591,489
1080,109.87,ga_tcheby_proxy,mesh9,5,1,1,"[]",0,0,0,0,0,0,0.5,591,490
1081,109.896,ga_tcheby_proxy,mesh9,2,4,1,"[]",0,0,0,0,0,0,0.5,591,491
1082,109.948,ga_tcheby_proxy,mesh9,5,3,1,"[]",0,0,0,0,0,0,0.5,591,492
1083,110.042,ga_tcheby_proxy,mesh9,8,1,0,"[8-5-2-1]",3,62,4.80756,0.97,0.288889,3,0.5,592,492
1084,110.258,ga_tcheby_proxy,mesh9,6,7,0,"[6-7]",1,22,1.61449,0.97,0.284916,1,0.5,593,492
1085,110.26,ga_tcheby_proxy,mesh9,4,5,0,"[4-5]",1,22,1.67679,0.932505,0.311475,1,0.5,594,492
1086,110.382,ga_tcheby_proxy,mesh9,8,5,0,"[8-5]",1,20,1.59654,0.975,0.292818,1,0.5,595,492
1087,110.677,ga_tcheby_proxy,mesh9,6,2,0,"[6-3-0-1-2]",4,84,6.42205,0.97,0.296703,4,0.5,596,492
1088,111.014,ga_tcheby_proxy,mesh9,8,0,0,"[8-7-4-1-0]",4,84,6.42205,0.97,0.292818,4,0.5,597,492
1089,111.279,ga_tcheby_proxy,mesh9,8,2,0,"[8-5-2]",2,40,3.19307,0.975,0.296703,2,0.5,598,492
1090,111.698,ga_tcheby_proxy,mesh9,1,7,0,"[1-4-7]",2,40,3.19307,0.975,0.284916,2,0.5,599,492
1091,111.739,ga_tcheby_proxy,mesh9,6,0,1,"[]",0,0,0,0,0,0,0.5,599,493
1092,111.84,ga_tcheby_proxy,mesh9,6,0,0,"[6-3-0]",2,40,3.19307,0.975,0.296703,2,0.5,600,493
1093,111.918,ga_tcheby_proxy,mesh9,2,0,0,"[2-1-0]",2,44,3.30553,0.924251,0.276836,2,0.5,601,493
1094,111.93,ga_tcheby_proxy,mesh9,0,3,1,"[]",0,0,0,0,0,0,0.5,601,494
1095,112.022,ga_tcheby_proxy,mesh9,0,4,0,"[0-1-4]",2,42,3.21103,0.97,0.272727,2,0.5,602,494
1096,112.196,ga_tcheby_proxy,mesh9,7,0,0,"[7-4-1-0]",3,62,4.80756,0.97,0.296703,3,0.5,603,494
1097,112.343,ga_tcheby_proxy,mesh9,1,0,0,"[1-0]",1,22,1.61449,0.97,0.280899,1,0.5,604,494
1098,112.385,ga_tcheby_proxy,mesh9,0,4,1,"[]",0,0,0,0,0,0,0.5,604,495
1099,112.436,ga_tcheby_proxy,mesh9,1,0,1,"[]",0,0,0,0,0,0,0.5,604,496
1100,112.568,ga_tcheby_proxy,mesh9,5,7,0,"[5-4-7]",2,42,3.21103,0.97,0.288889,2,0.5,605,496
1101,112.724,ga_tcheby_proxy,mesh9,5,0,0,"[5-2-1-0]",3,64,4.82552,0.97,0.296703,3,0.5,606,496
1102,112.726,ga_tcheby_proxy,mesh9,4,2,0,"[4-1-2]",2,42,3.31348,0.938566,0.300546,2,0.5,607,496
1103,112.734,ga_tcheby_proxy,mesh9,8,3,1,"[]",0,0,0,0,0,0,0.5,607,497
1104,112.778,ga_tcheby_proxy,mesh9,5,6,1,"[]",0,0,0,0,0,0,0.5,607,498
1105,112.854,ga_tcheby_proxy,mesh9,7,2,0,"[7-4-1-2]",3,62,4.80756,0.97,0.304348,3,0.5,608,498
1106,112.95,ga_tcheby_proxy,mesh9,6,1,0,"[6-3-0-1]",3,62,4.80756,0.97,0.300546,3,0.5,609,498
1107,112.968,ga_tcheby_proxy,mesh9,3,0,1,"[]",0,0,0,0,0,0,0.5,609,499
1108,113.041,ga_tcheby_proxy,mesh9,5,6,0,"[5-4-7-6]",3,64,4.84487,0.958008,0.292818,3,0.5,610,499
1109,113.056,ga_tcheby_proxy,mesh9,6,8,1,"[]",0,0,0,0,0,0,0.5,610,500
1110,113.064,ga_tcheby_proxy,mesh9,5,7,1,"[]",0,0,0,0,0,0,0.5,610,501
1111,113.244,ga_tcheby_proxy,mesh9,3,2,0,"[3-4-1-2]",3,64,4.82552,0.97,0.308108,3,0.5,611,501
1112,113.423,ga_tcheby_proxy,mesh9,0,4,0,"[0-3-4]",2,42,3.21103,0.97,0.280899,2,0.5,612,501
1113,113.431,ga_tcheby_proxy,mesh9,6,5,1,"[]",0,0,0,0,0,0,0.5,612,502
1114,113.507,ga_tcheby_proxy,mesh9,3,2,0,"[3-4-5-2]",3,64,4.82552,0.97,0.311828,3,0.5,613,502
1115,113.558,ga_tcheby_proxy,mesh9,3,6,1,"[]",0,0,0,0,0,0,0.5,613,503
1116,113.6,ga_tcheby_proxy,mesh9,3,6,1,"[]",0,0,0,0,0,0,0.5,613,504
1117,113.678,ga_tcheby_proxy,mesh9,4,5,0,"[4-5]",1,22,1.61449,0.97,0.315508,1,0.5,614,504
1118,113.717,ga_tcheby_proxy,mesh9,2,5,1,"[]",0,0,0,0,0,0,0.5,614,505
1119,113.818,ga_tcheby_proxy,mesh9,7,8,0,"[7-8]",1,22,1.61449,0.97,0.304348,1,0.5,615,505
1120,113.969,ga_tcheby_proxy,mesh9,6,7,0,"[6-7]",1,22,1.61449,0.97,0.288889,1,0.5,616,505
1121,114.024,ga_tcheby_proxy,mesh9,7,8,1,"[]",0,0,0,0,0,0,0.5,616,506
1122,114.131,ga_tcheby_proxy,mesh9,2,1,0,"[2-1]",1,22,1.61449,0.97,0.284916,1,0.5,617,506
1123,114.285,ga_tcheby_proxy,mesh9,8,1,0,"[8-5-2-1]",3,62,4.80756,0.97,0.304348,3,0.5,618,506
1124,114.291,ga_tcheby_proxy,mesh9,7,5,1,"[]",0,0,0,0,0,0,0.5,618,507
1125,114.348,ga_tcheby_proxy,mesh9,1,3,1,"[]",0,0,0,0,0,0,0.5,618,508
1126,114.606,ga_tcheby_proxy,mesh9,5,3,0,"[5-4-3]",2,44,3.22898,0.97,0.288889,2,0.5,619,508
1127,114.735,ga_tcheby_proxy,mesh9,6,4,0,"[6-7-4]",2,42,3.21103,0.97,0.292818,2,0.5,620,508
1128,114.797,ga_tcheby_proxy,mesh9,2,0,0,"[2-5-8-7-6-3-0]",6,124,10.0071,0.903213,0.304348,6,0.5,621,508
1129,114.805,ga_tcheby_proxy,mesh9,5,8,1,"[]",0,0,0,0,0,0,0.5,621,509
1130,114.886,ga_tcheby_proxy,mesh9,5,8,0,"[5-8]",1,20,1.59654,0.975,0.304348,1,0.5,622,509
1131,114.975,ga_tcheby_proxy,mesh9,7,6,0,"[7-6]",1,22,1.61449,0.97,0.260116,1,0.5,623,509
1132,115.119,ga_tcheby_proxy,mesh9,4,0,0,"[4-3-0]",2,42,3.21103,0.97,0.308108,2,0.5,624,509
1133,115.326,ga_tcheby_proxy,mesh9,0,7,0,"[0-1-4-7]",3,62,4.80756,0.97,0.296703,3,0.5,625,509
1134,115.515,ga_tcheby_proxy,mesh9,4,1,0,"[4-1]",1,20,1.59654,0.975,0.311828,1,0.5,626,509
1135,115.591,ga_tcheby_proxy,mesh9,8,7,0,"[8-7]",1,22,1.61449,0.97,0.280899,1,0.5,627,509
1136,115.622,ga_tcheby_proxy,mesh9,4,3,1,"[]",0,0,0,0,0,0,0.5,627,510
1137,115.78,ga_tcheby_proxy,mesh9,1,7,0,"[1-4-7]",2,40,3.19307,0.975,0.300546,2,0.5,628,510
1138,115.832,ga_tcheby_proxy,mesh9,6,3,1,"[]",0,0,0,0,0,0,0.5,628,511
1139,116.125,ga_tcheby_proxy,mesh9,4,2,0,"[4-1-2]",2,42,3.21103,0.97,0.315508,2,0.5,629,511
1140,116.303,ga_tcheby_proxy,mesh9,3,6,0,"[3-6]",1,20,1.59654,0.975,0.268571,1,0.5,630,511
1141,116.336,ga_tcheby_proxy,mesh9,6,7,1,"[]",0,0,0,0,0,0,0.5,630,512
1142,116.487,ga_tcheby_proxy,mesh9,1,0,0,"[1-0]",1,22,1.61449,0.97,0.288889,1,0.5,631,512
1143,116.502,ga_tcheby_proxy,mesh9,0,1,1,"[]",0,0,0,0,0,0,0.5,631,513
1144,116.609,ga_tcheby_proxy,mesh9,6,0,0,"[6-3-0]",2,40,3.19307,0.975,0.311828,2,0.5,632,513
1145,116.793,ga_tcheby_proxy,mesh9,5,3,0,"[5-4-3]",2,44,3.22898,0.97,0.296703,2,0.5,633,513
1146,116.821,ga_tcheby_proxy,mesh9,2,7,1,"[]",0,0,0,0,0,0,0.5,633,514
1147,116.884,ga_tcheby_proxy,mesh9,4,6,0,"[4-3-6]",2,42,3.25811,0.946045,0.300546,2,0.5,634,514
1148,116.958,ga_tcheby_proxy,mesh9,5,7,0,"[5-4-7]",2,42,3.22976,0.958388,0.304348,2,0.5,635,514
1149,117.15,ga_tcheby_proxy,mesh9,5,3,0,"[5-4-3]",2,44,3.22898,0.97,0.304348,2,0.5,636,514
1150,117.161,ga_tcheby_proxy,mesh9,3,4,1,"[]",0,0,0,0,0,0,0.5,636,515
1151,117.302,ga_tcheby_proxy,mesh9,3,5,0,"[3-4-5]",2,44,3.22898,0.97,0.319149,2,0.5,637,515
1152,117.397,ga_tcheby_proxy,mesh9,1,3,0,"[1-0-3]",2,42,3.21103,0.97,0.292818,2,0.5,638,515
1153,117.404,ga_tcheby_proxy,mesh9,3,6,1,"[]",0,0,0,0,0,0,0.5,638,516
1154,117.643,ga_tcheby_proxy,mesh9,1,7,0,"[1-4-7]",2,40,3.19307,0.975,0.308108,2,0.5,639,516
1155,117.906,ga_tcheby_proxy,mesh9,0,7,0,"[0-3-6-7]",3,62,4.80756,0.97,0.296703,3,0.5,640,516
1156,118.467,ga_tcheby_proxy,mesh9,7,0,0,"[7-4-3-0]",3,62,4.80756,0.97,0.315508,3,0.5,641,516
1157,118.552,ga_tcheby_proxy,mesh9,3,7,0,"[3-6-7]",2,42,3.21103,0.97,0.300546,2,0.5,642,516
1158,118.749,ga_tcheby_proxy,mesh9,5,3,0,"[5-4-3]",2,44,3.22898,0.97,0.311828,2,0.5,643,516
1159,119.537,ga_tcheby_proxy,mesh9,5,4,0,"[5-4]",1,22,1.61449,0.97,0.300546,1,0.5,644,516
1160,119.586,ga_tcheby_proxy,mesh9,6,8,1,"[]",0,0,0,0,0,0,0.5,644,517
1161,119.688,ga_tcheby_proxy,mesh9,5,1,0,"[5-2-1]",2,42,3.21103,0.97,0.308108,2,0.5,645,517
1162,119.737,ga_tcheby_proxy,mesh9,0,7,1,"[]",0,0,0,0,0,0,0.5,645,518
1163,119.884,ga_tcheby_proxy,mesh9,2,6,0,"[2-1-0-3-6]",4,84,6.42205,0.97,0.296703,4,0.5,646,518
1164,119.966,ga_tcheby_proxy,mesh9,2,3,0,"[2-1-0-3]",3,64,4.82552,0.97,0.300546,3,0.5,647,518
1165,119.994,ga_tcheby_proxy,mesh9,1,0,1,"[]",0,0,0,0,0,0,0.5,647,519
1166,120.184,ga_tcheby_proxy,mesh9,1,8,0,"[1-4-7-8]",3,62,4.80756,0.97,0.311828,3,0.5,648,519
1167,120.51,ga_tcheby_proxy,mesh9,8,4,0,"[8-7-4]",2,42,3.21103,0.97,0.292818,2,0.5,649,519
1168,120.568,ga_tcheby_proxy,mesh9,7,3,0,"[7-6-3]",2,42,3.38509,0.91553,0.308108,2,0.5,650,519
1169,120.594,ga_tcheby_proxy,mesh9,6,3,1,"[]",0,0,0,0,0,0,0.5,650,520
1170,120.621,ga_tcheby_proxy,mesh9,4,8,1,"[]",0,0,0,0,0,0,0.5,650,521
1171,120.661,ga_tcheby_proxy,mesh9,5,7,1,"[]",0,0,0,0,0,0,0.5,650,522
1172,120.871,ga_tcheby_proxy,mesh9,0,5,0,"[0-1-2-5]",3,64,4.82552,0.97,0.315508,3,0.5,651,522
1173,120.906,ga_tcheby_proxy,mesh9,7,1,1,"[]",0,0,0,0,0,0,0.5,651,523
1174,120.952,ga_tcheby_proxy,mesh9,0,6,1,"[]",0,0,0,0,0,0,0.5,651,524
1175,120.993,ga_tcheby_proxy,mesh9,0,1,1,"[]",0,0,0,0,0,0,0.5,651,525
1176,121.266,ga_tcheby_proxy,mesh9,0,2,0,"[0-1-2]",2,44,3.22898,0.97,0.319149,2,0.5,652,525
1177,121.376,ga_tcheby_proxy,mesh9,8,6,0,"[8-7-6]",2,44,3.22898,0.97,0.288889,2,0.5,653,525
1178,121.401,ga_tcheby_proxy,mesh9,7,2,1,"[]",0,0,0,0,0,0,0.5,653,526
1179,121.414,ga_tcheby_proxy,mesh9,3,0,1,"[]",0,0,0,0,0,0,0.5,653,527
1180,121.496,ga_tcheby_proxy,mesh9,8,3,0,"[8-7-6-3]",3,64,4.82552,0.97,0.311828,3,0.5,654,527
1181,121.516,ga_tcheby_proxy,mesh9,8,6,1,"[]",0,0,0,0,0,0,0.5,654,528
1182,121.517,ga_tcheby_proxy,mesh9,7,4,1,"[]",0,0,0,0,0,0,0.5,654,529
1183,121.559,ga_tcheby_proxy,mesh9,8,5,1,"[]",0,0,0,0,0,0,0.5,654,530
1184,121.572,ga_tcheby_proxy,mesh9,8,2,1,"[]",0,0,0,0,0,0,0.5,654,531
1185,121.815,ga_tcheby_proxy,mesh9,7,1,0,"[7-4-1]",2,40,3.19307,0.975,0.319149,2,0.5,655,531
1186,121.95,ga_tcheby_proxy,mesh9,2,4,0,"[2-5-4]",2,42,3.21103,0.97,0.304348,2,0.5,656,531
1187,121.954,ga_tcheby_proxy,mesh9,6,0,0,"[6-3-0]",2,40,3.4133,0.908329,0.324324,2,0.5,657,531
1188,122.112,ga_tcheby_proxy,mesh9,6,0,0,"[6-3-0]",2,40,3.19307,0.975,0.322751,2,0.5,658,531
1189,122.129,ga_tcheby_proxy,mesh9,6,7,1,"[]",0,0,0,0,0,0,0.5,658,532
1190,122.223,ga_tcheby_proxy,mesh9,3,5,0,"[3-4-5]",2,44,3.22898,0.97,0.322751,2,0.5,659,532
1191,122.64,ga_tcheby_proxy,mesh9,3,2,0,"[3-4-1-2]",3,64,4.82552,0.97,0.322751,3,0.5,660,532
1192,122.682,ga_tcheby_proxy,mesh9,2,7,1,"[]",0,0,0,0,0,0,0.5,660,533
1193,122.769,ga_tcheby_proxy,mesh9,3,2,0,"[3-4-5-2]",3,64,4.82552,0.97,0.326316,3,0.5,661,533
1194,122.794,ga_tcheby_proxy,mesh9,2,4,1,"[]",0,0,0,0,0,0,0.5,661,534
1195,122.938,ga_tcheby_proxy,mesh9,2,8,0,"[2-5-8]",2,40,3.19307,0.975,0.308108,2,0.5,662,534
1196,122.966,ga_tcheby_proxy,mesh9,3,7,1,"[]",0,0,0,0,0,0,0.5,662,535
1197,123.098,ga_tcheby_proxy,mesh9,3,1,0,"[3-0-1]",2,42,3.21103,0.97,0.326316,2,0.5,663,535
1198,123.248,ga_tcheby_proxy,mesh9,6,1,0,"[6-7-4-1]",3,62,4.80756,0.97,0.326316,3,0.5,664,535
1199,123.277,ga_tcheby_proxy,mesh9,3,7,1,"[]",0,0,0,0,0,0,0.5,664,536
1200,123.612,ga_tcheby_proxy,mesh9,2,6,0,"[2-1-0-3-6]",4,84,6.42205,0.97,0.304348,4,0.5,665,536
1201,123.694,ga_tcheby_proxy,mesh9,2,5,0,"[2-5]",1,20,1.59654,0.975,0.292818,1,0.5,666,536
1202,123.753,ga_tcheby_proxy,mesh9,5,4,1,"[]",0,0,0,0,0,0,0.5,666,537
1203,123.868,ga_tcheby_proxy,mesh9,1,6,0,"[1-0-3-6]",3,62,4.80756,0.97,0.308108,3,0.5,667,537
1204,123.907,ga_tcheby_proxy,mesh9,0,3,1,"[]",0,0,0,0,0,0,0.5,667,538
1205,124.166,ga_tcheby_proxy,mesh9,3,6,0,"[3-6]",1,20,1.59654,0.975,0.296703,1,0.5,668,538
1206,124.169,ga_tcheby_proxy,mesh9,4,1,0,"[4-1]",1,20,1.67779,0.926231,0.336898,1,0.5,669,538
1207,124.377,ga_tcheby_proxy,mesh9,7,8,0,"[7-8]",1,22,1.61449,0.97,0.311828,1,0.5,670,538
1208,124.43,ga_tcheby_proxy,mesh9,8,4,1,"[]",0,0,0,0,0,0,0.5,670,539
1209,124.63,ga_tcheby_proxy,mesh9,2,1,0,"[2-1]",1,22,1.61449,0.97,0.308108,1,0.5,671,539
1210,124.682,ga_tcheby_proxy,mesh9,0,2,1,"[]",0,0,0,0,0,0,0.5,671,540
1211,124.925,ga_tcheby_proxy,mesh9,6,2,0,"[6-7-8-5-2]",4,84,6.42205,0.97,0.315508,4,0.5,672,540
1212,124.995,ga_tcheby_proxy,mesh9,7,0,0,"[7-4-1-0]",3,62,4.80756,0.97,0.333333,3,0.5,673,540
1213,125.132,ga_tcheby_proxy,mesh9,3,2,0,"[3-4-5-2]",3,64,4.82552,0.97,0.329843,3,0.5,674,540
1214,125.435,ga_tcheby_proxy,mesh9,8,6,0,"[8-7-6]",2,44,3.22898,0.97,0.296703,2,0.5,675,540
1215,125.488,ga_tcheby_proxy,mesh9,0,6,1,"[]",0,0,0,0,0,0,0.5,675,541
1216,125.858,ga_tcheby_proxy,mesh9,2,1,0,"[2-1]",1,22,1.61449,0.97,0.311828,1,0.5,676,541
1217,125.891,ga_tcheby_proxy,mesh9,7,2,1,"[]",0,0,0,0,0,0,0.5,676,542
1218,125.895,ga_tcheby_proxy,mesh9,7,1,1,"[]",0,0,0,0,0,0,0.5,676,543
1219,125.95,ga_tcheby_proxy,mesh9,5,6,1,"[]",0,0,0,0,0,0,0.5,676,544
1220,125.965,ga_tcheby_proxy,mesh9,3,8,1,"[]",0,0,0,0,0,0,0.5,676,545
1221,126.077,ga_tcheby_proxy,mesh9,8,4,0,"[8-7-4]",2,42,3.21103,0.97,0.308108,2,0.5,677,545
1222,126.103,ga_tcheby_proxy,mesh9,7,1,1,"[]",0,0,0,0,0,0,0.5,677,546
1223,126.329,ga_tcheby_proxy,mesh9,8,1,0,"[8-5-2-1]",3,62,4.80756,0.97,0.322751,3,0.5,678,546
1224,126.398,ga_tcheby_proxy,mesh9,2,6,0,"[2-1-4-7-6]",4,84,6.49282,0.942916,0.319149,4,0.5,679,546
1225,126.497,ga_tcheby_proxy,mesh9,1,6,0,"[1-0-3-6]",3,62,4.80756,0.97,0.315508,3,0.5,680,546
1226,126.659,ga_tcheby_proxy,mesh9,2,7,0,"[2-5-8-7]",3,62,4.80756,0.97,0.311828,3,0.5,681,546
1227,126.69,ga_tcheby_proxy,mesh9,6,5,1,"[]",0,0,0,0,0,0,0.5,681,547
1228,127.409,ga_tcheby_proxy,mesh9,0,5,0,"[0-1-2-5]",3,64,4.82552,0.97,0.326316,3,0.5,682,547
1229,127.466,ga_tcheby_proxy,mesh9,4,5,1,"[]",0,0,0,0,0,0,0.5,682,548
1230,127.75,ga_tcheby_proxy,mesh9,4,0,0,"[4-3-0]",2,42,3.21103,0.97,0.329843,2,0.5,683,548
1231,127.817,ga_tcheby_proxy,mesh9,8,3,0,"[8-5-4-3]",3,64,5.07624,0.911358,0.319149,3,0.5,684,548
1232,127.851,ga_tcheby_proxy,mesh9,6,8,1,"[]",0,0,0,0,0,0,0.5,684,549
1233,128.006,ga_tcheby_proxy,mesh9,0,1,0,"[0-1]",1,22,1.61449,0.97,0.300546,1,0.5,685,549
1234,128.034,ga_tcheby_proxy,mesh9,0,4,1,"[]",0,0,0,0,0,0,0.5,685,550
1235,128.065,ga_tcheby_proxy,mesh9,5,3,1,"[]",0,0,0,0,0,0,0.5,685,551
1236,128.096,ga_tcheby_proxy,mesh9,2,6,1,"[]",0,0,0,0,0,0,0.5,685,552
1237,128.251,ga_tcheby_proxy,mesh9,3,4,0,"[3-4]",1,22,1.61449,0.97,0.308108,1,0.5,686,552
1238,128.354,ga_tcheby_proxy,mesh9,7,4,0,"[7-4]",1,20,1.59654,0.975,0.311828,1,0.5,687,552
1239,129.082,ga_tcheby_proxy,mesh9,4,5,0,"[4-5]",1,22,1.61449,0.97,0.333333,1,0.5,688,552
1240,129.101,ga_tcheby_proxy,mesh9,7,0,1,"[]",0,0,0,0,0,0,0.5,688,553
1241,129.203,ga_tcheby_proxy,mesh9,8,7,0,"[8-7]",1,22,1.61449,0.97,0.308108,1,0.5,689,553
1242,129.237,ga_tcheby_proxy,mesh9,4,8,1,"[]",0,0,0,0,0,0,0.5,689,554
1243,129.339,ga_tcheby_proxy,mesh9,4,2,0,"[4-1-2]",2,42,3.21103,0.97,0.336788,2,0.5,690,554
1244,129.378,ga_tcheby_proxy,mesh9,1,2,1,"[]",0,0,0,0,0,0,0.5,690,555
1245,129.578,ga_tcheby_proxy,mesh9,6,0,0,"[6-3-0]",2,40,3.19307,0.975,0.333333,2,0.5,691,555
1246,129.629,ga_tcheby_proxy,mesh9,7,6,1,"[]",0,0,0,0,0,0,0.5,691,556
1247,129.634,ga_tcheby_proxy,mesh9,2,0,1,"[]",0,0,0,0,0,0,0.5,691,557
1248,129.725,ga_tcheby_proxy,mesh9,0,1,0,"[0-1]",1,22,1.61449,0.97,0.304348,1,0.5,692,557
1249,129.74,ga_tcheby_proxy,mesh9,8,4,1,"[]",0,0,0,0,0,0,0.5,692,558
1250,129.813,ga_tcheby_proxy,mesh9,3,2,0,"[3-4-5-2]",3,64,4.9042,0.92848,0.336788,3,0.5,693,558
1251,129.834,ga_tcheby_proxy,mesh9,0,7,1,"[]",0,0,0,0,0,0,0.5,693,559
1252,129.907,ga_tcheby_proxy,mesh9,6,0,0,"[6-3-0]",2,40,3.19307,0.975,0.336788,2,0.5,694,559
1253,130.046,ga_tcheby_proxy,mesh9,3,1,0,"[3-4-1]",2,42,3.21103,0.97,0.340206,2,0.5,695,559
1254,130.053,ga_tcheby_proxy,mesh9,8,6,1,"[]",0,0,0,0,0,0,0.5,695,560
1255,130.134,ga_tcheby_proxy,mesh9,4,6,0,"[4-3-6]",2,42,3.21103,0.97,0.322751,2,0.5,696,560
1256,130.175,ga_tcheby_proxy,mesh9,4,3,1,"[]",0,0,0,0,0,0,0.5,696,561
1257,130.208,ga_tcheby_proxy,mesh9,7,6,1,"[]",0,0,0,0,0,0,0.5,696,562
1258,130.351,ga_tcheby_proxy,mesh9,7,2,0,"[7-8-5-2]",3,62,4.80756,0.97,0.329843,3,0.5,697,562
1259,130.402,ga_tcheby_proxy,mesh9,3,0,1,"[]",0,0,0,0,0,0,0.5,697,563
1260,130.839,ga_tcheby_proxy,mesh9,2,3,0,"[2-1-0-3]",3,64,4.82552,0.97,0.322751,3,0.5,698,563
1261,130.863,ga_tcheby_proxy,mesh9,5,6,1,"[]",0,0,0,0,0,0,0.5,698,564
1262,130.951,ga_tcheby_proxy,mesh9,8,4,0,"[8-7-4]",2,42,3.21103,0.97,0.315508,2,0.5,699,564
1263,130.953,ga_tcheby_proxy,mesh9,3,1,0,"[3-0-1]",2,42,3.35287,0.928447,0.34555,2,0.5,700,564
1264,131.147,ga_tcheby_proxy,mesh9,4,3,0,"[4-3]",1,22,1.61449,0.97,0.326316,1,0.5,701,564
1265,131.178,ga_tcheby_proxy,mesh9,8,6,1,"[]",0,0,0,0,0,0,0.5,701,565
1266,131.364,ga_tcheby_proxy,mesh9,0,7,0,"[0-3-6-7]",3,62,4.80756,0.97,0.311828,3,0.5,702,565
1267,131.468,ga_tcheby_proxy,mesh9,6,3,0,"[6-3]",1,20,1.59654,0.975,0.329843,1,0.5,703,565
1268,131.483,ga_tcheby_proxy,mesh9,8,7,1,"[]",0,0,0,0,0,0,0.5,703,566
1269,131.507,ga_tcheby_proxy,mesh9,6,1,1,"[]",0,0,0,0,0,0,0.5,703,567
1270,131.731,ga_tcheby_proxy,mesh9,4,7,0,"[4-7]",1,20,1.59654,0.975,0.319149,1,0.5,704,567
1271,131.836,ga_tcheby_proxy,mesh9,4,8,0,"[4-7-8]",2,42,3.21103,0.97,0.322751,2,0.5,705,567
1272,131.843,ga_tcheby_proxy,mesh9,3,5,1,"[]",0,0,0,0,0,0,0.5,705,568
1273,132.084,ga_tcheby_proxy,mesh9,4,1,0,"[4-1]",1,20,1.59654,0.975,0.34359,1,0.5,706,568
1274,132.297,ga_tcheby_proxy,mesh9,0,2,0,"[0-1-2]",2,44,3.22898,0.97,0.333333,2,0.5,707,568
1275,132.325,ga_tcheby_proxy,mesh9,3,8,1,"[]",0,0,0,0,0,0,0.5,707,569
1276,132.348,ga_tcheby_proxy,mesh9,5,4,1,"[]",0,0,0,0,0,0,0.5,707,570
1277,132.428,ga_tcheby_proxy,mesh9,0,5,0,"[0-1-2-5]",3,64,4.82552,0.97,0.336788,3,0.5,708,570
1278,132.449,ga_tcheby_proxy,mesh9,5,1,1,"[]",0,0,0,0,0,0,0.5,708,571
1279,132.534,ga_tcheby_proxy,mesh9,8,1,0,"[8-5-2-1]",3,62,4.80756,0.97,0.333333,3,0.5,709,571
1280,132.699,ga_tcheby_proxy,mesh9,7,4,0,"[7-4]",1,20,1.59654,0.975,0.319149,1,0.5,710,571
1281,132.754,ga_tcheby_proxy,mesh9,0,1,1,"[]",0,0,0,0,0,0,0.5,710,572
1282,132.805,ga_tcheby_proxy,mesh9,6,3,1,"[]",0,0,0,0,0,0,0.5,710,573
1283,132.896,ga_tcheby_proxy,mesh9,4,1,0,"[4-1]",1,20,1.59654,0.975,0.346939,1,0.5,711,573
1284,132.926,ga_tcheby_proxy,mesh9,7,6,1,"[]",0,0,0,0,0,0,0.5,711,574
1285,132.93,ga_tcheby_proxy,mesh9,8,0,1,"[]",0,0,0,0,0,0,0.5,711,575
1286,133.112,ga_tcheby_proxy,mesh9,1,8,0,"[1-4-7-8]",3,62,4.80756,0.97,0.326316,3,0.5,712,575
1287,133.163,ga_tcheby_proxy,mesh9,8,1,1,"[]",0,0,0,0,0,0,0.5,712,576
1288,133.344,ga_tcheby_proxy,mesh9,7,5,0,"[7-8-5]",2,42,3.21103,0.97,0.329843,2,0.5,713,576
1289,133.389,ga_tcheby_proxy,mesh9,5,1,1,"[]",0,0,0,0,0,0,0.5,713,577
1290,133.508,ga_tcheby_proxy,mesh9,0,2,0,"[0-1-2]",2,44,3.22898,0.97,0.340206,2,0.5,714,577
1291,133.616,ga_tcheby_proxy,mesh9,5,8,0,"[5-8]",1,20,1.59654,0.975,0.315508,1,0.5,715,577
1292,134.217,ga_tcheby_proxy,mesh9,4,2,0,"[4-5-2]",2,42,3.21103,0.97,0.340206,2,0.5,716,577
1293,134.221,ga_tcheby_proxy,mesh9,3,4,0,"[3-4]",1,22,1.72084,0.907794,0.32967,1,0.5,717,577
1294,134.246,ga_tcheby_proxy,mesh9,3,6,1,"[]",0,0,0,0,0,0,0.5,717,578
1295,134.556,ga_tcheby_proxy,mesh9,4,8,0,"[4-7-8]",2,42,3.21103,0.97,0.333333,2,0.5,718,578
1296,134.601,ga_tcheby_proxy,mesh9,2,6,1,"[]",0,0,0,0,0,0,0.5,718,579
1297,134.64,ga_tcheby_proxy,mesh9,3,4,1,"[]",0,0,0,0,0,0,0.5,718,580
1298,134.642,ga_tcheby_proxy,mesh9,5,2,1,"[]",0,0,0,0,0,0,0.5,718,581
1299,134.646,ga_tcheby_proxy,mesh9,8,7,1,"[]",0,0,0,0,0,0,0.5,718,582
1300,134.791,ga_tcheby_proxy,mesh9,8,0,0,"[8-5-2-1-0]",4,84,6.42205,0.97,0.340206,4,0.5,719,582
1301,134.969,ga_tcheby_proxy,mesh9,1,0,0,"[1-0]",1,22,1.61449,0.97,0.326316,1,0.5,720,582
1302,135.029,ga_tcheby_proxy,mesh9,0,7,1,"[]",0,0,0,0,0,0,0.5,720,583
1303,135.092,ga_tcheby_proxy,mesh9,1,2,1,"[]",0,0,0,0,0,0,0.5,720,584
1304,135.13,ga_tcheby_proxy,mesh9,2,6,1,"[]",0,0,0,0,0,0,0.5,720,585
1305,135.138,ga_tcheby_proxy,mesh9,8,0,1,"[]",0,0,0,0,0,0,0.5,720,586
1306,135.351,ga_tcheby_proxy,mesh9,1,5,0,"[1-2-5]",2,42,3.21103,0.97,0.34359,2,0.5,721,586
1307,135.416,ga_tcheby_proxy,mesh9,6,4,0,"[6-3-0-1-4]",4,82,6.65907,0.917046,0.34359,4,0.5,722,586
1308,135.549,ga_tcheby_proxy,mesh9,8,7,0,"[8-7]",1,22,1.61449,0.97,0.315508,1,0.5,723,586
1309,135.585,ga_tcheby_proxy,mesh9,3,2,1,"[]",0,0,0,0,0,0,0.5,723,587
1310,135.647,ga_tcheby_proxy,mesh9,0,5,1,"[]",0,0,0,0,0,0,0.5,723,588
1311,135.699,ga_tcheby_proxy,mesh9,6,2,1,"[]",0,0,0,0,0,0,0.5,723,589
1312,135.756,ga_tcheby_proxy,mesh9,8,0,1,"[]",0,0,0,0,0,0,0.5,723,590
1313,135.901,ga_tcheby_proxy,mesh9,1,3,0,"[1-4-3]",2,42,3.21103,0.97,0.329843,2,0.5,724,590
1314,136.173,ga_tcheby_proxy,mesh9,4,1,0,"[4-1]",1,20,1.59654,0.975,0.350254,1,0.5,725,590
1315,136.174,ga_tcheby_proxy,mesh9,3,2,0,"[3-4-5-2]",3,64,4.88412,0.957822,0.34715,3,0.5,726,590
1316,136.456,ga_tcheby_proxy,mesh9,4,0,0,"[4-3-0]",2,42,3.21103,0.97,0.346939,2,0.5,727,590
1317,136.71,ga_tcheby_proxy,mesh9,8,6,0,"[8-7-6]",2,44,3.22898,0.97,0.319149,2,0.5,728,590
1318,136.768,ga_tcheby_proxy,mesh9,2,5,1,"[]",0,0,0,0,0,0,0.5,728,591
1319,136.905,ga_tcheby_proxy,mesh9,1,4,0,"[1-4]",1,20,1.59654,0.975,0.296703,1,0.5,729,591
1320,136.906,ga_tcheby_proxy,mesh9,8,4,0,"[8-7-4]",2,42,3.29755,0.943436,0.32973,2,0.5,730,591
1321,137.186,ga_tcheby_proxy,mesh9,6,7,0,"[6-7]",1,22,1.61449,0.97,0.315508,1,0.5,731,591
1322,137.211,ga_tcheby_proxy,mesh9,5,3,1,"[]",0,0,0,0,0,0,0.5,731,592
1323,137.23,ga_tcheby_proxy,mesh9,8,4,1,"[]",0,0,0,0,0,0,0.5,731,593
1324,137.292,ga_tcheby_proxy,mesh9,8,4,0,"[8-5-4]",2,42,3.29755,0.934048,0.329843,2,0.5,732,593
1325,137.57,ga_tcheby_proxy,mesh9,5,7,0,"[5-8-7]",2,42,3.21103,0.97,0.326316,2,0.5,733,593
1326,137.727,ga_tcheby_proxy,mesh9,4,3,0,"[4-3]",1,22,1.61449,0.97,0.336788,1,0.5,734,593
1327,137.816,ga_tcheby_proxy,mesh9,3,4,0,"[3-4]",1,22,1.61449,0.97,0.326316,1,0.5,735,593
1328,137.921,ga_tcheby_proxy,mesh9,5,8,0,"[5-8]",1,20,1.59654,0.975,0.322751,1,0.5,736,593
1329,137.986,ga_tcheby_proxy,mesh9,7,0,1,"[]",0,0,0,0,0,0,0.5,736,594
1330,138.051,ga_tcheby_proxy,mesh9,8,7,0,"[8-7]",1,22,1.6234,0.964443,0.329843,1,0.5,737,594
1331,138.064,ga_tcheby_proxy,mesh9,3,1,1,"[]",0,0,0,0,0,0,0.5,737,595
1332,138.076,ga_tcheby_proxy,mesh9,2,6,1,"[]",0,0,0,0,0,0,0.5,737,596
1333,138.188,ga_tcheby_proxy,mesh9,3,6,0,"[3-6]",1,20,1.59654,0.975,0.311828,1,0.5,738,596
1334,138.264,ga_tcheby_proxy,mesh9,7,8,0,"[7-8]",1,22,1.61449,0.97,0.336788,1,0.5,739,596
1335,138.361,ga_tcheby_proxy,mesh9,8,1,0,"[8-5-2-1]",3,62,4.80756,0.97,0.346939,3,0.5,740,596
1336,138.37,ga_tcheby_proxy,mesh9,1,7,1,"[]",0,0,0,0,0,0,0.5,740,597
1337,138.372,ga_tcheby_proxy,mesh9,1,8,1,"[]",0,0,0,0,0,0,0.5,740,598
1338,138.39,ga_tcheby_proxy,mesh9,8,0,1,"[]",0,0,0,0,0,0,0.5,740,599
1339,138.499,ga_tcheby_proxy,mesh9,2,3,0,"[2-1-0-3]",3,64,4.82552,0.97,0.336788,3,0.5,741,599
1340,138.527,ga_tcheby_proxy,mesh9,8,0,1,"[]",0,0,0,0,0,0,0.5,741,600
1341,138.59,ga_tcheby_proxy,mesh9,4,1,1,"[]",0,0,0,0,0,0,0.5,741,601
1342,138.628,ga_tcheby_proxy,mesh9,0,3,1,"[]",0,0,0,0,0,0,0.5,741,602
1343,138.703,ga_tcheby_proxy,mesh9,0,2,0,"[0-1-2]",2,44,3.25884,0.951626,0.346939,2,0.5,742,602
1344,138.775,ga_tcheby_proxy,mesh9,0,2,0,"[0-1-2]",2,44,3.41807,0.903276,0.350254,2,0.5,743,602
1345,138.887,ga_tcheby_proxy,mesh9,1,8,0,"[1-4-7-8]",3,62,4.80756,0.97,0.340206,3,0.5,744,602
1346,138.923,ga_tcheby_proxy,mesh9,1,5,1,"[]",0,0,0,0,0,0,0.5,744,603
1347,138.971,ga_tcheby_proxy,mesh9,7,8,1,"[]",0,0,0,0,0,0,0.5,744,604
1348,139.003,ga_tcheby_proxy,mesh9,5,6,1,"[]",0,0,0,0,0,0,0.5,744,605
1349,139.101,ga_tcheby_proxy,mesh9,3,7,0,"[3-6-7]",2,42,3.21103,0.97,0.319149,2,0.5,745,605
1350,139.111,ga_tcheby_proxy,mesh9,0,1,1,"[]",0,0,0,0,0,0,0.5,745,606
1351,139.169,ga_tcheby_proxy,mesh9,7,6,1,"[]",0,0,0,0,0,0,0.5,745,607
1352,139.25,ga_tcheby_proxy,mesh9,3,0,0,"[3-0]",1,20,1.59654,0.975,0.350254,1,0.5,746,607
1353,139.461,ga_tcheby_proxy,mesh9,4,2,0,"[4-5-2]",2,42,3.21103,0.97,0.350254,2,0.5,747,607
1354,139.635,ga_tcheby_proxy,mesh9,0,1,0,"[0-1]",1,22,1.61449,0.97,0.333333,1,0.5,748,607
1355,139.684,ga_tcheby_proxy,mesh9,5,8,1,"[]",0,0,0,0,0,0,0.5,748,608
1356,139.759,ga_tcheby_proxy,mesh9,8,3,0,"[8-7-6-3]",3,64,4.82552,0.97,0.336788,3,0.5,749,608
1357,139.873,ga_tcheby_proxy,mesh9,1,3,0,"[1-0-3]",2,42,3.21103,0.97,0.333333,2,0.5,750,608
1358,140.008,ga_tcheby_proxy,mesh9,6,7,0,"[6-7]",1,22,1.61449,0.97,0.322751,1,0.5,751,608
1359,140.073,ga_tcheby_proxy,mesh9,5,2,0,"[5-4-1-2]",3,64,4.9144,0.917275,0.353535,3,0.5,752,608
1360,140.097,ga_tcheby_proxy,mesh9,4,8,1,"[]",0,0,0,0,0,0,0.5,752,609
1361,140.298,ga_tcheby_proxy,mesh9,2,8,0,"[2-5-8]",2,40,3.19307,0.975,0.326316,2,0.5,753,609
1362,140.309,ga_tcheby_proxy,mesh9,4,6,1,"[]",0,0,0,0,0,0,0.5,753,610
1363,140.376,ga_tcheby_proxy,mesh9,7,1,0,"[7-4-1]",2,40,3.20212,0.969297,0.356784,2,0.5,754,610
1364,140.399,ga_tcheby_proxy,mesh9,0,1,1,"[]",0,0,0,0,0,0,0.5,754,611
1365,140.753,ga_tcheby_proxy,mesh9,6,1,0,"[6-3-0-1]",3,62,4.80756,0.97,0.353535,3,0.5,755,611
1366,140.756,ga_tcheby_proxy,mesh9,8,1,0,"[8-5-2-1]",3,62,5.04978,0.921157,0.353535,3,0.5,756,611
1367,140.767,ga_tcheby_proxy,mesh9,0,3,1,"[]",0,0,0,0,0,0,0.5,756,612
1368,140.829,ga_tcheby_proxy,mesh9,0,8,1,"[]",0,0,0,0,0,0,0.5,756,613
1369,140.94,ga_tcheby_proxy,mesh9,3,6,0,"[3-6]",1,20,1.59654,0.975,0.319149,1,0.5,757,613
1370,141.102,ga_tcheby_proxy,mesh9,3,6,0,"[3-6]",1,20,1.59654,0.975,0.322751,1,0.5,758,613
1371,141.693,ga_tcheby_proxy,mesh9,3,6,0,"[3-6]",1,20,1.59654,0.975,0.326316,1,0.5,759,613
1372,141.728,ga_tcheby_proxy,mesh9,7,3,1,"[]",0,0,0,0,0,0,0.5,759,614
1373,141.74,ga_tcheby_proxy,mesh9,7,6,1,"[]",0,0,0,0,0,0,0.5,759,615
1374,141.834,ga_tcheby_proxy,mesh9,6,3,0,"[6-3]",1,20,1.59654,0.975,0.34359,1,0.5,760,615
1375,141.981,ga_tcheby_proxy,mesh9,5,3,0,"[5-4-3]",2,44,3.22898,0.97,0.340206,2,0.5,761,615
1376,142.282,ga_tcheby_proxy,mesh9,3,1,0,"[3-0-1]",2,42,3.21103,0.97,0.356784,2,0.5,762,615
1377,142.286,ga_tcheby_proxy,mesh9,8,7,0,"[8-7]",1,22,1.73054,0.902388,0.342105,1,0.5,763,615
1378,142.587,ga_tcheby_proxy,mesh9,4,0,0,"[4-3-0]",2,42,3.21103,0.97,0.36,2,0.5,764,615
1379,142.612,ga_tcheby_proxy,mesh9,5,4,1,"[]",0,0,0,0,0,0,0.5,764,616
1380,142.748,ga_tcheby_proxy,mesh9,5,7,0,"[5-4-7]",2,42,3.21103,0.97,0.336788,2,0.5,765,616
1381,142.782,ga_tcheby_proxy,mesh9,4,1,1,"[]",0,0,0,0,0,0,0.5,765,617
1382,142.972,ga_tcheby_proxy,mesh9,5,4,0,"[5-4]",1,22,1.61449,0.97,0.326316,1,0.5,766,617
1383,143.025,ga_tcheby_proxy,mesh9,6,2,1,"[]",0,0,0,0,0,0,0.5,766,618
1384,143.137,ga_tcheby_proxy,mesh9,7,6,0,"[7-6]",1,22,1.61449,0.97,0.292818,1,0.5,767,618
1385,143.489,ga_tcheby_proxy,mesh9,8,4,0,"[8-7-4]",2,42,3.21103,0.97,0.340206,2,0.5,768,618
1386,143.57,ga_tcheby_proxy,mesh9,4,2,0,"[4-5-2]",2,42,3.21103,0.97,0.356784,2,0.5,769,618
1387,143.71,ga_tcheby_proxy,mesh9,0,3,0,"[0-3]",1,20,1.59654,0.975,0.284916,1,0.5,770,618
1388,143.783,ga_tcheby_proxy,mesh9,6,7,0,"[6-7]",1,22,1.61449,0.97,0.326316,1,0.5,771,618
1389,143.832,ga_tcheby_proxy,mesh9,7,6,1,"[]",0,0,0,0,0,0,0.5,771,619
1390,143.889,ga_tcheby_proxy,mesh9,5,6,1,"[]",0,0,0,0,0,0,0.5,771,620
1391,143.982,ga_tcheby_proxy,mesh9,7,3,0,"[7-6-3]",2,42,3.21103,0.97,0.346939,2,0.5,772,620
1392,143.997,ga_tcheby_proxy,mesh9,1,0,1,"[]",0,0,0,0,0,0,0.5,772,621
1393,144.368,ga_tcheby_proxy,mesh9,0,4,0,"[0-3-4]",2,42,3.21103,0.97,0.329843,2,0.5,773,621
1394,144.369,ga_tcheby_proxy,mesh9,3,8,0,"[3-4-7-8]",3,64,4.97218,0.939838,0.345361,3,0.5,774,621
1395,144.531,ga_tcheby_proxy,mesh9,8,4,0,"[8-5-4]",2,42,3.21103,0.97,0.340206,2,0.5,775,621
1396,144.67,ga_tcheby_proxy,mesh9,7,8,0,"[7-8]",1,22,1.61449,0.97,0.346939,1,0.5,776,621
1397,144.764,ga_tcheby_proxy,mesh9,1,2,0,"[1-2]",1,22,1.61449,0.97,0.356784,1,0.5,777,621
1398,144.878,ga_tcheby_proxy,mesh9,2,8,0,"[2-5-8]",2,40,3.19307,0.975,0.329843,2,0.5,778,621
1399,145.1,ga_tcheby_proxy,mesh9,2,5,0,"[2-5]",1,20,1.59654,0.975,0.319149,1,0.5,779,621
1400,145.212,ga_tcheby_proxy,mesh9,2,8,0,"[2-5-8]",2,40,3.19307,0.975,0.333333,2,0.5,780,621
1401,145.235,ga_tcheby_proxy,mesh9,4,0,1,"[]",0,0,0,0,0,0,0.5,780,622
1402,145.285,ga_tcheby_proxy,mesh9,8,2,1,"[]",0,0,0,0,0,0,0.5,780,623
1403,145.402,ga_tcheby_proxy,mesh9,5,1,0,"[5-4-1]",2,42,3.21103,0.97,0.36,2,0.5,781,623
1404,145.67,ga_tcheby_proxy,mesh9,2,1,0,"[2-1]",1,22,1.61449,0.97,0.34359,1,0.5,782,623
1405,146.117,ga_tcheby_proxy,mesh9,3,6,0,"[3-6]",1,20,1.59654,0.975,0.329843,1,0.5,783,623
1406,146.226,ga_tcheby_proxy,mesh9,5,7,0,"[5-8-7]",2,42,3.21103,0.97,0.34359,2,0.5,784,623
1407,146.374,ga_tcheby_proxy,mesh9,7,2,0,"[7-8-5-2]",3,62,4.80756,0.97,0.36,3,0.5,785,623
1408,146.438,ga_tcheby_proxy,mesh9,1,0,1,"[]",0,0,0,0,0,0,0.5,785,624
1409,146.537,ga_tcheby_proxy,mesh9,4,5,0,"[4-5]",1,22,1.61449,0.97,0.353535,1,0.5,786,624
1410,146.67,ga_tcheby_proxy,mesh9,0,4,0,"[0-3-4]",2,42,3.21103,0.97,0.336788,2,0.5,787,624
1411,146.829,ga_tcheby_proxy,mesh9,3,6,0,"[3-6]",1,20,1.59654,0.975,0.333333,1,0.5,788,624
1412,146.833,ga_tcheby_proxy,mesh9,4,5,0,"[4-5]",1,22,1.73185,0.901679,0.362245,1,0.5,789,624
1413,146.861,ga_tcheby_proxy,mesh9,6,3,1,"[]",0,0,0,0,0,0,0.5,789,625
1414,146.889,ga_tcheby_proxy,mesh9,5,4,1,"[]",0,0,0,0,0,0,0.5,789,626
1415,147.213,ga_tcheby_proxy,mesh9,4,6,0,"[4-7-6]",2,42,3.21103,0.97,0.34359,2,0.5,790,626
1416,147.267,ga_tcheby_proxy,mesh9,6,2,1,"[]",0,0,0,0,0,0,0.5,790,627
1417,147.385,ga_tcheby_proxy,mesh9,4,8,0,"[4-7-8]",2,42,3.21103,0.97,0.353535,2,0.5,791,627
1418,147.444,ga_tcheby_proxy,mesh9,5,7,1,"[]",0,0,0,0,0,0,0.5,791,628
1419,147.849,ga_tcheby_proxy,mesh9,1,0,0,"[1-0]",1,22,1.61449,0.97,0.336788,1,0.5,792,628
1420,147.854,ga_tcheby_proxy,mesh9,3,4,1,"[]",0,0,0,0,0,0,0.5,792,629
1421,147.864,ga_tcheby_proxy,mesh9,3,2,1,"[]",0,0,0,0,0,0,0.5,792,630
1422,147.989,ga_tcheby_proxy,mesh9,3,0,0,"[3-0]",1,20,1.59654,0.975,0.363184,1,0.5,793,630
1423,148.012,ga_tcheby_proxy,mesh9,7,6,1,"[]",0,0,0,0,0,0,0.5,793,631
1424,148.028,ga_tcheby_proxy,mesh9,4,3,1,"[]",0,0,0,0,0,0,0.5,793,632
1425,148.409,ga_tcheby_proxy,mesh9,1,8,0,"[1-4-7-8]",3,62,4.80756,0.97,0.356784,3,0.5,794,632
1426,148.742,ga_tcheby_proxy,mesh9,6,5,0,"[6-3-4-5]",3,64,4.82552,0.97,0.36,3,0.5,795,632
1427,148.757,ga_tcheby_proxy,mesh9,8,1,1,"[]",0,0,0,0,0,0,0.5,795,633
1428,149.028,ga_tcheby_proxy,mesh9,1,4,0,"[1-4]",1,20,1.59654,0.975,0.308108,1,0.5,796,633
1429,149.196,ga_tcheby_proxy,mesh9,6,8,0,"[6-7-8]",2,44,3.22898,0.97,0.36,2,0.5,797,633
1430,149.258,ga_tcheby_proxy,mesh9,5,1,1,"[]",0,0,0,0,0,0,0.5,797,634
1431,149.306,ga_tcheby_proxy,mesh9,3,1,1,"[]",0,0,0,0,0,0,0.5,797,635
1432,149.357,ga_tcheby_proxy,mesh9,3,8,1,"[]",0,0,0,0,0,0,0.5,797,636
1433,149.382,ga_tcheby_proxy,mesh9,6,4,1,"[]",0,0,0,0,0,0,0.5,797,637
1434,149.438,ga_tcheby_proxy,mesh9,0,7,1,"[]",0,0,0,0,0,0,0.5,797,638
1435,149.686,ga_tcheby_proxy,mesh9,6,5,0,"[6-7-4-5]",3,64,4.82552,0.97,0.363184,3,0.5,798,638
1436,149.729,ga_tcheby_proxy,mesh9,5,6,1,"[]",0,0,0,0,0,0,0.5,798,639
1437,149.915,ga_tcheby_proxy,mesh9,5,2,0,"[5-2]",1,20,1.59654,0.975,0.363184,1,0.5,799,639
1438,149.979,ga_tcheby_proxy,mesh9,7,1,0,"[7-4-1]",2,40,3.19307,0.975,0.363184,2,0.5,800,639
1439,150.049,ga_tcheby_proxy,mesh9,3,0,0,"[3-0]",1,20,1.59654,0.975,0.366337,1,0.5,801,639
1440,150.088,ga_tcheby_proxy,mesh9,7,0,1,"[]",0,0,0,0,0,0,0.5,801,640
1441,150.292,ga_tcheby_proxy,mesh9,3,2,0,"[3-4-5-2]",3,64,4.82552,0.97,0.366337,3,0.5,802,640
1442,150.403,ga_tcheby_proxy,mesh9,2,5,0,"[2-5]",1,20,1.59654,0.975,0.326316,1,0.5,803,640
1443,150.521,ga_tcheby_proxy,mesh9,2,1,0,"[2-1]",1,22,1.61449,0.97,0.346939,1,0.5,804,640
1444,150.983,ga_tcheby_proxy,mesh9,6,0,0,"[6-3-0]",2,40,3.19307,0.975,0.369458,2,0.5,805,640
1445,151.236,ga_tcheby_proxy,mesh9,1,3,0,"[1-0-3]",2,42,3.21103,0.97,0.340206,2,0.5,806,640
1446,151.389,ga_tcheby_proxy,mesh9,3,4,0,"[3-4]",1,22,1.61449,0.97,0.346939,1,0.5,807,640
1447,151.427,ga_tcheby_proxy,mesh9,3,1,1,"[]",0,0,0,0,0,0,0.5,807,641
1448,151.477,ga_tcheby_proxy,mesh9,3,4,1,"[]",0,0,0,0,0,0,0.5,807,642
1449,151.541,ga_tcheby_proxy,mesh9,2,8,1,"[]",0,0,0,0,0,0,0.5,807,643
1450,151.569,ga_tcheby_proxy,mesh9,8,4,1,"[]",0,0,0,0,0,0,0.5,807,644
1451,151.58,ga_tcheby_proxy,mesh9,4,8,1,"[]",0,0,0,0,0,0,0.5,807,645
1452,151.642,ga_tcheby_proxy,mesh9,1,5,0,"[1-4-5]",2,42,3.39768,0.901066,0.405405,2,0.5,808,645
1453,151.937,ga_tcheby_proxy,mesh9,8,5,0,"[8-5]",1,20,1.59654,0.975,0.346939,1,0.5,809,645
1454,152.001,ga_tcheby_proxy,mesh9,7,3,0,"[7-6-3]",2,42,3.29636,0.938719,0.356784,2,0.5,810,645
1455,152.022,ga_tcheby_proxy,mesh9,2,6,1,"[]",0,0,0,0,0,0,0.5,810,646
1456,152.233,ga_tcheby_proxy,mesh9,4,7,0,"[4-7]",1,20,1.59654,0.975,0.353535,1,0.5,811,646
1457,152.352,ga_tcheby_proxy,mesh9,7,5,0,"[7-8-5]",2,42,3.21103,0.97,0.363184,2,0.5,812,646
1458,152.357,ga_tcheby_proxy,mesh9,0,1,1,"[]",0,0,0,0,0,0,0.5,812,647
1459,152.535,ga_tcheby_proxy,mesh9,7,3,0,"[7-4-3]",2,42,3.21103,0.97,0.346939,2,0.5,813,647
1460,152.707,ga_tcheby_proxy,mesh9,6,4,0,"[6-7-4]",2,42,3.21103,0.97,0.34359,2,0.5,814,647
1461,152.73,ga_tcheby_proxy,mesh9,1,7,1,"[]",0,0,0,0,0,0,0.5,814,648
1462,152.812,ga_tcheby_proxy,mesh9,7,4,0,"[7-4]",1,20,1.59654,0.975,0.346939,1,0.5,815,648
1463,152.919,ga_tcheby_proxy,mesh9,3,1,0,"[3-4-1]",2,42,3.21103,0.97,0.366337,2,0.5,816,648
1464,152.961,ga_tcheby_proxy,mesh9,0,8,1,"[]",0,0,0,0,0,0,0.5,816,649
1465,153.052,ga_tcheby_proxy,mesh9,1,6,0,"[1-0-3-6]",3,62,4.80756,0.97,0.34359,3,0.5,817,649
1466,153.071,ga_tcheby_proxy,mesh9,5,4,1,"[]",0,0,0,0,0,0,0.5,817,650
1467,153.624,ga_tcheby_proxy,mesh9,5,3,0,"[5-4-3]",2,44,3.22898,0.97,0.350254,2,0.5,818,650
1468,153.635,ga_tcheby_proxy,mesh9,5,8,1,"[]",0,0,0,0,0,0,0.5,818,651
1469,153.668,ga_tcheby_proxy,mesh9,5,2,1,"[]",0,0,0,0,0,0,0.5,818,652
1470,153.76,ga_tcheby_proxy,mesh9,0,8,0,"[0-1-2-5-8]",4,84,6.42205,0.97,0.36,4,0.5,819,652
1471,153.846,ga_tcheby_proxy,mesh9,2,4,0,"[2-5-4]",2,42,3.21103,0.97,0.340206,2,0.5,820,652
1472,153.935,ga_tcheby_proxy,mesh9,5,7,0,"[5-8-7]",2,42,3.21103,0.97,0.346939,2,0.5,821,652
1473,154.021,ga_tcheby_proxy,mesh9,1,3,0,"[1-0-3]",2,42,3.21103,0.97,0.346939,2,0.5,822,652
1474,154.176,ga_tcheby_proxy,mesh9,1,6,0,"[1-0-3-6]",3,62,4.80756,0.97,0.350254,3,0.5,823,652
1475,154.318,ga_tcheby_proxy,mesh9,0,3,0,"[0-3]",1,20,1.59654,0.975,0.311828,1,0.5,824,652
1476,154.607,ga_tcheby_proxy,mesh9,5,0,0,"[5-2-1-0]",3,64,4.82552,0.97,0.369458,3,0.5,825,652
1477,154.646,ga_tcheby_proxy,mesh9,6,3,1,"[]",0,0,0,0,0,0,0.5,825,653
1478,154.796,ga_tcheby_proxy,mesh9,4,3,0,"[4-3]",1,22,1.61449,0.97,0.353535,1,0.5,826,653
1479,154.938,ga_tcheby_proxy,mesh9,8,5,0,"[8-5]",1,20,1.59654,0.975,0.353535,1,0.5,827,653
1480,154.995,ga_tcheby_proxy,mesh9,8,7,0,"[8-7]",1,22,1.7145,0.911079,0.350254,1,0.5,828,653
1481,155.161,ga_tcheby_proxy,mesh9,6,4,0,"[6-7-4]",2,42,3.21103,0.97,0.350254,2,0.5,829,653
1482,155.168,ga_tcheby_proxy,mesh9,0,8,1,"[]",0,0,0,0,0,0,0.5,829,654
1483,155.225,ga_tcheby_proxy,mesh9,7,5,1,"[]",0,0,0,0,0,0,0.5,829,655
1484,155.251,ga_tcheby_proxy,mesh9,7,4,1,"[]",0,0,0,0,0,0,0.5,829,656
1485,155.404,ga_tcheby_proxy,mesh9,1,2,0,"[1-2]",1,22,1.61449,0.97,0.363184,1,0.5,830,656
1486,155.458,ga_tcheby_proxy,mesh9,7,1,1,"[]",0,0,0,0,0,0,0.5,830,657
1487,155.476,ga_tcheby_proxy,mesh9,5,0,1,"[]",0,0,0,0,0,0,0.5,830,658
1488,155.806,ga_tcheby_proxy,mesh9,5,3,0,"[5-4-3]",2,44,3.22898,0.97,0.356784,2,0.5,831,658
1489,156.072,ga_tcheby_proxy,mesh9,4,5,0,"[4-5]",1,22,1.61449,0.97,0.372549,1,0.5,832,658
1490,156.138,ga_tcheby_proxy,mesh9,2,7,0,"[2-1-4-7]",3,62,4.93109,0.912141,0.356784,3,0.5,833,658
1491,156.2,ga_tcheby_proxy,mesh9,0,1,0,"[0-3-4-1]",3,62,5.00132,0.906548,0.369458,3,0.5,834,658
1492,156.501,ga_tcheby_proxy,mesh9,0,7,0,"[0-3-6-7]",3,62,4.80756,0.97,0.34359,3,0.5,835,658
1493,156.607,ga_tcheby_proxy,mesh9,6,3,0,"[6-3]",1,20,1.59654,0.975,0.36,1,0.5,836,658
1494,156.714,ga_tcheby_proxy,mesh9,1,3,0,"[1-0-3]",2,42,3.21103,0.97,0.356784,2,0.5,837,658
1495,156.887,ga_tcheby_proxy,mesh9,4,8,0,"[4-7-8]",2,42,3.21103,0.97,0.366337,2,0.5,838,658
1496,156.964,ga_tcheby_proxy,mesh9,6,2,0,"[6-3-0-1-2]",4,84,6.42205,0.97,0.372549,4,0.5,839,658
1497,156.997,ga_tcheby_proxy,mesh9,8,1,1,"[]",0,0,0,0,0,0,0.5,839,659
1498,157.088,ga_tcheby_proxy,mesh9,5,7,0,"[5-8-7]",2,42,3.21103,0.97,0.353535,2,0.5,840,659
1499,157.11,ga_tcheby_proxy,mesh9,2,6,1,"[]",0,0,0,0,0,0,0.5,840,660
1500,157.211,ga_tcheby_proxy,mesh9,6,3,0,"[6-3]",1,20,1.59654,0.975,0.366337,1,0.5,841,660
1501,157.356,ga_tcheby_proxy,mesh9,4,6,0,"[4-3-6]",2,42,3.21103,0.97,0.36,2,0.5,842,660
1502,157.673,ga_tcheby_proxy,mesh9,7,2,0,"[7-8-5-2]",3,62,4.80756,0.97,0.372549,3,0.5,843,660
1503,157.891,ga_tcheby_proxy,mesh9,8,7,0,"[8-7]",1,22,1.61449,0.97,0.356784,1,0.5,844,660
1504,157.911,ga_tcheby_proxy,mesh9,5,3,1,"[]",0,0,0,0,0,0,0.5,844,661
1505,158.277,ga_tcheby_proxy,mesh9,7,3,0,"[7-4-3]",2,42,3.21103,0.97,0.363184,2,0.5,845,661
1506,158.332,ga_tcheby_proxy,mesh9,6,0,1,"[]",0,0,0,0,0,0,0.5,845,662
1507,158.457,ga_tcheby_proxy,mesh9,5,3,0,"[5-4-3]",2,44,3.22898,0.97,0.366337,2,0.5,846,662
1508,158.613,ga_tcheby_proxy,mesh9,6,1,0,"[6-3-4-1]",3,62,4.80756,0.97,0.372549,3,0.5,847,662
1509,158.914,ga_tcheby_proxy,mesh9,5,3,0,"[5-4-3]",2,44,3.22898,0.97,0.369458,2,0.5,848,662
1510,158.921,ga_tcheby_proxy,mesh9,2,5,1,"[]",0,0,0,0,0,0,0.5,848,663
1511,158.973,ga_tcheby_proxy,mesh9,8,2,1,"[]",0,0,0,0,0,0,0.5,848,664
1512,159.138,ga_tcheby_proxy,mesh9,4,1,0,"[4-1]",1,20,1.59654,0.975,0.37561,1,0.5,849,664
1513,159.322,ga_tcheby_proxy,mesh9,0,1,0,"[0-1]",1,22,1.61449,0.97,0.350254,1,0.5,850,664
1514,159.446,ga_tcheby_proxy,mesh9,6,1,0,"[6-3-0-1]",3,62,4.80756,0.97,0.37561,3,0.5,851,664
1515,159.509,ga_tcheby_proxy,mesh9,2,0,1,"[]",0,0,0,0,0,0,0.5,851,665
1516,159.571,ga_tcheby_proxy,mesh9,6,7,1,"[]",0,0,0,0,0,0,0.5,851,666
1517,159.71,ga_tcheby_proxy,mesh9,6,1,0,"[6-3-4-1]",3,62,4.80756,0.97,0.378641,3,0.5,852,666
1518,159.778,ga_tcheby_proxy,mesh9,3,2,0,"[3-4-7-8-5-2]",5,104,8.07984,0.947914,0.37561,5,0.5,853,666
1519,159.922,ga_tcheby_proxy,mesh9,6,8,0,"[6-7-8]",2,44,3.22898,0.97,0.37561,2,0.5,854,666
1520,160.11,ga_tcheby_proxy,mesh9,7,5,0,"[7-4-5]",2,42,3.21103,0.97,0.37561,2,0.5,855,666
1521,160.236,ga_tcheby_proxy,mesh9,0,1,0,"[0-1]",1,22,1.61449,0.97,0.356784,1,0.5,856,666
1522,160.25,ga_tcheby_proxy,mesh9,1,2,1,"[]",0,0,0,0,0,0,0.5,856,667
1523,160.29,ga_tcheby_proxy,mesh9,7,8,1,"[]",0,0,0,0,0,0,0.5,856,668
1524,160.351,ga_tcheby_proxy,mesh9,0,5,1,"[]",0,0,0,0,0,0,0.5,856,669
1525,160.398,ga_tcheby_proxy,mesh9,0,8,1,"[]",0,0,0,0,0,0,0.5,856,670
1526,160.42,ga_tcheby_proxy,mesh9,4,8,1,"[]",0,0,0,0,0,0,0.5,856,671
1527,160.478,ga_tcheby_proxy,mesh9,7,5,1,"[]",0,0,0,0,0,0,0.5,856,672
1528,160.485,ga_tcheby_proxy,mesh9,6,5,1,"[]",0,0,0,0,0,0,0.5,856,673
1529,160.561,ga_tcheby_proxy,mesh9,0,3,0,"[0-3]",1,20,1.59654,0.975,0.326316,1,0.5,857,673
1530,160.564,ga_tcheby_proxy,mesh9,3,8,0,"[3-4-7-8]",3,64,5.11524,0.912539,0.384236,3,0.5,858,673
1531,160.593,ga_tcheby_proxy,mesh9,7,8,1,"[]",0,0,0,0,0,0,0.5,858,674
1532,160.645,ga_tcheby_proxy,mesh9,0,6,1,"[]",0,0,0,0,0,0,0.5,858,675
1533,160.733,ga_tcheby_proxy,mesh9,5,3,0,"[5-4-3]",2,44,3.22898,0.97,0.372549,2,0.5,859,675
1534,160.743,ga_tcheby_proxy,mesh9,4,7,1,"[]",0,0,0,0,0,0,0.5,859,676
1535,160.87,ga_tcheby_proxy,mesh9,7,2,0,"[7-4-5-2]",3,62,4.80756,0.97,0.378641,3,0.5,860,676
1536,160.935,ga_tcheby_proxy,mesh9,6,1,1,"[]",0,0,0,0,0,0,0.5,860,677
1537,160.99,ga_tcheby_proxy,mesh9,2,5,1,"[]",0,0,0,0,0,0,0.5,860,678
1538,161.353,ga_tcheby_proxy,mesh9,0,8,0,"[0-1-2-5-8]",4,84,6.42205,0.97,0.369458,4,0.5,861,678
1539,161.731,ga_tcheby_proxy,mesh9,6,4,0,"[6-7-4]",2,42,3.21103,0.97,0.363184,2,0.5,862,678
1540,161.78,ga_tcheby_proxy,mesh9,0,7,1,"[]",0,0,0,0,0,0,0.5,862,679
1541,161.803,ga_tcheby_proxy,mesh9,3,5,1,"[]",0,0,0,0,0,0,0.5,862,680
1542,161.804,ga_tcheby_proxy,mesh9,1,4,1,"[]",0,0,0,0,0,0,0.5,862,681
1543,161.854,ga_tcheby_proxy,mesh9,5,2,1,"[]",0,0,0,0,0,0,0.5,862,682
1544,161.947,ga_tcheby_proxy,mesh9,3,2,0,"[3-0-1-2]",3,64,4.82552,0.97,0.378641,3,0.5,863,682
1545,162.03,ga_tcheby_proxy,mesh9,8,5,0,"[8-5]",1,20,1.59654,0.975,0.363184,1,0.5,864,682
1546,162.201,ga_tcheby_proxy,mesh9,2,4,0,"[2-1-4]",2,42,3.21103,0.97,0.356784,2,0.5,865,682
1547,162.212,ga_tcheby_proxy,mesh9,2,0,1,"[]",0,0,0,0,0,0,0.5,865,683
1548,162.449,ga_tcheby_proxy,mesh9,6,5,0,"[6-7-8-5]",3,64,4.82552,0.97,0.381643,3,0.5,866,683
1549,162.501,ga_tcheby_proxy,mesh9,2,7,1,"[]",0,0,0,0,0,0,0.5,866,684
1550,162.574,ga_tcheby_proxy,mesh9,6,0,0,"[6-3-0]",2,40,3.19307,0.975,0.381643,2,0.5,867,684
1551,162.69,ga_tcheby_proxy,mesh9,7,3,0,"[7-4-3]",2,42,3.21103,0.97,0.37561,2,0.5,868,684
1552,162.791,ga_tcheby_proxy,mesh9,3,0,0,"[3-0]",1,20,1.59654,0.975,0.384615,1,0.5,869,684
1553,163.02,ga_tcheby_proxy,mesh9,1,0,0,"[1-0]",1,22,1.61449,0.97,0.36,1,0.5,870,684
1554,163.279,ga_tcheby_proxy,mesh9,0,8,0,"[0-1-2-5-8]",4,84,6.42205,0.97,0.37561,4,0.5,871,684
1555,163.441,ga_tcheby_proxy,mesh9,0,5,0,"[0-1-2-5]",3,64,4.82552,0.97,0.378641,3,0.5,872,684
1556,163.632,ga_tcheby_proxy,mesh9,8,2,0,"[8-5-2]",2,40,3.19307,0.975,0.381643,2,0.5,873,684
1557,163.674,ga_tcheby_proxy,mesh9,4,8,1,"[]",0,0,0,0,0,0,0.5,873,685
1558,163.858,ga_tcheby_proxy,mesh9,5,4,0,"[5-4]",1,22,1.61449,0.97,0.356784,1,0.5,874,685
1559,163.936,ga_tcheby_proxy,mesh9,5,0,0,"[5-4-1-0]",3,64,4.82552,0.97,0.381643,3,0.5,875,685
1560,164.171,ga_tcheby_proxy,mesh9,8,7,0,"[8-7]",1,22,1.61449,0.97,0.36,1,0.5,876,685
1561,164.174,ga_tcheby_proxy,mesh9,2,4,0,"[2-1-4]",2,42,3.363,0.92411,0.361809,2,0.5,877,685
1562,164.185,ga_tcheby_proxy,mesh9,6,8,1,"[]",0,0,0,0,0,0,0.5,877,686
1563,164.363,ga_tcheby_proxy,mesh9,7,0,0,"[7-4-1-0]",3,62,4.80756,0.97,0.384615,3,0.5,878,686
1564,164.403,ga_tcheby_proxy,mesh9,6,0,1,"[]",0,0,0,0,0,0,0.5,878,687
1565,164.589,ga_tcheby_proxy,mesh9,6,7,0,"[6-7]",1,22,1.61449,0.97,0.356784,1,0.5,879,687
1566,164.598,ga_tcheby_proxy,mesh9,0,2,1,"[]",0,0,0,0,0,0,0.5,879,688
1567,164.849,ga_tcheby_proxy,mesh9,6,8,0,"[6-7-8]",2,44,3.22898,0.97,0.384615,2,0.5,880,688
1568,164.931,ga_tcheby_proxy,mesh9,2,6,0,"[2-5-8-7-6]",4,84,6.42205,0.97,0.363184,4,0.5,881,688
1569,164.991,ga_tcheby_proxy,mesh9,7,6,1,"[]",0,0,0,0,0,0,0.5,881,689
1570,165.01,ga_tcheby_proxy,mesh9,4,7,1,"[]",0,0,0,0,0,0,0.5,881,690
1571,165.069,ga_tcheby_proxy,mesh9,5,7,1,"[]",0,0,0,0,0,0,0.5,881,691
1572,165.096,ga_tcheby_proxy,mesh9,3,8,1,"[]",0,0,0,0,0,0,0.5,881,692
1573,165.15,ga_tcheby_proxy,mesh9,5,6,1,"[]",0,0,0,0,0,0,0.5,881,693
1574,165.152,ga_tcheby_proxy,mesh9,2,8,1,"[]",0,0,0,0,0,0,0.5,881,694
1575,165.159,ga_tcheby_proxy,mesh9,6,7,1,"[]",0,0,0,0,0,0,0.5,881,695
1576,165.253,ga_tcheby_proxy,mesh9,4,7,0,"[4-7]",1,20,1.59654,0.975,0.369458,1,0.5,882,695
1577,165.344,ga_tcheby_proxy,mesh9,8,6,0,"[8-7-6]",2,44,3.22898,0.97,0.366337,2,0.5,883,695
1578,165.513,ga_tcheby_proxy,mesh9,3,2,0,"[3-4-5-2]",3,64,4.82552,0.97,0.384615,3,0.5,884,695
1579,165.542,ga_tcheby_proxy,mesh9,1,3,1,"[]",0,0,0,0,0,0,0.5,884,696
1580,165.559,ga_tcheby_proxy,mesh9,3,8,1,"[]",0,0,0,0,0,0,0.5,884,697
1581,165.585,ga_tcheby_proxy,mesh9,8,3,1,"[]",0,0,0,0,0,0,0.5,884,698
1582,165.591,ga_tcheby_proxy,mesh9,2,5,1,"[]",0,0,0,0,0,0,0.5,884,699
1583,165.903,ga_tcheby_proxy,mesh9,2,4,0,"[2-5-4]",2,42,3.21103,0.97,0.363184,2,0.5,885,699
1584,166.497,ga_tcheby_proxy,mesh9,0,8,0,"[0-1-2-5-8]",4,84,6.42205,0.97,0.381643,4,0.5,886,699
1585,166.722,ga_tcheby_proxy,mesh9,6,5,0,"[6-7-4-5]",3,64,4.82552,0.97,0.384615,3,0.5,887,699
1586,166.886,ga_tcheby_proxy,mesh9,1,3,0,"[1-0-3]",2,42,3.21103,0.97,0.369458,2,0.5,888,699
1587,167.068,ga_tcheby_proxy,mesh9,3,4,0,"[3-4]",1,22,1.61449,0.97,0.372549,1,0.5,889,699
1588,167.144,ga_tcheby_proxy,mesh9,2,0,0,"[2-5-4-3-0]",4,84,6.42205,0.97,0.38756,4,0.5,890,699
1589,167.174,ga_tcheby_proxy,mesh9,1,2,1,"[]",0,0,0,0,0,0,0.5,890,700
1590,167.331,ga_tcheby_proxy,mesh9,0,8,0,"[0-1-2-5-8]",4,84,6.42205,0.97,0.384615,4,0.5,891,700
1591,167.441,ga_tcheby_proxy,mesh9,2,4,0,"[2-1-4]",2,42,3.21103,0.97,0.363184,2,0.5,892,700
1592,167.554,ga_tcheby_proxy,mesh9,1,8,0,"[1-2-5-8]",3,62,4.80756,0.97,0.38756,3,0.5,893,700
1593,167.633,ga_tcheby_proxy,mesh9,8,2,0,"[8-5-2]",2,40,3.19307,0.975,0.38756,2,0.5,894,700
1594,167.693,ga_tcheby_proxy,mesh9,3,0,0,"[3-0]",1,20,1.71743,0.903966,0.390476,1,0.5,895,700
1595,167.702,ga_tcheby_proxy,mesh9,5,6,1,"[]",0,0,0,0,0,0,0.5,895,701
1596,167.758,ga_tcheby_proxy,mesh9,3,2,1,"[]",0,0,0,0,0,0,0.5,895,702
1597,167.767,ga_tcheby_proxy,mesh9,6,1,1,"[]",0,0,0,0,0,0,0.5,895,703
1598,167.777,ga_tcheby_proxy,mesh9,3,7,1,"[]",0,0,0,0,0,0,0.5,895,704
1599,167.906,ga_tcheby_proxy,mesh9,3,8,0,"[3-4-5-8]",3,64,4.82552,0.97,0.38756,3,0.5,896,704
1600,167.938,ga_tcheby_proxy,mesh9,0,7,1,"[]",0,0,0,0,0,0,0.5,896,705
1601,168.003,ga_tcheby_proxy,mesh9,4,1,0,"[4-1]",1,20,1.59654,0.975,0.38756,1,0.5,897,705
1602,168.042,ga_tcheby_proxy,mesh9,0,7,1,"[]",0,0,0,0,0,0,0.5,897,706
1603,168.061,ga_tcheby_proxy,mesh9,2,6,1,"[]",0,0,0,0,0,0,0.5,897,707
1604,168.202,ga_tcheby_proxy,mesh9,2,1,0,"[2-1]",1,22,1.61449,0.97,0.366337,1,0.5,898,707
1605,168.228,ga_tcheby_proxy,mesh9,8,0,1,"[]",0,0,0,0,0,0,0.5,898,708
1606,168.253,ga_tcheby_proxy,mesh9,3,7,1,"[]",0,0,0,0,0,0,0.5,898,709
1607,168.378,ga_tcheby_proxy,mesh9,8,1,0,"[8-5-2-1]",3,62,4.80756,0.97,0.390476,3,0.5,899,709
1608,168.417,ga_tcheby_proxy,mesh9,8,7,1,"[]",0,0,0,0,0,0,0.5,899,710
1609,168.528,ga_tcheby_proxy,mesh9,6,1,0,"[6-3-4-1]",3,62,4.80756,0.97,0.390476,3,0.5,900,710
1610,168.646,ga_tcheby_proxy,mesh9,6,0,0,"[6-3-0]",2,40,3.19307,0.975,0.393365,2,0.5,901,710
1611,168.707,ga_tcheby_proxy,mesh9,7,4,1,"[]",0,0,0,0,0,0,0.5,901,711
1612,168.718,ga_tcheby_proxy,mesh9,7,8,1,"[]",0,0,0,0,0,0,0.5,901,712
1613,168.756,ga_tcheby_proxy,mesh9,4,0,1,"[]",0,0,0,0,0,0,0.5,901,713
1614,168.905,ga_tcheby_proxy,mesh9,6,8,0,"[6-7-8]",2,44,3.22898,0.97,0.38756,2,0.5,902,713
1615,169.099,ga_tcheby_proxy,mesh9,8,4,0,"[8-7-4]",2,42,3.21103,0.97,0.37561,2,0.5,903,713
1616,169.102,ga_tcheby_proxy,mesh9,2,1,0,"[2-1]",1,22,1.69013,0.924768,0.372549,1,0.5,904,713
1617,169.139,ga_tcheby_proxy,mesh9,3,8,1,"[]",0,0,0,0,0,0,0.5,904,714
1618,169.287,ga_tcheby_proxy,mesh9,7,1,0,"[7-4-1]",2,40,3.19307,0.975,0.393365,2,0.5,905,714
1619,169.304,ga_tcheby_proxy,mesh9,5,7,1,"[]",0,0,0,0,0,0,0.5,905,715
1620,169.339,ga_tcheby_proxy,mesh9,5,0,1,"[]",0,0,0,0,0,0,0.5,905,716
1621,169.559,ga_tcheby_proxy,mesh9,1,6,0,"[1-4-7-6]",3,62,4.80756,0.97,0.372549,3,0.5,906,716
1622,169.72,ga_tcheby_proxy,mesh9,2,6,0,"[2-5-8-7-6]",4,84,6.42205,0.97,0.372549,4,0.5,907,716
1623,169.836,ga_tcheby_proxy,mesh9,0,6,0,"[0-3-6]",2,40,3.19307,0.975,0.350254,2,0.5,908,716
1624,169.874,ga_tcheby_proxy,mesh9,5,7,1,"[]",0,0,0,0,0,0,0.5,908,717
1625,170.159,ga_tcheby_proxy,mesh9,6,5,0,"[6-7-8-5]",3,64,4.82552,0.97,0.390476,3,0.5,909,717
1626,170.354,ga_tcheby_proxy,mesh9,1,0,0,"[1-0]",1,22,1.61449,0.97,0.372549,1,0.5,910,717
1627,170.406,ga_tcheby_proxy,mesh9,1,6,1,"[]",0,0,0,0,0,0,0.5,910,718
1628,170.461,ga_tcheby_proxy,mesh9,6,8,1,"[]",0,0,0,0,0,0,0.5,910,719
1629,170.487,ga_tcheby_proxy,mesh9,7,5,1,"[]",0,0,0,0,0,0,0.5,910,720
1630,170.535,ga_tcheby_proxy,mesh9,3,6,1,"[]",0,0,0,0,0,0,0.5,910,721
1631,170.582,ga_tcheby_proxy,mesh9,7,4,1,"[]",0,0,0,0,0,0,0.5,910,722
1632,170.742,ga_tcheby_proxy,mesh9,5,8,0,"[5-8]",1,20,1.59654,0.975,0.37561,1,0.5,911,722
1633,170.874,ga_tcheby_proxy,mesh9,8,5,0,"[8-5]",1,20,1.59654,0.975,0.381643,1,0.5,912,722
1634,170.901,ga_tcheby_proxy,mesh9,7,8,1,"[]",0,0,0,0,0,0,0.5,912,723
1635,170.956,ga_tcheby_proxy,mesh9,4,5,1,"[]",0,0,0,0,0,0,0.5,912,724
1636,171.025,ga_tcheby_proxy,mesh9,2,8,0,"[2-5-8]",2,40,3.19307,0.975,0.378641,2,0.5,913,724
1637,171.24,ga_tcheby_proxy,mesh9,7,6,0,"[7-6]",1,22,1.61449,0.97,0.322751,1,0.5,914,724
1638,171.343,ga_tcheby_proxy,mesh9,5,6,0,"[5-4-7-6]",3,64,4.82552,0.97,0.37561,3,0.5,915,724
1639,171.475,ga_tcheby_proxy,mesh9,1,0,0,"[1-0]",1,22,1.61449,0.97,0.37561,1,0.5,916,724
1640,171.541,ga_tcheby_proxy,mesh9,3,1,0,"[3-0-1]",2,42,3.29982,0.9218,0.396226,2,0.5,917,724
1641,171.694,ga_tcheby_proxy,mesh9,1,6,0,"[1-0-3-6]",3,62,4.80756,0.97,0.378641,3,0.5,918,724
1642,171.763,ga_tcheby_proxy,mesh9,3,5,0,"[3-4-7-8-5]",4,84,6.54651,0.926912,0.393365,4,0.5,919,724
1643,171.77,ga_tcheby_proxy,mesh9,5,2,1,"[]",0,0,0,0,0,0,0.5,919,725
1644,171.893,ga_tcheby_proxy,mesh9,7,1,0,"[7-4-1]",2,40,3.19307,0.975,0.396226,2,0.5,920,725
1645,171.922,ga_tcheby_proxy,mesh9,6,2,1,"[]",0,0,0,0,0,0,0.5,920,726
1646,171.966,ga_tcheby_proxy,mesh9,2,1,1,"[]",0,0,0,0,0,0,0.5,920,727
1647,171.971,ga_tcheby_proxy,mesh9,8,0,1,"[]",0,0,0,0,0,0,0.5,920,728
1648,172.03,ga_tcheby_proxy,mesh9,0,1,1,"[]",0,0,0,0,0,0,0.5,920,729
1649,172.337,ga_tcheby_proxy,mesh9,1,3,0,"[1-0-3]",2,42,3.21103,0.97,0.381643,2,0.5,921,729
1650,172.344,ga_tcheby_proxy,mesh9,1,4,1,"[]",0,0,0,0,0,0,0.5,921,730
1651,172.35,ga_tcheby_proxy,mesh9,7,4,1,"[]",0,0,0,0,0,0,0.5,921,731
1652,172.426,ga_tcheby_proxy,mesh9,5,3,0,"[5-4-3]",2,44,3.22898,0.97,0.381643,2,0.5,922,731
1653,172.46,ga_tcheby_proxy,mesh9,4,2,1,"[]",0,0,0,0,0,0,0.5,922,732
1654,172.518,ga_tcheby_proxy,mesh9,2,3,1,"[]",0,0,0,0,0,0,0.5,922,733
1655,172.677,ga_tcheby_proxy,mesh9,8,5,0,"[8-5]",1,20,1.59654,0.975,0.38756,1,0.5,923,733
1656,172.698,ga_tcheby_proxy,mesh9,0,3,1,"[]",0,0,0,0,0,0,0.5,923,734
1657,172.734,ga_tcheby_proxy,mesh9,3,5,1,"[]",0,0,0,0,0,0,0.5,923,735
1658,172.845,ga_tcheby_proxy,mesh9,5,8,0,"[5-8]",1,20,1.59654,0.975,0.381643,1,0.5,924,735
1659,172.929,ga_tcheby_proxy,mesh9,1,7,0,"[1-4-7]",2,40,3.19307,0.975,0.381643,2,0.5,925,735
1660,172.942,ga_tcheby_proxy,mesh9,0,2,1,"[]",0,0,0,0,0,0,0.5,925,736
1661,172.954,ga_tcheby_proxy,mesh9,4,3,1,"[]",0,0,0,0,0,0,0.5,925,737
1662,172.955,ga_tcheby_proxy,mesh9,6,1,1,"[]",0,0,0,0,0,0,0.5,925,738
1663,173.118,ga_tcheby_proxy,mesh9,1,2,0,"[1-2]",1,22,1.61449,0.97,0.390476,1,0.5,926,738
1664,173.128,ga_tcheby_proxy,mesh9,0,7,1,"[]",0,0,0,0,0,0,0.5,926,739
1665,173.182,ga_tcheby_proxy,mesh9,6,5,1,"[]",0,0,0,0,0,0,0.5,926,740
1666,173.284,ga_tcheby_proxy,mesh9,7,8,0,"[7-8]",1,22,1.61449,0.97,0.396226,1,0.5,927,740
1667,173.321,ga_tcheby_proxy,mesh9,0,5,1,"[]",0,0,0,0,0,0,0.5,927,741
1668,173.321,ga_tcheby_proxy,mesh9,4,6,1,"[]",0,0,0,0,0,0,0.5,927,742
1669,173.361,ga_tcheby_proxy,mesh9,1,3,1,"[]",0,0,0,0,0,0,0.5,927,743
1670,173.464,ga_tcheby_proxy,mesh9,4,5,0,"[4-5]",1,22,1.61449,0.97,0.390476,1,0.5,928,743
1671,173.502,ga_tcheby_proxy,mesh9,1,5,1,"[]",0,0,0,0,0,0,0.5,928,744
1672,173.511,ga_tcheby_proxy,mesh9,2,1,1,"[]",0,0,0,0,0,0,0.5,928,745
1673,173.519,ga_tcheby_proxy,mesh9,2,6,1,"[]",0,0,0,0,0,0,0.5,928,746
1674,173.636,ga_tcheby_proxy,mesh9,3,7,0,"[3-6-7]",2,42,3.21103,0.97,0.372549,2,0.5,929,746
1675,173.712,ga_tcheby_proxy,mesh9,6,5,0,"[6-3-4-5]",3,64,4.82552,0.97,0.393365,3,0.5,930,746
1676,173.722,ga_tcheby_proxy,mesh9,7,0,1,"[]",0,0,0,0,0,0,0.5,930,747
1677,173.8,ga_tcheby_proxy,mesh9,0,3,0,"[0-3]",1,20,1.59654,0.975,0.34359,1,0.5,931,747
1678,173.945,ga_tcheby_proxy,mesh9,4,1,0,"[4-1]",1,20,1.59654,0.975,0.399061,1,0.5,932,747
1679,174.132,ga_tcheby_proxy,mesh9,2,0,0,"[2-1-0]",2,44,3.22898,0.97,0.384615,2,0.5,933,747
1680,174.192,ga_tcheby_proxy,mesh9,7,3,1,"[]",0,0,0,0,0,0,0.5,933,748
1681,174.231,ga_tcheby_proxy,mesh9,3,6,1,"[]",0,0,0,0,0,0,0.5,933,749
1682,174.252,ga_tcheby_proxy,mesh9,1,0,1,"[]",0,0,0,0,0,0,0.5,933,750
1683,174.497,ga_tcheby_proxy,mesh9,7,1,0,"[7-4-1]",2,40,3.19307,0.975,0.401869,2,0.5,934,750
1684,174.501,ga_tcheby_proxy,mesh9,8,0,0,"[8-7-4-3-0]",4,84,6.77412,0.916014,0.399061,4,0.5,935,750
1685,174.518,ga_tcheby_proxy,mesh9,0,2,1,"[]",0,0,0,0,0,0,0.5,935,751
1686,174.653,ga_tcheby_proxy,mesh9,8,2,0,"[8-5-2]",2,40,3.19307,0.975,0.393365,2,0.5,936,751
1687,174.8,ga_tcheby_proxy,mesh9,5,7,0,"[5-4-7]",2,42,3.21103,0.97,0.384615,2,0.5,937,751
1688,174.82,ga_tcheby_proxy,mesh9,5,3,1,"[]",0,0,0,0,0,0,0.5,937,752
1689,174.884,ga_tcheby_proxy,mesh9,4,0,0,"[4-3-0]",2,42,3.32518,0.924209,0.401869,2,0.5,938,752
1690,175.165,ga_tcheby_proxy,mesh9,8,1,0,"[8-5-2-1]",3,62,4.80756,0.97,0.396226,3,0.5,939,752
1691,175.208,ga_tcheby_proxy,mesh9,3,5,1,"[]",0,0,0,0,0,0,0.5,939,753
1692,175.253,ga_tcheby_proxy,mesh9,4,2,1,"[]",0,0,0,0,0,0,0.5,939,754
1693,175.314,ga_tcheby_proxy,mesh9,3,6,1,"[]",0,0,0,0,0,0,0.5,939,755
1694,175.572,ga_tcheby_proxy,mesh9,3,4,0,"[3-4]",1,22,1.61449,0.97,0.38756,1,0.5,940,755
1695,175.656,ga_tcheby_proxy,mesh9,1,2,0,"[1-2]",1,22,1.61449,0.97,0.393365,1,0.5,941,755
1696,175.713,ga_tcheby_proxy,mesh9,0,6,1,"[]",0,0,0,0,0,0,0.5,941,756
1697,175.866,ga_tcheby_proxy,mesh9,7,3,0,"[7-6-3]",2,42,3.21103,0.97,0.390476,2,0.5,942,756
1698,176.018,ga_tcheby_proxy,mesh9,1,5,0,"[1-2-5]",2,42,3.21103,0.97,0.396226,2,0.5,943,756
1699,176.039,ga_tcheby_proxy,mesh9,8,4,1,"[]",0,0,0,0,0,0,0.5,943,757
1700,176.044,ga_tcheby_proxy,mesh9,8,2,1,"[]",0,0,0,0,0,0,0.5,943,758
1701,176.066,ga_tcheby_proxy,mesh9,5,8,1,"[]",0,0,0,0,0,0,0.5,943,759
1702,176.087,ga_tcheby_proxy,mesh9,3,1,1,"[]",0,0,0,0,0,0,0.5,943,760
1703,176.107,ga_tcheby_proxy,mesh9,0,4,1,"[]",0,0,0,0,0,0,0.5,943,761
1704,176.18,ga_tcheby_proxy,mesh9,8,4,0,"[8-7-4]",2,42,3.21103,0.97,0.390476,2,0.5,944,761
1705,176.217,ga_tcheby_proxy,mesh9,2,6,1,"[]",0,0,0,0,0,0,0.5,944,762
1706,176.291,ga_tcheby_proxy,mesh9,4,1,0,"[4-1]",1,20,1.59654,0.975,0.404651,1,0.5,945,762
1707,176.407,ga_tcheby_proxy,mesh9,8,4,0,"[8-7-4]",2,42,3.21103,0.97,0.393365,2,0.5,946,762
1708,176.517,ga_tcheby_proxy,mesh9,4,0,0,"[4-3-0]",2,42,3.21103,0.97,0.404651,2,0.5,947,762
1709,176.598,ga_tcheby_proxy,mesh9,2,7,0,"[2-5-8-7]",3,62,4.80756,0.97,0.384615,3,0.5,948,762
1710,176.625,ga_tcheby_proxy,mesh9,2,8,1,"[]",0,0,0,0,0,0,0.5,948,763
1711,176.722,ga_tcheby_proxy,mesh9,8,5,0,"[8-5]",1,20,1.59654,0.975,0.396226,1,0.5,949,763
1712,176.813,ga_tcheby_proxy,mesh9,0,7,0,"[0-3-6-7]",3,62,4.80756,0.97,0.37561,3,0.5,950,763
1713,177.221,ga_tcheby_proxy,mesh9,3,1,0,"[3-4-1]",2,42,3.21103,0.97,0.407407,2,0.5,951,763
1714,177.266,ga_tcheby_proxy,mesh9,6,1,1,"[]",0,0,0,0,0,0,0.5,951,764
1715,177.273,ga_tcheby_proxy,mesh9,8,7,1,"[]",0,0,0,0,0,0,0.5,951,765
1716,177.828,ga_tcheby_proxy,mesh9,5,1,0,"[5-2-1]",2,42,3.21103,0.97,0.399061,2,0.5,952,765
1717,177.855,ga_tcheby_proxy,mesh9,7,5,1,"[]",0,0,0,0,0,0,0.5,952,766
1718,177.89,ga_tcheby_proxy,mesh9,6,8,1,"[]",0,0,0,0,0,0,0.5,952,767
1719,177.918,ga_tcheby_proxy,mesh9,0,4,1,"[]",0,0,0,0,0,0,0.5,952,768
1720,178.124,ga_tcheby_proxy,mesh9,8,7,0,"[8-7]",1,22,1.61449,0.97,0.38756,1,0.5,953,768
1721,178.143,ga_tcheby_proxy,mesh9,1,8,1,"[]",0,0,0,0,0,0,0.5,953,769
1722,178.146,ga_tcheby_proxy,mesh9,3,5,1,"[]",0,0,0,0,0,0,0.5,953,770
1723,178.177,ga_tcheby_proxy,mesh9,4,3,1,"[]",0,0,0,0,0,0,0.5,953,771
1724,178.179,ga_tcheby_proxy,mesh9,4,0,1,"[]",0,0,0,0,0,0,0.5,953,772
1725,178.195,ga_tcheby_proxy,mesh9,8,6,1,"[]",0,0,0,0,0,0,0.5,953,773
1726,178.236,ga_tcheby_proxy,mesh9,8,1,1,"[]",0,0,0,0,0,0,0.5,953,774
1727,178.366,ga_tcheby_proxy,mesh9,7,5,0,"[7-4-5]",2,42,3.21103,0.97,0.396226,2,0.5,954,774
1728,178.374,ga_tcheby_proxy,mesh9,4,2,1,"[]",0,0,0,0,0,0,0.5,954,775
1729,178.485,ga_tcheby_proxy,mesh9,4,5,0,"[4-5]",1,22,1.61449,0.97,0.399061,1,0.5,955,775
1730,178.675,ga_tcheby_proxy,mesh9,8,3,0,"[8-7-6-3]",3,64,4.82552,0.97,0.393365,3,0.5,956,775
1731,178.826,ga_tcheby_proxy,mesh9,4,2,0,"[4-5-2]",2,42,3.21103,0.97,0.401869,2,0.5,957,775
1732,179.018,ga_tcheby_proxy,mesh9,7,6,0,"[7-6]",1,22,1.61449,0.97,0.336788,1,0.5,958,775
1733,179.213,ga_tcheby_proxy,mesh9,1,0,0,"[1-0]",1,22,1.61449,0.97,0.38756,1,0.5,959,775
1734,179.244,ga_tcheby_proxy,mesh9,0,3,1,"[]",0,0,0,0,0,0,0.5,959,776
1735,179.274,ga_tcheby_proxy,mesh9,3,8,1,"[]",0,0,0,0,0,0,0.5,959,777
1736,179.399,ga_tcheby_proxy,mesh9,5,8,0,"[5-8]",1,20,1.59654,0.975,0.38756,1,0.5,960,777
1737,179.401,ga_tcheby_proxy,mesh9,8,3,0,"[8-7-6-3]",3,64,4.96863,0.940628,0.396226,3,0.5,961,777
1738,179.489,ga_tcheby_proxy,mesh9,0,8,0,"[0-1-4-7-8]",4,84,6.42205,0.97,0.399061,4,0.5,962,777
1739,179.537,ga_tcheby_proxy,mesh9,0,1,1,"[]",0,0,0,0,0,0,0.5,962,778
1740,179.552,ga_tcheby_proxy,mesh9,2,3,1,"[]",0,0,0,0,0,0,0.5,962,779
1741,179.6,ga_tcheby_proxy,mesh9,3,5,1,"[]",0,0,0,0,0,0,0.5,962,780
1742,179.674,ga_tcheby_proxy,mesh9,3,2,0,"[3-4-5-2]",3,64,4.82552,0.97,0.404651,3,0.5,963,780
1743,179.705,ga_tcheby_proxy,mesh9,1,5,1,"[]",0,0,0,0,0,0,0.5,963,781
1744,179.797,ga_tcheby_proxy,mesh9,1,4,0,"[1-4]",1,20,1.59654,0.975,0.340206,1,0.5,964,781
1745,179.888,ga_tcheby_proxy,mesh9,4,5,0,"[4-5]",1,22,1.61449,0.97,0.407407,1,0.5,965,781
1746,180.195,ga_tcheby_proxy,mesh9,2,1,0,"[2-1]",1,22,1.61449,0.97,0.384615,1,0.5,966,781
1747,180.213,ga_tcheby_proxy,mesh9,7,2,1,"[]",0,0,0,0,0,0,0.5,966,782
1748,180.215,ga_tcheby_proxy,mesh9,4,2,1,"[]",0,0,0,0,0,0,0.5,966,783
1749,180.277,ga_tcheby_proxy,mesh9,5,0,1,"[]",0,0,0,0,0,0,0.5,966,784
1750,180.373,ga_tcheby_proxy,mesh9,4,3,0,"[4-3]",1,22,1.61449,0.97,0.393365,1,0.5,967,784
1751,180.694,ga_tcheby_proxy,mesh9,0,6,0,"[0-3-6]",2,40,3.19307,0.975,0.363184,2,0.5,968,784
1752,180.719,ga_tcheby_proxy,mesh9,4,3,1,"[]",0,0,0,0,0,0,0.5,968,785
1753,180.969,ga_tcheby_proxy,mesh9,0,4,0,"[0-1-4]",2,42,3.21103,0.97,0.384615,2,0.5,969,785
1754,181.143,ga_tcheby_proxy,mesh9,4,7,0,"[4-7]",1,20,1.59654,0.975,0.390476,1,0.5,970,785
1755,181.268,ga_tcheby_proxy,mesh9,7,2,0,"[7-8-5-2]",3,62,4.80756,0.97,0.407407,3,0.5,971,785
1756,181.287,ga_tcheby_proxy,mesh9,1,5,1,"[]",0,0,0,0,0,0,0.5,971,786
1757,181.368,ga_tcheby_proxy,mesh9,4,2,0,"[4-5-2]",2,42,3.21103,0.97,0.410138,2,0.5,972,786
1758,181.411,ga_tcheby_proxy,mesh9,2,7,1,"[]",0,0,0,0,0,0,0.5,972,787
1759,181.474,ga_tcheby_proxy,mesh9,6,8,1,"[]",0,0,0,0,0,0,0.5,972,788
1760,181.516,ga_tcheby_proxy,mesh9,0,2,1,"[]",0,0,0,0,0,0,0.5,972,789
1761,181.554,ga_tcheby_proxy,mesh9,7,4,1,"[]",0,0,0,0,0,0,0.5,972,790
1762,181.599,ga_tcheby_proxy,mesh9,1,7,1,"[]",0,0,0,0,0,0,0.5,972,791
1763,181.639,ga_tcheby_proxy,mesh9,6,8,1,"[]",0,0,0,0,0,0,0.5,972,792
1764,181.643,ga_tcheby_proxy,mesh9,7,6,1,"[]",0,0,0,0,0,0,0.5,972,793
1765,182.001,ga_tcheby_proxy,mesh9,1,4,0,"[1-4]",1,20,1.59654,0.975,0.346939,1,0.5,973,793
1766,182.061,ga_tcheby_proxy,mesh9,3,8,1,"[]",0,0,0,0,0,0,0.5,973,794
1767,182.204,ga_tcheby_proxy,mesh9,6,0,0,"[6-3-0]",2,40,3.19307,0.975,0.407407,2,0.5,974,794
1768,182.293,ga_tcheby_proxy,mesh9,5,7,0,"[5-4-7]",2,42,3.21103,0.97,0.393365,2,0.5,975,794
1769,182.662,ga_tcheby_proxy,mesh9,1,8,0,"[1-2-5-8]",3,62,4.80756,0.97,0.399061,3,0.5,976,794
1770,182.781,ga_tcheby_proxy,mesh9,4,6,0,"[4-7-6]",2,42,3.21103,0.97,0.396226,2,0.5,977,794
1771,182.79,ga_tcheby_proxy,mesh9,3,5,1,"[]",0,0,0,0,0,0,0.5,977,795
1772,182.958,ga_tcheby_proxy,mesh9,1,8,0,"[1-2-5-8]",3,62,4.80756,0.97,0.401869,3,0.5,978,795
1773,182.962,ga_tcheby_proxy,mesh9,6,8,0,"[6-7-8]",2,44,3.43624,0.908379,0.408451,2,0.5,979,795
1774,182.965,ga_tcheby_proxy,mesh9,5,8,1,"[]",0,0,0,0,0,0,0.5,979,796
1775,182.986,ga_tcheby_proxy,mesh9,3,1,1,"[]",0,0,0,0,0,0,0.5,979,797
1776,183.061,ga_tcheby_proxy,mesh9,0,7,0,"[0-3-6-7]",3,62,4.80756,0.97,0.381643,3,0.5,980,797
1777,183.111,ga_tcheby_proxy,mesh9,8,0,1,"[]",0,0,0,0,0,0,0.5,980,798
1778,183.308,ga_tcheby_proxy,mesh9,0,1,0,"[0-1]",1,22,1.61449,0.97,0.38756,1,0.5,981,798
1779,183.34,ga_tcheby_proxy,mesh9,0,2,1,"[]",0,0,0,0,0,0,0.5,981,799
1780,183.476,ga_tcheby_proxy,mesh9,0,7,0,"[0-3-6-7]",3,62,4.80756,0.97,0.384615,3,0.5,982,799
1781,183.54,ga_tcheby_proxy,mesh9,7,6,1,"[]",0,0,0,0,0,0,0.5,982,800
1782,183.588,ga_tcheby_proxy,mesh9,1,0,1,"[]",0,0,0,0,0,0,0.5,982,801
1783,183.699,ga_tcheby_proxy,mesh9,8,3,0,"[8-7-4-3]",3,64,4.82552,0.97,0.399061,3,0.5,983,801
1784,183.733,ga_tcheby_proxy,mesh9,1,8,1,"[]",0,0,0,0,0,0,0.5,983,802
1785,183.739,ga_tcheby_proxy,mesh9,3,5,1,"[]",0,0,0,0,0,0,0.5,983,803
1786,183.789,ga_tcheby_proxy,mesh9,7,2,1,"[]",0,0,0,0,0,0,0.5,983,804
1787,183.957,ga_tcheby_proxy,mesh9,8,7,0,"[8-7]",1,22,1.61449,0.97,0.399061,1,0.5,984,804
1788,184.054,ga_tcheby_proxy,mesh9,1,5,0,"[1-2-5]",2,42,3.21103,0.97,0.404651,2,0.5,985,804
1789,184.324,ga_tcheby_proxy,mesh9,2,1,0,"[2-1]",1,22,1.61449,0.97,0.38756,1,0.5,986,804
1790,184.332,ga_tcheby_proxy,mesh9,3,4,1,"[]",0,0,0,0,0,0,0.5,986,805
1791,184.359,ga_tcheby_proxy,mesh9,5,4,1,"[]",0,0,0,0,0,0,0.5,986,806
1792,184.438,ga_tcheby_proxy,mesh9,3,8,0,"[3-4-5-8]",3,64,4.82552,0.97,0.412844,3,0.5,987,806
1793,184.484,ga_tcheby_proxy,mesh9,3,6,1,"[]",0,0,0,0,0,0,0.5,987,807
1794,184.52,ga_tcheby_proxy,mesh9,7,1,1,"[]",0,0,0,0,0,0,0.5,987,808
1795,184.559,ga_tcheby_proxy,mesh9,3,2,1,"[]",0,0,0,0,0,0,0.5,987,809
1796,184.579,ga_tcheby_proxy,mesh9,5,2,1,"[]",0,0,0,0,0,0,0.5,987,810
1797,184.671,ga_tcheby_proxy,mesh9,0,8,0,"[0-1-4-7-8]",4,84,6.42205,0.97,0.407407,4,0.5,988,810
1798,184.853,ga_tcheby_proxy,mesh9,5,6,0,"[5-4-3-6]",3,64,4.82552,0.97,0.399061,3,0.5,989,810
1799,184.994,ga_tcheby_proxy,mesh9,3,6,0,"[3-6]",1,20,1.59654,0.975,0.37561,1,0.5,990,810
1800,185.108,ga_tcheby_proxy,mesh9,2,3,0,"[2-1-0-3]",3,64,4.82552,0.97,0.390476,3,0.5,991,810
1801,185.142,ga_tcheby_proxy,mesh9,1,2,1,"[]",0,0,0,0,0,0,0.5,991,811
1802,185.188,ga_tcheby_proxy,mesh9,5,8,1,"[]",0,0,0,0,0,0,0.5,991,812
1803,185.201,ga_tcheby_proxy,mesh9,8,0,1,"[]",0,0,0,0,0,0,0.5,991,813
1804,185.215,ga_tcheby_proxy,mesh9,3,6,1,"[]",0,0,0,0,0,0,0.5,991,814
1805,185.251,ga_tcheby_proxy,mesh9,7,4,1,"[]",0,0,0,0,0,0,0.5,991,815
1806,185.361,ga_tcheby_proxy,mesh9,4,3,0,"[4-3]",1,22,1.61449,0.97,0.401869,1,0.5,992,815
1807,185.454,ga_tcheby_proxy,mesh9,4,2,0,"[4-1-2]",2,42,3.21103,0.97,0.410138,2,0.5,993,815
1808,185.526,ga_tcheby_proxy,mesh9,4,7,0,"[4-7]",1,20,1.59654,0.975,0.401869,1,0.5,994,815
1809,185.635,ga_tcheby_proxy,mesh9,6,5,0,"[6-7-8-5]",3,64,4.82552,0.97,0.410138,3,0.5,995,815
1810,185.979,ga_tcheby_proxy,mesh9,6,3,0,"[6-3]",1,20,1.59654,0.975,0.401869,1,0.5,996,815
1811,185.99,ga_tcheby_proxy,mesh9,5,8,1,"[]",0,0,0,0,0,0,0.5,996,816
1812,186.269,ga_tcheby_proxy,mesh9,6,5,0,"[6-7-8-5]",3,64,4.82552,0.97,0.412844,3,0.5,997,816
1813,186.313,ga_tcheby_proxy,mesh9,5,0,1,"[]",0,0,0,0,0,0,0.5,997,817
1814,186.468,ga_tcheby_proxy,mesh9,7,5,0,"[7-8-5]",2,42,3.21103,0.97,0.415525,2,0.5,998,817
1815,186.471,ga_tcheby_proxy,mesh9,5,1,0,"[5-4-1]",2,42,3.3748,0.919899,0.412844,2,0.5,999,817
1816,186.477,ga_tcheby_proxy,mesh9,8,2,1,"[]",0,0,0,0,0,0,0.5,999,818
1817,186.496,ga_tcheby_proxy,mesh9,6,8,1,"[]",0,0,0,0,0,0,0.5,999,819
1818,186.548,ga_tcheby_proxy,mesh9,8,1,1,"[]",0,0,0,0,0,0,0.5,999,820
1819,186.721,ga_tcheby_proxy,mesh9,1,6,0,"[1-0-3-6]",3,62,4.80756,0.97,0.393365,3,0.5,1000,820
1820,186.828,ga_tcheby_proxy,mesh9,8,7,0,"[8-7]",1,22,1.61449,0.97,0.401869,1,0.5,1001,820
1821,187.144,ga_tcheby_proxy,mesh9,3,8,0,"[3-4-5-8]",3,64,4.82552,0.97,0.415525,3,0.5,1002,820
1822,187.343,ga_tcheby_proxy,mesh9,6,2,0,"[6-3-0-1-2]",4,84,6.42205,0.97,0.410138,4,0.5,1003,820
1823,187.558,ga_tcheby_proxy,mesh9,1,2,0,"[1-2]",1,22,1.61449,0.97,0.412844,1,0.5,1004,820
1824,187.61,ga_tcheby_proxy,mesh9,5,4,1,"[]",0,0,0,0,0,0,0.5,1004,821
1825,187.709,ga_tcheby_proxy,mesh9,2,7,0,"[2-1-4-7]",3,62,4.80756,0.97,0.404651,3,0.5,1005,821
1826,187.724,ga_tcheby_proxy,mesh9,8,0,1,"[]",0,0,0,0,0,0,0.5,1005,822
1827,187.965,ga_tcheby_proxy,mesh9,8,0,0,"[8-5-2-1-0]",4,84,6.42205,0.97,0.412844,4,0.5,1006,822
1828,188.113,ga_tcheby_proxy,mesh9,3,7,0,"[3-6-7]",2,42,3.21103,0.97,0.393365,2,0.5,1007,822
1829,188.19,ga_tcheby_proxy,mesh9,3,8,0,"[3-4-5-8]",3,64,4.82552,0.97,0.418182,3,0.5,1008,822
1830,188.22,ga_tcheby_proxy,mesh9,5,2,1,"[]",0,0,0,0,0,0,0.5,1008,823
1831,188.261,ga_tcheby_proxy,mesh9,7,4,1,"[]",0,0,0,0,0,0,0.5,1008,824
1832,188.466,ga_tcheby_proxy,mesh9,3,6,0,"[3-6]",1,20,1.59654,0.975,0.384615,1,0.5,1009,824
1833,188.527,ga_tcheby_proxy,mesh9,5,4,0,"[5-8-7-4]",3,62,4.99486,0.909476,0.404651,3,0.5,1010,824
1834,188.535,ga_tcheby_proxy,mesh9,0,8,1,"[]",0,0,0,0,0,0,0.5,1010,825
1835,188.64,ga_tcheby_proxy,mesh9,7,5,0,"[7-8-5]",2,42,3.21103,0.97,0.418182,2,0.5,1011,825
1836,188.761,ga_tcheby_proxy,mesh9,3,8,0,"[3-6-7-8]",3,64,4.82552,0.97,0.420814,3,0.5,1012,825
1837,188.793,ga_tcheby_proxy,mesh9,4,2,1,"[]",0,0,0,0,0,0,0.5,1012,826
1838,188.953,ga_tcheby_proxy,mesh9,5,6,0,"[5-4-3-6]",3,64,4.82552,0.97,0.404651,3,0.5,1013,826
1839,189.091,ga_tcheby_proxy,mesh9,1,0,0,"[1-0]",1,22,1.61449,0.97,0.399061,1,0.5,1014,826
1840,189.119,ga_tcheby_proxy,mesh9,3,8,1,"[]",0,0,0,0,0,0,0.5,1014,827
1841,189.144,ga_tcheby_proxy,mesh9,8,4,1,"[]",0,0,0,0,0,0,0.5,1014,828
1842,189.279,ga_tcheby_proxy,mesh9,5,8,0,"[5-8]",1,20,1.59654,0.975,0.407407,1,0.5,1015,828
1843,189.526,ga_tcheby_proxy,mesh9,6,8,0,"[6-7-8]",2,44,3.22898,0.97,0.423423,2,0.5,1016,828
1844,189.568,ga_tcheby_proxy,mesh9,4,7,1,"[]",0,0,0,0,0,0,0.5,1016,829
1845,189.629,ga_tcheby_proxy,mesh9,0,8,1,"[]",0,0,0,0,0,0,0.5,1016,830
1846,189.955,ga_tcheby_proxy,mesh9,4,3,0,"[4-3]",1,22,1.61449,0.97,0.407407,1,0.5,1017,830
1847,190.229,ga_tcheby_proxy,mesh9,0,4,0,"[0-1-4]",2,42,3.21103,0.97,0.396226,2,0.5,1018,830
1848,190.278,ga_tcheby_proxy,mesh9,5,2,1,"[]",0,0,0,0,0,0,0.5,1018,831
1849,190.297,ga_tcheby_proxy,mesh9,5,2,1,"[]",0,0,0,0,0,0,0.5,1018,832
1850,190.303,ga_tcheby_proxy,mesh9,2,4,1,"[]",0,0,0,0,0,0,0.5,1018,833
1851,190.331,ga_tcheby_proxy,mesh9,2,4,1,"[]",0,0,0,0,0,0,0.5,1018,834
1852,190.392,ga_tcheby_proxy,mesh9,3,0,0,"[3-0]",1,20,1.70681,0.909788,0.412844,1,0.5,1019,834
1853,190.671,ga_tcheby_proxy,mesh9,1,4,0,"[1-4]",1,20,1.59654,0.975,0.36,1,0.5,1020,834
1854,190.745,ga_tcheby_proxy,mesh9,5,2,0,"[5-2]",1,20,1.59654,0.975,0.415525,1,0.5,1021,834
1855,190.863,ga_tcheby_proxy,mesh9,1,0,0,"[1-0]",1,22,1.61449,0.97,0.401869,1,0.5,1022,834
1856,190.932,ga_tcheby_proxy,mesh9,0,4,1,"[]",0,0,0,0,0,0,0.5,1022,835
1857,190.945,ga_tcheby_proxy,mesh9,7,8,1,"[]",0,0,0,0,0,0,0.5,1022,836
1858,191.107,ga_tcheby_proxy,mesh9,2,0,0,"[2-1-0]",2,44,3.22898,0.97,0.404651,2,0.5,1023,836
1859,191.158,ga_tcheby_proxy,mesh9,7,1,1,"[]",0,0,0,0,0,0,0.5,1023,837
1860,191.239,ga_tcheby_proxy,mesh9,4,2,0,"[4-5-2]",2,42,3.21103,0.97,0.420814,2,0.5,1024,837
1861,191.456,ga_tcheby_proxy,mesh9,7,4,0,"[7-4]",1,20,1.59654,0.975,0.404651,1,0.5,1025,837
1862,191.458,ga_tcheby_proxy,mesh9,0,5,0,"[0-1-2-5]",3,64,5.00574,0.93322,0.419355,3,0.5,1026,837
1863,191.459,ga_tcheby_proxy,mesh9,5,8,0,"[5-8]",1,20,1.68137,0.924263,0.421801,1,0.5,1027,837
1864,191.459,ga_tcheby_proxy,mesh9,4,0,0,"[4-1-0]",2,42,3.41185,0.90998,0.415525,2,0.5,1028,837
1865,191.523,ga_tcheby_proxy,mesh9,6,1,0,"[6-3-0-1]",3,62,4.9344,0.905386,0.415525,3,0.5,1029,837
1866,191.59,ga_tcheby_proxy,mesh9,1,2,1,"[]",0,0,0,0,0,0,0.5,1029,838
1867,191.896,ga_tcheby_proxy,mesh9,2,4,0,"[2-5-4]",2,42,3.21103,0.97,0.390476,2,0.5,1030,838
1868,191.955,ga_tcheby_proxy,mesh9,8,3,1,"[]",0,0,0,0,0,0,0.5,1030,839
1869,192.082,ga_tcheby_proxy,mesh9,6,5,0,"[6-7-4-5]",3,64,4.82552,0.97,0.423423,3,0.5,1031,839
1870,192.119,ga_tcheby_proxy,mesh9,6,1,1,"[]",0,0,0,0,0,0,0.5,1031,840
1871,192.155,ga_tcheby_proxy,mesh9,3,1,1,"[]",0,0,0,0,0,0,0.5,1031,841
1872,192.302,ga_tcheby_proxy,mesh9,8,1,0,"[8-7-4-1]",3,62,4.80756,0.97,0.418182,3,0.5,1032,841
1873,192.311,ga_tcheby_proxy,mesh9,4,6,1,"[]",0,0,0,0,0,0,0.5,1032,842
1874,192.386,ga_tcheby_proxy,mesh9,5,1,0,"[5-4-1]",2,42,3.21103,0.97,0.420814,2,0.5,1033,842
1875,192.446,ga_tcheby_proxy,mesh9,4,3,0,"[4-3]",1,22,1.7175,0.909421,0.410138,1,0.5,1034,842
1876,192.488,ga_tcheby_proxy,mesh9,4,1,1,"[]",0,0,0,0,0,0,0.5,1034,843
1877,192.492,ga_tcheby_proxy,mesh9,8,6,1,"[]",0,0,0,0,0,0,0.5,1034,844
1878,192.726,ga_tcheby_proxy,mesh9,6,3,0,"[6-3]",1,20,1.59654,0.975,0.410138,1,0.5,1035,844
1879,193.27,ga_tcheby_proxy,mesh9,8,6,0,"[8-7-6]",2,44,3.22898,0.97,0.410138,2,0.5,1036,844
1880,193.285,ga_tcheby_proxy,mesh9,0,5,1,"[]",0,0,0,0,0,0,0.5,1036,845
1881,193.391,ga_tcheby_proxy,mesh9,6,4,0,"[6-3-4]",2,42,3.21103,0.97,0.412844,2,0.5,1037,845
1882,193.448,ga_tcheby_proxy,mesh9,7,4,1,"[]",0,0,0,0,0,0,0.5,1037,846
1883,193.454,ga_tcheby_proxy,mesh9,2,8,1,"[]",0,0,0,0,0,0,0.5,1037,847
1884,193.467,ga_tcheby_proxy,mesh9,4,8,1,"[]",0,0,0,0,0,0,0.5,1037,848
1885,193.753,ga_tcheby_proxy,mesh9,1,7,0,"[1-4-7]",2,40,3.19307,0.975,0.407407,2,0.5,1038,848
1886,193.807,ga_tcheby_proxy,mesh9,7,8,1,"[]",0,0,0,0,0,0,0.5,1038,849
1887,193.871,ga_tcheby_proxy,mesh9,5,7,0,"[5-2-1-4-7]",4,82,6.58169,0.918233,0.420814,4,0.5,1039,849
1888,193.946,ga_tcheby_proxy,mesh9,1,8,0,"[1-4-5-8]",3,62,4.80756,0.97,0.426009,3,0.5,1040,849
1889,194.091,ga_tcheby_proxy,mesh9,6,4,0,"[6-7-4]",2,42,3.21103,0.97,0.412844,2,0.5,1041,849
1890,194.204,ga_tcheby_proxy,mesh9,4,2,0,"[4-1-2]",2,42,3.21103,0.97,0.423423,2,0.5,1042,849
1891,194.243,ga_tcheby_proxy,mesh9,1,7,1,"[]",0,0,0,0,0,0,0.5,1042,850
1892,194.26,ga_tcheby_proxy,mesh9,3,7,1,"[]",0,0,0,0,0,0,0.5,1042,851
1893,194.322,ga_tcheby_proxy,mesh9,0,3,1,"[]",0,0,0,0,0,0,0.5,1042,852
1894,194.385,ga_tcheby_proxy,mesh9,2,5,1,"[]",0,0,0,0,0,0,0.5,1042,853
1895,194.436,ga_tcheby_proxy,mesh9,7,4,1,"[]",0,0,0,0,0,0,0.5,1042,854
1896,194.454,ga_tcheby_proxy,mesh9,4,8,1,"[]",0,0,0,0,0,0,0.5,1042,855
1897,194.507,ga_tcheby_proxy,mesh9,6,5,1,"[]",0,0,0,0,0,0,0.5,1042,856
1898,194.593,ga_tcheby_proxy,mesh9,5,1,0,"[5-4-1]",2,42,3.21103,0.97,0.426009,2,0.5,1043,856
1899,194.752,ga_tcheby_proxy,mesh9,5,8,0,"[5-8]",1,20,1.59654,0.975,0.415525,1,0.5,1044,856
1900,194.758,ga_tcheby_proxy,mesh9,2,8,1,"[]",0,0,0,0,0,0,0.5,1044,857
1901,194.801,ga_tcheby_proxy,mesh9,6,1,1,"[]",0,0,0,0,0,0,0.5,1044,858
1902,194.876,ga_tcheby_proxy,mesh9,3,2,0,"[3-0-1-2]",3,64,4.83522,0.963949,0.420814,3,0.5,1045,858
1903,194.894,ga_tcheby_proxy,mesh9,5,0,1,"[]",0,0,0,0,0,0,0.5,1045,859
1904,195.079,ga_tcheby_proxy,mesh9,2,0,0,"[2-1-0]",2,44,3.22898,0.97,0.410138,2,0.5,1046,859
1905,195.101,ga_tcheby_proxy,mesh9,4,8,1,"[]",0,0,0,0,0,0,0.5,1046,860
1906,195.147,ga_tcheby_proxy,mesh9,7,5,1,"[]",0,0,0,0,0,0,0.5,1046,861
1907,195.15,ga_tcheby_proxy,mesh9,2,8,1,"[]",0,0,0,0,0,0,0.5,1046,862
1908,195.406,ga_tcheby_proxy,mesh9,3,7,0,"[3-6-7]",2,42,3.21103,0.97,0.407407,2,0.5,1047,862
1909,195.468,ga_tcheby_proxy,mesh9,7,2,1,"[]",0,0,0,0,0,0,0.5,1047,863
1910,195.5,ga_tcheby_proxy,mesh9,1,5,1,"[]",0,0,0,0,0,0,0.5,1047,864
1911,195.553,ga_tcheby_proxy,mesh9,3,2,1,"[]",0,0,0,0,0,0,0.5,1047,865
1912,195.603,ga_tcheby_proxy,mesh9,5,7,1,"[]",0,0,0,0,0,0,0.5,1047,866
1913,195.919,ga_tcheby_proxy,mesh9,0,2,0,"[0-1-2]",2,44,3.22898,0.97,0.423423,2,0.5,1048,866
1914,195.939,ga_tcheby_proxy,mesh9,7,8,1,"[]",0,0,0,0,0,0,0.5,1048,867
1915,196.003,ga_tcheby_proxy,mesh9,7,8,0,"[7-8]",1,22,1.68127,0.929846,0.426009,1,0.5,1049,867
1916,196.045,ga_tcheby_proxy,mesh9,4,8,1,"[]",0,0,0,0,0,0,0.5,1049,868
1917,196.058,ga_tcheby_proxy,mesh9,3,1,1,"[]",0,0,0,0,0,0,0.5,1049,869
1918,196.135,ga_tcheby_proxy,mesh9,4,7,0,"[4-7]",1,20,1.59654,0.975,0.412844,1,0.5,1050,869
1919,196.224,ga_tcheby_proxy,mesh9,6,3,0,"[6-3]",1,20,1.59654,0.975,0.415525,1,0.5,1051,869
1920,196.305,ga_tcheby_proxy,mesh9,7,1,0,"[7-4-1]",2,40,3.19307,0.975,0.428571,2,0.5,1052,869
1921,196.391,ga_tcheby_proxy,mesh9,2,4,0,"[2-5-4]",2,42,3.21103,0.97,0.399061,2,0.5,1053,869
1922,196.427,ga_tcheby_proxy,mesh9,0,3,1,"[]",0,0,0,0,0,0,0.5,1053,870
1923,196.646,ga_tcheby_proxy,mesh9,8,1,0,"[8-5-2-1]",3,62,4.80756,0.97,0.423423,3,0.5,1054,870
1924,196.647,ga_tcheby_proxy,mesh9,0,1,0,"[0-1]",1,22,1.63983,0.954399,0.412037,1,0.5,1055,870
1925,196.903,ga_tcheby_proxy,mesh9,2,7,0,"[2-1-4-7]",3,62,4.80756,0.97,0.415525,3,0.5,1056,870
1926,196.982,ga_tcheby_proxy,mesh9,3,7,0,"[3-6-7]",2,42,3.21103,0.97,0.410138,2,0.5,1057,870
1927,197.016,ga_tcheby_proxy,mesh9,3,6,1,"[]",0,0,0,0,0,0,0.5,1057,871
1928,197.032,ga_tcheby_proxy,mesh9,3,6,1,"[]",0,0,0,0,0,0,0.5,1057,872
1929,197.038,ga_tcheby_proxy,mesh9,0,3,1,"[]",0,0,0,0,0,0,0.5,1057,873
1930,197.24,ga_tcheby_proxy,mesh9,0,4,0,"[0-3-4]",2,42,3.21103,0.97,0.407407,2,0.5,1058,873
1931,197.456,ga_tcheby_proxy,mesh9,5,0,0,"[5-4-3-0]",3,64,4.82552,0.97,0.420814,3,0.5,1059,873
1932,197.498,ga_tcheby_proxy,mesh9,8,1,1,"[]",0,0,0,0,0,0,0.5,1059,874
1933,197.533,ga_tcheby_proxy,mesh9,7,2,1,"[]",0,0,0,0,0,0,0.5,1059,875
1934,197.602,ga_tcheby_proxy,mesh9,3,4,1,"[]",0,0,0,0,0,0,0.5,1059,876
1935,197.697,ga_tcheby_proxy,mesh9,1,8,0,"[1-2-5-8]",3,62,4.80756,0.97,0.426009,3,0.5,1060,876
1936,197.83,ga_tcheby_proxy,mesh9,4,0,0,"[4-3-0]",2,42,3.21103,0.97,0.423423,2,0.5,1061,876
1937,197.839,ga_tcheby_proxy,mesh9,8,0,1,"[]",0,0,0,0,0,0,0.5,1061,877
1938,197.849,ga_tcheby_proxy,mesh9,1,3,1,"[]",0,0,0,0,0,0,0.5,1061,878
1939,197.946,ga_tcheby_proxy,mesh9,5,8,0,"[5-8]",1,20,1.59654,0.975,0.420814,1,0.5,1062,878
1940,197.954,ga_tcheby_proxy,mesh9,0,6,1,"[]",0,0,0,0,0,0,0.5,1062,879
1941,197.985,ga_tcheby_proxy,mesh9,2,5,1,"[]",0,0,0,0,0,0,0.5,1062,880
1942,197.991,ga_tcheby_proxy,mesh9,4,8,1,"[]",0,0,0,0,0,0,0.5,1062,881
1943,198.163,ga_tcheby_proxy,mesh9,6,8,0,"[6-7-8]",2,44,3.22898,0.97,0.428571,2,0.5,1063,881
1944,198.305,ga_tcheby_proxy,mesh9,8,5,0,"[8-5]",1,20,1.59654,0.975,0.418182,1,0.5,1064,881
1945,198.342,ga_tcheby_proxy,mesh9,6,7,1,"[]",0,0,0,0,0,0,0.5,1064,882
1946,198.41,ga_tcheby_proxy,mesh9,1,7,0,"[1-4-7]",2,40,3.22128,0.957444,0.418182,2,0.5,1065,882
1947,198.484,ga_tcheby_proxy,mesh9,5,6,0,"[5-4-3-6]",3,64,4.82552,0.97,0.418182,3,0.5,1066,882
1948,198.53,ga_tcheby_proxy,mesh9,3,5,1,"[]",0,0,0,0,0,0,0.5,1066,883
1949,198.586,ga_tcheby_proxy,mesh9,8,1,1,"[]",0,0,0,0,0,0,0.5,1066,884
1950,198.597,ga_tcheby_proxy,mesh9,6,8,1,"[]",0,0,0,0,0,0,0.5,1066,885
1951,198.874,ga_tcheby_proxy,mesh9,4,2,0,"[4-5-2]",2,42,3.21103,0.97,0.428571,2,0.5,1067,885
1952,198.899,ga_tcheby_proxy,mesh9,7,2,1,"[]",0,0,0,0,0,0,0.5,1067,886
1953,199.224,ga_tcheby_proxy,mesh9,6,7,0,"[6-7]",1,22,1.61449,0.97,0.415525,1,0.5,1068,886
1954,199.27,ga_tcheby_proxy,mesh9,6,8,1,"[]",0,0,0,0,0,0,0.5,1068,887
1955,199.297,ga_tcheby_proxy,mesh9,7,4,1,"[]",0,0,0,0,0,0,0.5,1068,888
1956,199.326,ga_tcheby_proxy,mesh9,0,3,1,"[]",0,0,0,0,0,0,0.5,1068,889
1957,199.341,ga_tcheby_proxy,mesh9,8,5,1,"[]",0,0,0,0,0,0,0.5,1068,890
1958,199.524,ga_tcheby_proxy,mesh9,8,3,0,"[8-7-6-3]",3,64,4.82552,0.97,0.418182,3,0.5,1069,890
1959,199.557,ga_tcheby_proxy,mesh9,0,6,1,"[]",0,0,0,0,0,0,0.5,1069,891
1960,199.562,ga_tcheby_proxy,mesh9,5,1,1,"[]",0,0,0,0,0,0,0.5,1069,892
1961,199.705,ga_tcheby_proxy,mesh9,5,1,0,"[5-2-1]",2,42,3.21103,0.97,0.428571,2,0.5,1070,892
1962,199.85,ga_tcheby_proxy,mesh9,5,0,0,"[5-4-3-0]",3,64,4.82552,0.97,0.426009,3,0.5,1071,892
1963,199.917,ga_tcheby_proxy,mesh9,6,4,0,"[6-3-0-1-4]",4,82,6.60303,0.900734,0.428571,4,0.5,1072,892
1964,200.004,ga_tcheby_proxy,mesh9,5,1,0,"[5-4-1]",2,42,3.21103,0.97,0.431111,2,0.5,1073,892
1965,200.122,ga_tcheby_proxy,mesh9,3,0,0,"[3-0]",1,20,1.59654,0.975,0.431111,1,0.5,1074,892
1966,200.218,ga_tcheby_proxy,mesh9,0,8,0,"[0-1-2-5-8]",4,84,6.42205,0.97,0.428571,4,0.5,1075,892
1967,200.247,ga_tcheby_proxy,mesh9,2,4,1,"[]",0,0,0,0,0,0,0.5,1075,893
1968,200.517,ga_tcheby_proxy,mesh9,0,8,0,"[0-1-4-7-8]",4,84,6.42205,0.97,0.431111,4,0.5,1076,893
1969,200.522,ga_tcheby_proxy,mesh9,8,5,0,"[8-5]",1,20,1.72474,0.90017,0.430556,1,0.5,1077,893
1970,200.524,ga_tcheby_proxy,mesh9,4,6,1,"[]",0,0,0,0,0,0,0.5,1077,894
1971,200.547,ga_tcheby_proxy,mesh9,4,0,1,"[]",0,0,0,0,0,0,0.5,1077,895
1972,200.642,ga_tcheby_proxy,mesh9,3,5,0,"[3-4-5]",2,44,3.22898,0.97,0.431111,2,0.5,1078,895
1973,200.784,ga_tcheby_proxy,mesh9,3,4,0,"[3-4]",1,22,1.61449,0.97,0.412844,1,0.5,1079,895
1974,200.887,ga_tcheby_proxy,mesh9,0,5,0,"[0-1-2-5]",3,64,4.82552,0.97,0.431111,3,0.5,1080,895
1975,200.977,ga_tcheby_proxy,mesh9,6,3,0,"[6-3]",1,20,1.59654,0.975,0.423423,1,0.5,1081,895
1976,201.444,ga_tcheby_proxy,mesh9,0,4,0,"[0-3-4]",2,42,3.21103,0.97,0.415525,2,0.5,1082,895
1977,201.601,ga_tcheby_proxy,mesh9,8,1,0,"[8-5-2-1]",3,62,4.80756,0.97,0.431111,3,0.5,1083,895
1978,201.685,ga_tcheby_proxy,mesh9,6,5,0,"[6-7-4-5]",3,64,4.82552,0.97,0.433628,3,0.5,1084,895
1979,201.772,ga_tcheby_proxy,mesh9,0,7,0,"[0-3-6-7]",3,62,4.80756,0.97,0.420814,3,0.5,1085,895
1980,201.852,ga_tcheby_proxy,mesh9,0,7,0,"[0-3-4-7]",3,62,4.80756,0.97,0.423423,3,0.5,1086,895
1981,201.858,ga_tcheby_proxy,mesh9,6,7,1,"[]",0,0,0,0,0,0,0.5,1086,896
1982,201.951,ga_tcheby_proxy,mesh9,4,2,0,"[4-1-2]",2,42,3.21103,0.97,0.433628,2,0.5,1087,896
1983,201.987,ga_tcheby_proxy,mesh9,4,0,1,"[]",0,0,0,0,0,0,0.5,1087,897
1984,202.037,ga_tcheby_proxy,mesh9,3,4,1,"[]",0,0,0,0,0,0,0.5,1087,898
1985,202.127,ga_tcheby_proxy,mesh9,1,2,0,"[1-2]",1,22,1.61449,0.97,0.436123,1,0.5,1088,898
1986,202.136,ga_tcheby_proxy,mesh9,4,2,1,"[]",0,0,0,0,0,0,0.5,1088,899
1987,202.216,ga_tcheby_proxy,mesh9,5,6,0,"[5-4-3-6]",3,64,4.82552,0.97,0.423423,3,0.5,1089,899
1988,202.256,ga_tcheby_proxy,mesh9,8,2,1,"[]",0,0,0,0,0,0,0.5,1089,900
1989,202.337,ga_tcheby_proxy,mesh9,2,4,0,"[2-5-4]",2,42,3.21103,0.97,0.415525,2,0.5,1090,900
1990,202.396,ga_tcheby_proxy,mesh9,2,1,1,"[]",0,0,0,0,0,0,0.5,1090,901
1991,202.492,ga_tcheby_proxy,mesh9,2,4,0,"[2-5-4]",2,42,3.21103,0.97,0.418182,2,0.5,1091,901
1992,202.552,ga_tcheby_proxy,mesh9,2,4,0,"[2-5-4]",2,42,3.2522,0.944842,0.420814,2,0.5,1092,901
1993,202.829,ga_tcheby_proxy,mesh9,8,7,0,"[8-7]",1,22,1.61449,0.97,0.415525,1,0.5,1093,901
1994,202.933,ga_tcheby_proxy,mesh9,2,4,0,"[2-1-4]",2,42,3.21103,0.97,0.418182,2,0.5,1094,901
1995,203.102,ga_tcheby_proxy,mesh9,4,5,0,"[4-5]",1,22,1.61449,0.97,0.436123,1,0.5,1095,901
1996,203.167,ga_tcheby_proxy,mesh9,5,7,0,"[5-2-1-4-7]",4,82,6.47382,0.932732,0.433628,4,0.5,1096,901
1997,203.249,ga_tcheby_proxy,mesh9,2,1,0,"[2-1]",1,22,1.61449,0.97,0.423423,1,0.5,1097,901
1998,203.254,ga_tcheby_proxy,mesh9,4,2,1,"[]",0,0,0,0,0,0,0.5,1097,902
1999,203.332,ga_tcheby_proxy,mesh9,3,8,0,"[3-4-5-8]",3,64,4.87345,0.946444,0.438596,3,0.5,1098,902
2000,203.422,ga_tcheby_proxy,mesh9,1,2,0,"[1-2]",1,22,1.61449,0.97,0.438596,1,0.5,1099,902
2001,203.425,ga_tcheby_proxy,mesh9,0,8,0,"[0-1-4-7-8]",4,84,6.7849,0.915626,0.4375,4,0.5,1100,902
2002,203.556,ga_tcheby_proxy,mesh9,6,5,0,"[6-7-8-5]",3,64,4.82552,0.97,0.436123,3,0.5,1101,902
2003,203.599,ga_tcheby_proxy,mesh9,4,0,1,"[]",0,0,0,0,0,0,0.5,1101,903
2004,203.714,ga_tcheby_proxy,mesh9,7,0,0,"[7-4-3-0]",3,62,4.80756,0.97,0.433628,3,0.5,1102,903
2005,203.743,ga_tcheby_proxy,mesh9,0,7,1,"[]",0,0,0,0,0,0,0.5,1102,904
2006,203.828,ga_tcheby_proxy,mesh9,4,6,0,"[4-3-6]",2,42,3.21103,0.97,0.428571,2,0.5,1103,904
2007,204.032,ga_tcheby_proxy,mesh9,5,6,0,"[5-8-7-6]",3,64,4.82552,0.97,0.428571,3,0.5,1104,904
2008,204.115,ga_tcheby_proxy,mesh9,2,3,0,"[2-1-0-3]",3,64,4.82552,0.97,0.426009,3,0.5,1105,904
2009,204.128,ga_tcheby_proxy,mesh9,1,8,1,"[]",0,0,0,0,0,0,0.5,1105,905
2010,204.365,ga_tcheby_proxy,mesh9,8,5,0,"[8-5]",1,20,1.59654,0.975,0.428571,1,0.5,1106,905
2011,204.382,ga_tcheby_proxy,mesh9,7,4,1,"[]",0,0,0,0,0,0,0.5,1106,906
2012,204.547,ga_tcheby_proxy,mesh9,1,3,0,"[1-0-3]",2,42,3.21103,0.97,0.415525,2,0.5,1107,906
2013,204.639,ga_tcheby_proxy,mesh9,5,0,0,"[5-4-3-0]",3,64,4.82552,0.97,0.436123,3,0.5,1108,906
2014,204.888,ga_tcheby_proxy,mesh9,0,6,0,"[0-3-6]",2,40,3.19307,0.975,0.410138,2,0.5,1109,906
2015,204.928,ga_tcheby_proxy,mesh9,8,2,1,"[]",0,0,0,0,0,0,0.5,1109,907
2016,205.116,ga_tcheby_proxy,mesh9,0,1,0,"[0-1]",1,22,1.61449,0.97,0.426009,1,0.5,1110,907
2017,205.199,ga_tcheby_proxy,mesh9,7,4,0,"[7-4]",1,20,1.59654,0.975,0.423423,1,0.5,1111,907
2018,205.35,ga_tcheby_proxy,mesh9,5,4,0,"[5-4]",1,22,1.61449,0.97,0.426009,1,0.5,1112,907
2019,205.485,ga_tcheby_proxy,mesh9,1,2,0,"[1-2]",1,22,1.61449,0.97,0.441048,1,0.5,1113,907
2020,205.511,ga_tcheby_proxy,mesh9,5,8,1,"[]",0,0,0,0,0,0,0.5,1113,908
2021,205.63,ga_tcheby_proxy,mesh9,3,2,0,"[3-4-5-2]",3,64,4.82552,0.97,0.441048,3,0.5,1114,908
2022,205.634,ga_tcheby_proxy,mesh9,3,1,0,"[3-0-1]",2,42,3.43836,0.90067,0.438596,2,0.5,1115,908
2023,205.681,ga_tcheby_proxy,mesh9,6,3,1,"[]",0,0,0,0,0,0,0.5,1115,909
2024,205.851,ga_tcheby_proxy,mesh9,6,7,0,"[6-7]",1,22,1.61449,0.97,0.426009,1,0.5,1116,909
2025,205.875,ga_tcheby_proxy,mesh9,5,0,1,"[]",0,0,0,0,0,0,0.5,1116,910
2026,205.904,ga_tcheby_proxy,mesh9,8,3,1,"[]",0,0,0,0,0,0,0.5,1116,911
2027,206.038,ga_tcheby_proxy,mesh9,5,2,0,"[5-2]",1,20,1.59654,0.975,0.438596,1,0.5,1117,911
2028,206.083,ga_tcheby_proxy,mesh9,5,1,1,"[]",0,0,0,0,0,0,0.5,1117,912
2029,206.128,ga_tcheby_proxy,mesh9,8,0,1,"[]",0,0,0,0,0,0,0.5,1117,913
2030,206.346,ga_tcheby_proxy,mesh9,4,2,0,"[4-5-2]",2,42,3.21103,0.97,0.443478,2,0.5,1118,913
2031,206.358,ga_tcheby_proxy,mesh9,0,1,1,"[]",0,0,0,0,0,0,0.5,1118,914
2032,206.41,ga_tcheby_proxy,mesh9,0,2,1,"[]",0,0,0,0,0,0,0.5,1118,915
2033,206.426,ga_tcheby_proxy,mesh9,1,6,1,"[]",0,0,0,0,0,0,0.5,1118,916
2034,206.515,ga_tcheby_proxy,mesh9,4,5,0,"[4-5]",1,22,1.61449,0.97,0.445887,1,0.5,1119,916
2035,206.621,ga_tcheby_proxy,mesh9,4,2,0,"[4-1-2]",2,42,3.21103,0.97,0.443478,2,0.5,1120,916
2036,206.648,ga_tcheby_proxy,mesh9,1,6,1,"[]",0,0,0,0,0,0,0.5,1120,917
2037,206.649,ga_tcheby_proxy,mesh9,3,5,1,"[]",0,0,0,0,0,0,0.5,1120,918
2038,206.856,ga_tcheby_proxy,mesh9,2,7,0,"[2-1-4-7]",3,62,4.80756,0.97,0.431111,3,0.5,1121,918
2039,206.861,ga_tcheby_proxy,mesh9,5,6,0,"[5-8-7-6]",3,64,5.15822,0.905168,0.433036,3,0.5,1122,918
2040,206.884,ga_tcheby_proxy,mesh9,4,1,1,"[]",0,0,0,0,0,0,0.5,1122,919
2041,207.164,ga_tcheby_proxy,mesh9,7,5,0,"[7-8-5]",2,42,3.21103,0.97,0.438596,2,0.5,1123,919
2042,207.218,ga_tcheby_proxy,mesh9,5,3,1,"[]",0,0,0,0,0,0,0.5,1123,920
2043,207.267,ga_tcheby_proxy,mesh9,3,4,1,"[]",0,0,0,0,0,0,0.5,1123,921
2044,207.392,ga_tcheby_proxy,mesh9,0,7,0,"[0-3-6-7]",3,62,4.80756,0.97,0.428571,3,0.5,1124,921
2045,207.404,ga_tcheby_proxy,mesh9,8,0,1,"[]",0,0,0,0,0,0,0.5,1124,922
2046,207.63,ga_tcheby_proxy,mesh9,7,4,0,"[7-4]",1,20,1.59654,0.975,0.426009,1,0.5,1125,922
2047,207.693,ga_tcheby_proxy,mesh9,0,3,0,"[0-3]",1,20,1.59654,0.975,0.390476,1,0.5,1126,922
2048,207.779,ga_tcheby_proxy,mesh9,8,5,0,"[8-5]",1,20,1.59654,0.975,0.433628,1,0.5,1127,922
2049,207.86,ga_tcheby_proxy,mesh9,0,3,0,"[0-3]",1,20,1.59654,0.975,0.393365,1,0.5,1128,922
2050,208.068,ga_tcheby_proxy,mesh9,6,8,0,"[6-7-8]",2,44,3.22898,0.97,0.441048,2,0.5,1129,922
2051,208.141,ga_tcheby_proxy,mesh9,0,5,0,"[0-1-2-5]",3,64,4.88045,0.936728,0.445887,3,0.5,1130,922
2052,208.171,ga_tcheby_proxy,mesh9,8,1,1,"[]",0,0,0,0,0,0,0.5,1130,923
2053,208.19,ga_tcheby_proxy,mesh9,3,6,1,"[]",0,0,0,0,0,0,0.5,1130,924
2054,208.558,ga_tcheby_proxy,mesh9,2,8,0,"[2-5-8]",2,40,3.19307,0.975,0.433628,2,0.5,1131,924
2055,208.681,ga_tcheby_proxy,mesh9,7,5,0,"[7-8-5]",2,42,3.21103,0.97,0.443478,2,0.5,1132,924
2056,208.73,ga_tcheby_proxy,mesh9,8,0,1,"[]",0,0,0,0,0,0,0.5,1132,925
2057,208.886,ga_tcheby_proxy,mesh9,8,5,0,"[8-5]",1,20,1.59654,0.975,0.438596,1,0.5,1133,925
2058,209.098,ga_tcheby_proxy,mesh9,7,8,0,"[7-8]",1,22,1.61449,0.97,0.445887,1,0.5,1134,925
2059,209.168,ga_tcheby_proxy,mesh9,2,4,0,"[2-1-4]",2,42,3.23737,0.958587,0.431111,2,0.5,1135,925
2060,209.428,ga_tcheby_proxy,mesh9,5,7,0,"[5-4-7]",2,42,3.21103,0.97,0.433628,2,0.5,1136,925
2061,209.539,ga_tcheby_proxy,mesh9,6,2,0,"[6-7-4-1-2]",4,84,6.42205,0.97,0.448276,4,0.5,1137,925
2062,209.611,ga_tcheby_proxy,mesh9,2,7,0,"[2-5-8-7]",3,62,4.80756,0.97,0.436123,3,0.5,1138,925
2063,209.666,ga_tcheby_proxy,mesh9,0,5,1,"[]",0,0,0,0,0,0,0.5,1138,926
2064,209.732,ga_tcheby_proxy,mesh9,4,8,1,"[]",0,0,0,0,0,0,0.5,1138,927
2065,209.772,ga_tcheby_proxy,mesh9,2,5,1,"[]",0,0,0,0,0,0,0.5,1138,928
2066,209.823,ga_tcheby_proxy,mesh9,4,1,1,"[]",0,0,0,0,0,0,0.5,1138,929
2067,210.002,ga_tcheby_proxy,mesh9,0,1,0,"[0-1]",1,22,1.61449,0.97,0.433628,1,0.5,1139,929
2068,210.028,ga_tcheby_proxy,mesh9,8,1,1,"[]",0,0,0,0,0,0,0.5,1139,930
2069,210.047,ga_tcheby_proxy,mesh9,0,2,1,"[]",0,0,0,0,0,0,0.5,1139,931
2070,210.218,ga_tcheby_proxy,mesh9,1,5,0,"[1-4-5]",2,42,3.21103,0.97,0.448276,2,0.5,1140,931
2071,210.261,ga_tcheby_proxy,mesh9,8,1,1,"[]",0,0,0,0,0,0,0.5,1140,932
2072,210.331,ga_tcheby_proxy,mesh9,0,1,0,"[0-3-4-1]",3,62,4.80756,0.97,0.441048,3,0.5,1141,932
2073,210.34,ga_tcheby_proxy,mesh9,4,0,1,"[]",0,0,0,0,0,0,0.5,1141,933
2074,210.362,ga_tcheby_proxy,mesh9,3,0,1,"[]",0,0,0,0,0,0,0.5,1141,934
2075,210.367,ga_tcheby_proxy,mesh9,5,4,1,"[]",0,0,0,0,0,0,0.5,1141,935
2076,210.41,ga_tcheby_proxy,mesh9,1,3,1,"[]",0,0,0,0,0,0,0.5,1141,936
2077,210.635,ga_tcheby_proxy,mesh9,0,3,0,"[0-3]",1,20,1.59654,0.975,0.399061,1,0.5,1142,936
2078,210.68,ga_tcheby_proxy,mesh9,2,3,1,"[]",0,0,0,0,0,0,0.5,1142,937
2079,210.821,ga_tcheby_proxy,mesh9,7,2,0,"[7-8-5-2]",3,62,4.80756,0.97,0.448276,3,0.5,1143,937
2080,210.966,ga_tcheby_proxy,mesh9,0,3,0,"[0-3]",1,20,1.59654,0.975,0.401869,1,0.5,1144,937
2081,211.057,ga_tcheby_proxy,mesh9,2,6,0,"[2-1-0-3-6]",4,84,6.42205,0.97,0.433628,4,0.5,1145,937
2082,211.097,ga_tcheby_proxy,mesh9,1,0,1,"[]",0,0,0,0,0,0,0.5,1145,938
2083,211.21,ga_tcheby_proxy,mesh9,2,7,0,"[2-1-4-7]",3,62,4.80756,0.97,0.436123,3,0.5,1146,938
2084,211.254,ga_tcheby_proxy,mesh9,7,6,1,"[]",0,0,0,0,0,0,0.5,1146,939
2085,211.379,ga_tcheby_proxy,mesh9,2,8,0,"[2-5-8]",2,40,3.19307,0.975,0.438596,2,0.5,1147,939
2086,211.452,ga_tcheby_proxy,mesh9,2,5,0,"[2-5]",1,20,1.59654,0.975,0.423423,1,0.5,1148,939
2087,211.733,ga_tcheby_proxy,mesh9,5,4,0,"[5-4]",1,22,1.61449,0.97,0.431111,1,0.5,1149,939
2088,211.833,ga_tcheby_proxy,mesh9,2,0,0,"[2-1-0]",2,44,3.22898,0.97,0.438596,2,0.5,1150,939
2089,211.959,ga_tcheby_proxy,mesh9,8,6,0,"[8-7-6]",2,44,3.22898,0.97,0.426009,2,0.5,1151,939
2090,212.062,ga_tcheby_proxy,mesh9,3,6,0,"[3-6]",1,20,1.59654,0.975,0.418182,1,0.5,1152,939
2091,212.089,ga_tcheby_proxy,mesh9,7,8,1,"[]",0,0,0,0,0,0,0.5,1152,940
2092,212.31,ga_tcheby_proxy,mesh9,1,8,0,"[1-4-7-8]",3,62,4.80756,0.97,0.450644,3,0.5,1153,940
2093,212.32,ga_tcheby_proxy,mesh9,0,8,1,"[]",0,0,0,0,0,0,0.5,1153,941
2094,212.395,ga_tcheby_proxy,mesh9,4,0,0,"[4-1-0]",2,42,3.21103,0.97,0.443478,2,0.5,1154,941
2095,212.671,ga_tcheby_proxy,mesh9,6,0,0,"[6-3-0]",2,40,3.19307,0.975,0.441048,2,0.5,1155,941
2096,212.818,ga_tcheby_proxy,mesh9,7,8,0,"[7-8]",1,22,1.61449,0.97,0.452991,1,0.5,1156,941
2097,212.878,ga_tcheby_proxy,mesh9,8,1,1,"[]",0,0,0,0,0,0,0.5,1156,942
2098,213.044,ga_tcheby_proxy,mesh9,6,0,0,"[6-3-0]",2,40,3.19307,0.975,0.443478,2,0.5,1157,942
2099,213.088,ga_tcheby_proxy,mesh9,8,7,1,"[]",0,0,0,0,0,0,0.5,1157,943
2100,213.323,ga_tcheby_proxy,mesh9,3,5,0,"[3-4-5]",2,44,3.22898,0.97,0.450644,2,0.5,1158,943
2101,213.356,ga_tcheby_proxy,mesh9,8,7,1,"[]",0,0,0,0,0,0,0.5,1158,944
2102,213.363,ga_tcheby_proxy,mesh9,8,5,1,"[]",0,0,0,0,0,0,0.5,1158,945
2103,213.633,ga_tcheby_proxy,mesh9,3,4,0,"[3-4]",1,22,1.61449,0.97,0.431111,1,0.5,1159,945
2104,213.789,ga_tcheby_proxy,mesh9,1,8,0,"[1-2-5-8]",3,62,4.80756,0.97,0.450644,3,0.5,1160,945
2105,213.789,ga_tcheby_proxy,mesh9,7,2,0,"[7-4-5-2]",3,62,4.8381,0.963599,0.454936,3,0.5,1161,945
2106,213.896,ga_tcheby_proxy,mesh9,2,5,0,"[2-5]",1,20,1.59654,0.975,0.428571,1,0.5,1162,945
2107,213.926,ga_tcheby_proxy,mesh9,8,7,1,"[]",0,0,0,0,0,0,0.5,1162,946
2108,213.99,ga_tcheby_proxy,mesh9,2,4,0,"[2-5-8-7-4]",4,82,6.50349,0.911422,0.443478,4,0.5,1163,946
2109,213.995,ga_tcheby_proxy,mesh9,4,7,1,"[]",0,0,0,0,0,0,0.5,1163,947
2110,213.995,ga_tcheby_proxy,mesh9,0,6,1,"[]",0,0,0,0,0,0,0.5,1163,948
2111,214.018,ga_tcheby_proxy,mesh9,7,0,1,"[]",0,0,0,0,0,0,0.5,1163,949
2112,214.06,ga_tcheby_proxy,mesh9,6,4,1,"[]",0,0,0,0,0,0,0.5,1163,950
2113,214.123,ga_tcheby_proxy,mesh9,3,7,1,"[]",0,0,0,0,0,0,0.5,1163,951
2114,214.159,ga_tcheby_proxy,mesh9,7,2,1,"[]",0,0,0,0,0,0,0.5,1163,952
2115,214.163,ga_tcheby_proxy,mesh9,1,7,1,"[]",0,0,0,0,0,0,0.5,1163,953
2116,214.2,ga_tcheby_proxy,mesh9,2,8,1,"[]",0,0,0,0,0,0,0.5,1163,954
2117,214.253,ga_tcheby_proxy,mesh9,1,8,1,"[]",0,0,0,0,0,0,0.5,1163,955
2118,214.325,ga_tcheby_proxy,mesh9,0,6,0,"[0-1-4-3-6]",4,84,6.48931,0.946321,0.436123,4,0.5,1164,955
2119,214.34,ga_tcheby_proxy,mesh9,0,8,1,"[]",0,0,0,0,0,0,0.5,1164,956
2120,214.436,ga_tcheby_proxy,mesh9,4,2,0,"[4-1-2]",2,42,3.21103,0.97,0.452991,2,0.5,1165,956
2121,214.564,ga_tcheby_proxy,mesh9,6,4,0,"[6-3-4]",2,42,3.21103,0.97,0.433628,2,0.5,1166,956
2122,214.64,ga_tcheby_proxy,mesh9,2,4,0,"[2-5-4]",2,42,3.21103,0.97,0.433628,2,0.5,1167,956
2123,214.992,ga_tcheby_proxy,mesh9,3,0,0,"[3-0]",1,20,1.59654,0.975,0.445887,1,0.5,1168,956
2124,215.022,ga_tcheby_proxy,mesh9,2,1,1,"[]",0,0,0,0,0,0,0.5,1168,957
2125,215.092,ga_tcheby_proxy,mesh9,4,5,0,"[4-5]",1,22,1.67344,0.934381,0.455319,1,0.5,1169,957
2126,215.171,ga_tcheby_proxy,mesh9,2,4,0,"[2-5-4]",2,42,3.21103,0.97,0.436123,2,0.5,1170,957
2127,215.182,ga_tcheby_proxy,mesh9,8,1,1,"[]",0,0,0,0,0,0,0.5,1170,958
2128,215.24,ga_tcheby_proxy,mesh9,5,1,1,"[]",0,0,0,0,0,0,0.5,1170,959
2129,215.307,ga_tcheby_proxy,mesh9,1,5,1,"[]",0,0,0,0,0,0,0.5,1170,960
2130,215.408,ga_tcheby_proxy,mesh9,2,7,0,"[2-5-4-7]",3,62,4.80756,0.97,0.441048,3,0.5,1171,960
2131,215.488,ga_tcheby_proxy,mesh9,7,3,0,"[7-6-3]",2,42,3.21103,0.97,0.433628,2,0.5,1172,960
2132,215.545,ga_tcheby_proxy,mesh9,8,7,1,"[]",0,0,0,0,0,0,0.5,1172,961
2133,215.581,ga_tcheby_proxy,mesh9,7,2,1,"[]",0,0,0,0,0,0,0.5,1172,962
2134,215.707,ga_tcheby_proxy,mesh9,5,2,0,"[5-2]",1,20,1.59654,0.975,0.448276,1,0.5,1173,962
2135,215.729,ga_tcheby_proxy,mesh9,0,7,1,"[]",0,0,0,0,0,0,0.5,1173,963
2136,215.748,ga_tcheby_proxy,mesh9,0,5,1,"[]",0,0,0,0,0,0,0.5,1173,964
2137,215.802,ga_tcheby_proxy,mesh9,2,1,1,"[]",0,0,0,0,0,0,0.5,1173,965
2138,215.95,ga_tcheby_proxy,mesh9,2,8,0,"[2-5-8]",2,40,3.19307,0.975,0.445887,2,0.5,1174,965
2139,216.211,ga_tcheby_proxy,mesh9,0,6,0,"[0-3-6]",2,40,3.19307,0.975,0.423423,2,0.5,1175,965
2140,216.455,ga_tcheby_proxy,mesh9,6,3,0,"[6-3]",1,20,1.59654,0.975,0.436123,1,0.5,1176,965
2141,216.47,ga_tcheby_proxy,mesh9,7,2,1,"[]",0,0,0,0,0,0,0.5,1176,966
2142,216.63,ga_tcheby_proxy,mesh9,7,2,0,"[7-4-1-2]",3,62,4.80756,0.97,0.455319,3,0.5,1177,966
2143,216.651,ga_tcheby_proxy,mesh9,5,3,1,"[]",0,0,0,0,0,0,0.5,1177,967
2144,216.701,ga_tcheby_proxy,mesh9,3,4,1,"[]",0,0,0,0,0,0,0.5,1177,968
2145,216.745,ga_tcheby_proxy,mesh9,8,0,1,"[]",0,0,0,0,0,0,0.5,1177,969
2146,216.802,ga_tcheby_proxy,mesh9,0,2,1,"[]",0,0,0,0,0,0,0.5,1177,970
2147,216.827,ga_tcheby_proxy,mesh9,7,3,1,"[]",0,0,0,0,0,0,0.5,1177,971
2148,216.908,ga_tcheby_proxy,mesh9,8,0,0,"[8-7-4-1-0]",4,84,6.42205,0.97,0.450644,4,0.5,1178,971
2149,216.947,ga_tcheby_proxy,mesh9,4,1,1,"[]",0,0,0,0,0,0,0.5,1178,972
2150,217.053,ga_tcheby_proxy,mesh9,4,8,0,"[4-7-8]",2,42,3.21103,0.97,0.455319,2,0.5,1179,972
2151,217.123,ga_tcheby_proxy,mesh9,0,5,0,"[0-3-6-7-8-5]",5,104,8.14486,0.926366,0.457627,5,0.5,1180,972
2152,217.244,ga_tcheby_proxy,mesh9,7,4,0,"[7-4]",1,20,1.59654,0.975,0.441048,1,0.5,1181,972
2153,217.339,ga_tcheby_proxy,mesh9,0,3,0,"[0-3]",1,20,1.59654,0.975,0.412844,1,0.5,1182,972
2154,217.573,ga_tcheby_proxy,mesh9,2,0,0,"[2-1-0]",2,44,3.22898,0.97,0.441048,2,0.5,1183,972
2155,217.583,ga_tcheby_proxy,mesh9,5,7,1,"[]",0,0,0,0,0,0,0.5,1183,973
2156,217.856,ga_tcheby_proxy,mesh9,2,0,0,"[2-1-0]",2,44,3.22898,0.97,0.443478,2,0.5,1184,973
2157,217.868,ga_tcheby_proxy,mesh9,1,8,1,"[]",0,0,0,0,0,0,0.5,1184,974
2158,218.038,ga_tcheby_proxy,mesh9,1,2,0,"[1-2]",1,22,1.61449,0.97,0.457627,1,0.5,1185,974
2159,218.092,ga_tcheby_proxy,mesh9,5,7,1,"[]",0,0,0,0,0,0,0.5,1185,975
2160,218.133,ga_tcheby_proxy,mesh9,7,5,1,"[]",0,0,0,0,0,0,0.5,1185,976
2161,218.172,ga_tcheby_proxy,mesh9,8,2,1,"[]",0,0,0,0,0,0,0.5,1185,977
2162,218.179,ga_tcheby_proxy,mesh9,4,1,1,"[]",0,0,0,0,0,0,0.5,1185,978
2163,218.195,ga_tcheby_proxy,mesh9,3,1,1,"[]",0,0,0,0,0,0,0.5,1185,979
2164,218.299,ga_tcheby_proxy,mesh9,2,1,0,"[2-1]",1,22,1.61449,0.97,0.445887,1,0.5,1186,979
2165,218.299,ga_tcheby_proxy,mesh9,0,4,0,"[0-3-4]",2,42,3.24773,0.958524,0.438053,2,0.5,1187,979
2166,218.619,ga_tcheby_proxy,mesh9,6,4,0,"[6-3-4]",2,42,3.21103,0.97,0.438596,2,0.5,1188,979
2167,218.664,ga_tcheby_proxy,mesh9,3,5,1,"[]",0,0,0,0,0,0,0.5,1188,980
2168,218.786,ga_tcheby_proxy,mesh9,8,7,0,"[8-7]",1,22,1.61449,0.97,0.433628,1,0.5,1189,980
2169,218.81,ga_tcheby_proxy,mesh9,1,8,1,"[]",0,0,0,0,0,0,0.5,1189,981
2170,218.919,ga_tcheby_proxy,mesh9,6,0,0,"[6-3-0]",2,40,3.19307,0.975,0.448276,2,0.5,1190,981
2171,219.127,ga_tcheby_proxy,mesh9,2,6,0,"[2-5-4-3-6]",4,84,6.42205,0.97,0.443478,4,0.5,1191,981
2172,219.266,ga_tcheby_proxy,mesh9,8,6,0,"[8-7-6]",2,44,3.22898,0.97,0.436123,2,0.5,1192,981
2173,219.379,ga_tcheby_proxy,mesh9,0,3,0,"[0-3]",1,20,1.59654,0.975,0.418182,1,0.5,1193,981
2174,219.38,ga_tcheby_proxy,mesh9,1,4,0,"[1-4]",1,20,1.63082,0.953744,0.410138,1,0.5,1194,981
2175,219.387,ga_tcheby_proxy,mesh9,2,4,1,"[]",0,0,0,0,0,0,0.5,1194,982
2176,219.411,ga_tcheby_proxy,mesh9,3,8,1,"[]",0,0,0,0,0,0,0.5,1194,983
2177,219.698,ga_tcheby_proxy,mesh9,0,3,0,"[0-3]",1,20,1.59654,0.975,0.420814,1,0.5,1195,983
2178,219.762,ga_tcheby_proxy,mesh9,0,5,1,"[]",0,0,0,0,0,0,0.5,1195,984
2179,219.909,ga_tcheby_proxy,mesh9,1,4,0,"[1-4]",1,20,1.59654,0.975,0.412844,1,0.5,1196,984
2180,219.914,ga_tcheby_proxy,mesh9,8,1,0,"[8-5-4-1]",3,62,5.1645,0.900126,0.452991,3,0.5,1197,984
2181,220.144,ga_tcheby_proxy,mesh9,7,8,0,"[7-8]",1,22,1.61449,0.97,0.459916,1,0.5,1198,984
2182,220.17,ga_tcheby_proxy,mesh9,0,3,1,"[]",0,0,0,0,0,0,0.5,1198,985
2183,220.224,ga_tcheby_proxy,mesh9,3,7,1,"[]",0,0,0,0,0,0,0.5,1198,986
2184,220.412,ga_tcheby_proxy,mesh9,6,7,0,"[6-7]",1,22,1.61449,0.97,0.438596,1,0.5,1199,986
2185,220.426,ga_tcheby_proxy,mesh9,0,2,1,"[]",0,0,0,0,0,0,0.5,1199,987
2186,220.44,ga_tcheby_proxy,mesh9,3,6,1,"[]",0,0,0,0,0,0,0.5,1199,988
2187,220.605,ga_tcheby_proxy,mesh9,1,5,0,"[1-4-5]",2,42,3.21103,0.97,0.457627,2,0.5,1200,988
2188,220.707,ga_tcheby_proxy,mesh9,5,2,0,"[5-2]",1,20,1.59654,0.975,0.450644,1,0.5,1201,988
2189,220.813,ga_tcheby_proxy,mesh9,4,2,0,"[4-5-2]",2,42,3.21103,0.97,0.459916,2,0.5,1202,988
2190,220.851,ga_tcheby_proxy,mesh9,3,1,1,"[]",0,0,0,0,0,0,0.5,1202,989
2191,221.059,ga_tcheby_proxy,mesh9,7,6,0,"[7-6]",1,22,1.61449,0.97,0.369458,1,0.5,1203,989
2192,221.166,ga_tcheby_proxy,mesh9,6,7,0,"[6-7]",1,22,1.61449,0.97,0.441048,1,0.5,1204,989
2193,221.26,ga_tcheby_proxy,mesh9,1,2,0,"[1-2]",1,22,1.61449,0.97,0.459916,1,0.5,1205,989
2194,221.403,ga_tcheby_proxy,mesh9,6,8,0,"[6-7-8]",2,44,3.22898,0.97,0.462185,2,0.5,1206,989
2195,221.405,ga_tcheby_proxy,mesh9,5,2,0,"[5-2]",1,20,1.65279,0.940715,0.461207,1,0.5,1207,989
2196,221.479,ga_tcheby_proxy,mesh9,3,7,0,"[3-4-7]",2,42,3.21103,0.97,0.445887,2,0.5,1208,989
2197,221.494,ga_tcheby_proxy,mesh9,3,6,1,"[]",0,0,0,0,0,0,0.5,1208,990
2198,221.571,ga_tcheby_proxy,mesh9,8,5,0,"[8-5]",1,20,1.59654,0.975,0.448276,1,0.5,1209,990
2199,221.59,ga_tcheby_proxy,mesh9,5,6,1,"[]",0,0,0,0,0,0,0.5,1209,991
2200,221.613,ga_tcheby_proxy,mesh9,0,3,1,"[]",0,0,0,0,0,0,0.5,1209,992
2201,221.649,ga_tcheby_proxy,mesh9,2,3,1,"[]",0,0,0,0,0,0,0.5,1209,993
2202,221.741,ga_tcheby_proxy,mesh9,0,7,0,"[0-3-6-7]",3,62,4.80756,0.97,0.445887,3,0.5,1210,993
2203,221.832,ga_tcheby_proxy,mesh9,0,8,0,"[0-1-4-5-8]",4,84,6.42205,0.97,0.462185,4,0.5,1211,993
2204,222.073,ga_tcheby_proxy,mesh9,2,0,0,"[2-1-0]",2,44,3.22898,0.97,0.448276,2,0.5,1212,993
2205,222.093,ga_tcheby_proxy,mesh9,7,3,1,"[]",0,0,0,0,0,0,0.5,1212,994
2206,222.416,ga_tcheby_proxy,mesh9,2,0,0,"[2-1-0]",2,44,3.22898,0.97,0.450644,2,0.5,1213,994
2207,222.421,ga_tcheby_proxy,mesh9,7,0,1,"[]",0,0,0,0,0,0,0.5,1213,995
2208,222.439,ga_tcheby_proxy,mesh9,0,6,1,"[]",0,0,0,0,0,0,0.5,1213,996
2209,222.57,ga_tcheby_proxy,mesh9,3,1,0,"[3-0-1]",2,42,3.21103,0.97,0.450644,2,0.5,1214,996
2210,222.606,ga_tcheby_proxy,mesh9,3,8,1,"[]",0,0,0,0,0,0,0.5,1214,997
2211,222.681,ga_tcheby_proxy,mesh9,4,6,0,"[4-3-6]",2,42,3.22066,0.963995,0.438596,2,0.5,1215,997
2212,222.684,ga_tcheby_proxy,mesh9,8,4,0,"[8-5-4]",2,42,3.35374,0.926993,0.452586,2,0.5,1216,997
2213,222.703,ga_tcheby_proxy,mesh9,5,1,1,"[]",0,0,0,0,0,0,0.5,1216,998
2214,222.723,ga_tcheby_proxy,mesh9,5,2,1,"[]",0,0,0,0,0,0,0.5,1216,999
2215,222.797,ga_tcheby_proxy,mesh9,5,6,0,"[5-4-7-6]",3,64,4.82552,0.97,0.448276,3,0.5,1217,999
2216,222.97,ga_tcheby_proxy,mesh9,4,1,0,"[4-1]",1,20,1.59654,0.975,0.455319,1,0.5,1218,999
2217,223.13,ga_tcheby_proxy,mesh9,2,3,0,"[2-5-4-3]",3,64,4.82552,0.97,0.450644,3,0.5,1219,999
2218,223.291,ga_tcheby_proxy,mesh9,0,4,0,"[0-1-4]",2,42,3.21103,0.97,0.443478,2,0.5,1220,999
2219,223.319,ga_tcheby_proxy,mesh9,8,1,1,"[]",0,0,0,0,0,0,0.5,1220,1000
2220,223.546,ga_tcheby_proxy,mesh9,4,6,0,"[4-3-6]",2,42,3.21103,0.97,0.443478,2,0.5,1221,1000
2221,223.595,ga_tcheby_proxy,mesh9,3,5,1,"[]",0,0,0,0,0,0,0.5,1221,1001
2222,223.681,ga_tcheby_proxy,mesh9,4,7,0,"[4-7]",1,20,1.59654,0.975,0.450644,1,0.5,1222,1001
2223,223.773,ga_tcheby_proxy,mesh9,0,7,0,"[0-3-6-7]",3,62,4.80756,0.97,0.448276,3,0.5,1223,1001
2224,223.833,ga_tcheby_proxy,mesh9,4,1,0,"[4-1]",1,20,1.70747,0.909426,0.457627,1,0.5,1224,1001
2225,223.835,ga_tcheby_proxy,mesh9,4,6,1,"[]",0,0,0,0,0,0,0.5,1224,1002
2226,223.879,ga_tcheby_proxy,mesh9,4,5,1,"[]",0,0,0,0,0,0,0.5,1224,1003
2227,223.926,ga_tcheby_proxy,mesh9,2,3,1,"[]",0,0,0,0,0,0,0.5,1224,1004
2228,223.942,ga_tcheby_proxy,mesh9,3,0,1,"[]",0,0,0,0,0,0,0.5,1224,1005
2229,223.95,ga_tcheby_proxy,mesh9,1,0,1,"[]",0,0,0,0,0,0,0.5,1224,1006
2230,224.082,ga_tcheby_proxy,mesh9,7,6,0,"[7-6]",1,22,1.61449,0.97,0.37561,1,0.5,1225,1006
2231,224.14,ga_tcheby_proxy,mesh9,3,1,1,"[]",0,0,0,0,0,0,0.5,1225,1007
2232,224.16,ga_tcheby_proxy,mesh9,8,0,1,"[]",0,0,0,0,0,0,0.5,1225,1008
2233,224.174,ga_tcheby_proxy,mesh9,7,1,1,"[]",0,0,0,0,0,0,0.5,1225,1009
2234,224.182,ga_tcheby_proxy,mesh9,7,8,1,"[]",0,0,0,0,0,0,0.5,1225,1010
2235,224.239,ga_tcheby_proxy,mesh9,3,0,1,"[]",0,0,0,0,0,0,0.5,1225,1011
2236,224.37,ga_tcheby_proxy,mesh9,6,4,0,"[6-3-4]",2,42,3.21103,0.97,0.443478,2,0.5,1226,1011
2237,224.38,ga_tcheby_proxy,mesh9,1,6,1,"[]",0,0,0,0,0,0,0.5,1226,1012
2238,224.432,ga_tcheby_proxy,mesh9,7,1,1,"[]",0,0,0,0,0,0,0.5,1226,1013
2239,224.683,ga_tcheby_proxy,mesh9,1,6,0,"[1-0-3-6]",3,62,4.80756,0.97,0.441048,3,0.5,1227,1013
2240,224.717,ga_tcheby_proxy,mesh9,6,4,1,"[]",0,0,0,0,0,0,0.5,1227,1014
2241,224.816,ga_tcheby_proxy,mesh9,7,1,0,"[7-4-1]",2,40,3.19307,0.975,0.459916,2,0.5,1228,1014
2242,224.869,ga_tcheby_proxy,mesh9,0,2,1,"[]",0,0,0,0,0,0,0.5,1228,1015
2243,225.207,ga_tcheby_proxy,mesh9,3,0,0,"[3-0]",1,20,1.59654,0.975,0.452991,1,0.5,1229,1015
2244,225.305,ga_tcheby_proxy,mesh9,4,1,0,"[4-1]",1,20,1.59654,0.975,0.462185,1,0.5,1230,1015
2245,225.484,ga_tcheby_proxy,mesh9,0,7,0,"[0-3-6-7]",3,62,4.80756,0.97,0.450644,3,0.5,1231,1015
2246,225.492,ga_tcheby_proxy,mesh9,7,0,1,"[]",0,0,0,0,0,0,0.5,1231,1016
2247,225.579,ga_tcheby_proxy,mesh9,7,2,0,"[7-8-5-2]",3,62,4.80756,0.97,0.464435,3,0.5,1232,1016
2248,225.605,ga_tcheby_proxy,mesh9,8,7,1,"[]",0,0,0,0,0,0,0.5,1232,1017
2249,225.781,ga_tcheby_proxy,mesh9,8,4,0,"[8-7-4]",2,42,3.21103,0.97,0.445887,2,0.5,1233,1017
2250,226.026,ga_tcheby_proxy,mesh9,3,0,0,"[3-0]",1,20,1.59654,0.975,0.455319,1,0.5,1234,1017
2251,226.143,ga_tcheby_proxy,mesh9,7,8,0,"[7-8]",1,22,1.61449,0.97,0.466667,1,0.5,1235,1017
2252,226.321,ga_tcheby_proxy,mesh9,1,5,0,"[1-2-5]",2,42,3.21103,0.97,0.462185,2,0.5,1236,1017
2253,226.353,ga_tcheby_proxy,mesh9,6,8,1,"[]",0,0,0,0,0,0,0.5,1236,1018
2254,226.466,ga_tcheby_proxy,mesh9,4,1,0,"[4-1]",1,20,1.59654,0.975,0.464435,1,0.5,1237,1018
2255,226.505,ga_tcheby_proxy,mesh9,3,2,1,"[]",0,0,0,0,0,0,0.5,1237,1019
2256,226.575,ga_tcheby_proxy,mesh9,1,7,0,"[1-4-7]",2,40,3.2415,0.945245,0.452991,2,0.5,1238,1019
2257,226.602,ga_tcheby_proxy,mesh9,6,4,1,"[]",0,0,0,0,0,0,0.5,1238,1020
2258,226.609,ga_tcheby_proxy,mesh9,2,8,1,"[]",0,0,0,0,0,0,0.5,1238,1021
2259,226.67,ga_tcheby_proxy,mesh9,3,5,1,"[]",0,0,0,0,0,0,0.5,1238,1022
2260,226.727,ga_tcheby_proxy,mesh9,2,0,1,"[]",0,0,0,0,0,0,0.5,1238,1023
2261,226.822,ga_tcheby_proxy,mesh9,6,5,0,"[6-3-4-5]",3,64,4.82552,0.97,0.464435,3,0.5,1239,1023
2262,227.067,ga_tcheby_proxy,mesh9,6,3,0,"[6-3]",1,20,1.59654,0.975,0.448276,1,0.5,1240,1023
2263,227.267,ga_tcheby_proxy,mesh9,3,7,0,"[3-6-7]",2,42,3.21103,0.97,0.452991,2,0.5,1241,1023
2264,227.294,ga_tcheby_proxy,mesh9,0,3,1,"[]",0,0,0,0,0,0,0.5,1241,1024
2265,227.319,ga_tcheby_proxy,mesh9,4,3,1,"[]",0,0,0,0,0,0,0.5,1241,1025
2266,227.322,ga_tcheby_proxy,mesh9,8,1,1,"[]",0,0,0,0,0,0,0.5,1241,1026
2267,227.539,ga_tcheby_proxy,mesh9,0,2,0,"[0-1-2]",2,44,3.22898,0.97,0.464435,2,0.5,1242,1026
2268,227.572,ga_tcheby_proxy,mesh9,6,2,1,"[]",0,0,0,0,0,0,0.5,1242,1027
2269,227.769,ga_tcheby_proxy,mesh9,4,8,0,"[4-5-8]",2,42,3.21103,0.97,0.466667,2,0.5,1243,1027
2270,227.803,ga_tcheby_proxy,mesh9,5,6,1,"[]",0,0,0,0,0,0,0.5,1243,1028
2271,227.844,ga_tcheby_proxy,mesh9,6,1,1,"[]",0,0,0,0,0,0,0.5,1243,1029
2272,227.91,ga_tcheby_proxy,mesh9,8,7,0,"[8-7]",1,22,1.61449,0.97,0.441048,1,0.5,1244,1029
2273,227.961,ga_tcheby_proxy,mesh9,6,7,1,"[]",0,0,0,0,0,0,0.5,1244,1030
2274,228.021,ga_tcheby_proxy,mesh9,6,4,0,"[6-3-4]",2,42,3.33031,0.924968,0.450644,2,0.5,1245,1030
2275,228.141,ga_tcheby_proxy,mesh9,8,4,0,"[8-7-4]",2,42,3.21103,0.97,0.448276,2,0.5,1246,1030
2276,228.151,ga_tcheby_proxy,mesh9,7,1,1,"[]",0,0,0,0,0,0,0.5,1246,1031
2277,228.172,ga_tcheby_proxy,mesh9,3,8,1,"[]",0,0,0,0,0,0,0.5,1246,1032
2278,228.296,ga_tcheby_proxy,mesh9,4,8,0,"[4-5-8]",2,42,3.21103,0.97,0.46888,2,0.5,1247,1032
2279,228.392,ga_tcheby_proxy,mesh9,2,7,0,"[2-1-4-7]",3,62,4.80756,0.97,0.455319,3,0.5,1248,1032
2280,228.423,ga_tcheby_proxy,mesh9,2,3,1,"[]",0,0,0,0,0,0,0.5,1248,1033
2281,228.494,ga_tcheby_proxy,mesh9,4,3,0,"[4-1-0-3]",3,62,4.80756,0.97,0.466667,3,0.5,1249,1033
2282,228.69,ga_tcheby_proxy,mesh9,8,7,0,"[8-7]",1,22,1.61449,0.97,0.445887,1,0.5,1250,1033
2283,228.868,ga_tcheby_proxy,mesh9,2,8,0,"[2-5-8]",2,40,3.19307,0.975,0.455319,2,0.5,1251,1033
2284,228.91,ga_tcheby_proxy,mesh9,6,5,1,"[]",0,0,0,0,0,0,0.5,1251,1034
2285,228.929,ga_tcheby_proxy,mesh9,0,3,1,"[]",0,0,0,0,0,0,0.5,1251,1035
2286,229.116,ga_tcheby_proxy,mesh9,6,5,0,"[6-7-8-5]",3,64,4.82552,0.97,0.46888,3,0.5,1252,1035
2287,229.328,ga_tcheby_proxy,mesh9,6,2,0,"[6-3-0-1-2]",4,84,6.42205,0.97,0.466667,4,0.5,1253,1035
2288,229.363,ga_tcheby_proxy,mesh9,1,2,1,"[]",0,0,0,0,0,0,0.5,1253,1036
2289,229.407,ga_tcheby_proxy,mesh9,6,0,1,"[]",0,0,0,0,0,0,0.5,1253,1037
2290,229.454,ga_tcheby_proxy,mesh9,5,7,1,"[]",0,0,0,0,0,0,0.5,1253,1038
2291,229.513,ga_tcheby_proxy,mesh9,7,1,0,"[7-4-1]",2,40,3.2752,0.925587,0.46888,2,0.5,1254,1038
2292,229.734,ga_tcheby_proxy,mesh9,6,2,0,"[6-3-0-1-2]",4,84,6.42205,0.97,0.46888,4,0.5,1255,1038
2293,229.885,ga_tcheby_proxy,mesh9,7,8,0,"[7-8]",1,22,1.61449,0.97,0.471074,1,0.5,1256,1038
2294,229.929,ga_tcheby_proxy,mesh9,7,4,1,"[]",0,0,0,0,0,0,0.5,1256,1039
2295,230.129,ga_tcheby_proxy,mesh9,3,6,0,"[3-6]",1,20,1.59654,0.975,0.448276,1,0.5,1257,1039
2296,230.212,ga_tcheby_proxy,mesh9,1,3,0,"[1-0-3]",2,42,3.21103,0.97,0.443478,2,0.5,1258,1039
2297,230.236,ga_tcheby_proxy,mesh9,8,4,1,"[]",0,0,0,0,0,0,0.5,1258,1040
2298,230.542,ga_tcheby_proxy,mesh9,6,1,0,"[6-3-0-1]",3,62,4.80756,0.97,0.462185,3,0.5,1259,1040
2299,230.608,ga_tcheby_proxy,mesh9,5,3,0,"[5-2-1-4-3]",4,84,6.55245,0.938184,0.459916,4,0.5,1260,1040
2300,230.614,ga_tcheby_proxy,mesh9,4,1,1,"[]",0,0,0,0,0,0,0.5,1260,1041
2301,230.787,ga_tcheby_proxy,mesh9,4,8,0,"[4-5-8]",2,42,3.21103,0.97,0.471074,2,0.5,1261,1041
2302,230.883,ga_tcheby_proxy,mesh9,6,2,0,"[6-3-0-1-2]",4,84,6.42205,0.97,0.471074,4,0.5,1262,1041
2303,231.011,ga_tcheby_proxy,mesh9,1,4,0,"[1-4]",1,20,1.59654,0.975,0.431111,1,0.5,1263,1041
2304,231.073,ga_tcheby_proxy,mesh9,1,3,1,"[]",0,0,0,0,0,0,0.5,1263,1042
2305,231.15,ga_tcheby_proxy,mesh9,8,2,0,"[8-5-2]",2,40,3.19307,0.975,0.462185,2,0.5,1264,1042
2306,231.155,ga_tcheby_proxy,mesh9,5,8,0,"[5-8]",1,20,1.7223,0.901457,0.467811,1,0.5,1265,1042
2307,231.208,ga_tcheby_proxy,mesh9,3,1,1,"[]",0,0,0,0,0,0,0.5,1265,1043
2308,231.251,ga_tcheby_proxy,mesh9,6,3,1,"[]",0,0,0,0,0,0,0.5,1265,1044
2309,231.463,ga_tcheby_proxy,mesh9,2,1,0,"[2-1]",1,22,1.61449,0.97,0.457627,1,0.5,1266,1044
2310,231.754,ga_tcheby_proxy,mesh9,6,2,0,"[6-3-0-1-2]",4,84,6.42205,0.97,0.473251,4,0.5,1267,1044
2311,231.904,ga_tcheby_proxy,mesh9,4,6,0,"[4-3-6]",2,42,3.21103,0.97,0.450644,2,0.5,1268,1044
2312,231.932,ga_tcheby_proxy,mesh9,6,8,1,"[]",0,0,0,0,0,0,0.5,1268,1045
2313,231.953,ga_tcheby_proxy,mesh9,4,6,1,"[]",0,0,0,0,0,0,0.5,1268,1046
2314,232.002,ga_tcheby_proxy,mesh9,3,7,1,"[]",0,0,0,0,0,0,0.5,1268,1047
2315,232.004,ga_tcheby_proxy,mesh9,6,4,1,"[]",0,0,0,0,0,0,0.5,1268,1048
2316,232.014,ga_tcheby_proxy,mesh9,3,7,1,"[]",0,0,0,0,0,0,0.5,1268,1049
2317,232.099,ga_tcheby_proxy,mesh9,6,7,0,"[6-7]",1,22,1.63496,0.957326,0.457627,1,0.5,1269,1049
2318,232.177,ga_tcheby_proxy,mesh9,3,4,0,"[3-4]",1,22,1.61449,0.97,0.450644,1,0.5,1270,1049
2319,232.268,ga_tcheby_proxy,mesh9,1,7,0,"[1-4-7]",2,40,3.19307,0.975,0.457627,2,0.5,1271,1049
2320,232.488,ga_tcheby_proxy,mesh9,7,6,0,"[7-6]",1,22,1.61449,0.97,0.378641,1,0.5,1272,1049
2321,232.683,ga_tcheby_proxy,mesh9,3,1,0,"[3-0-1]",2,42,3.21103,0.97,0.46888,2,0.5,1273,1049
2322,232.766,ga_tcheby_proxy,mesh9,7,4,0,"[7-4]",1,20,1.59654,0.975,0.452991,1,0.5,1274,1049
2323,233.057,ga_tcheby_proxy,mesh9,4,8,0,"[4-7-8]",2,42,3.21103,0.97,0.473251,2,0.5,1275,1049
2324,233.064,ga_tcheby_proxy,mesh9,1,8,1,"[]",0,0,0,0,0,0,0.5,1275,1050
2325,233.167,ga_tcheby_proxy,mesh9,5,1,0,"[5-2-1]",2,42,3.21103,0.97,0.464435,2,0.5,1276,1050
2326,233.202,ga_tcheby_proxy,mesh9,1,3,1,"[]",0,0,0,0,0,0,0.5,1276,1051
2327,233.326,ga_tcheby_proxy,mesh9,2,1,0,"[2-1]",1,22,1.61449,0.97,0.462185,1,0.5,1277,1051
2328,233.396,ga_tcheby_proxy,mesh9,1,8,0,"[1-4-7-8]",3,62,4.81628,0.969505,0.47541,3,0.5,1278,1051
2329,233.408,ga_tcheby_proxy,mesh9,0,6,1,"[]",0,0,0,0,0,0,0.5,1278,1052
2330,233.582,ga_tcheby_proxy,mesh9,2,1,0,"[2-1]",1,22,1.61449,0.97,0.464435,1,0.5,1279,1052
2331,233.629,ga_tcheby_proxy,mesh9,7,1,1,"[]",0,0,0,0,0,0,0.5,1279,1053
2332,233.878,ga_tcheby_proxy,mesh9,8,7,0,"[8-7]",1,22,1.61449,0.97,0.448276,1,0.5,1280,1053
2333,233.925,ga_tcheby_proxy,mesh9,4,6,1,"[]",0,0,0,0,0,0,0.5,1280,1054
2334,233.967,ga_tcheby_proxy,mesh9,4,5,1,"[]",0,0,0,0,0,0,0.5,1280,1055
2335,234.026,ga_tcheby_proxy,mesh9,5,0,1,"[]",0,0,0,0,0,0,0.5,1280,1056
2336,234.032,ga_tcheby_proxy,mesh9,1,2,1,"[]",0,0,0,0,0,0,0.5,1280,1057
2337,234.07,ga_tcheby_proxy,mesh9,7,6,1,"[]",0,0,0,0,0,0,0.5,1280,1058
2338,234.158,ga_tcheby_proxy,mesh9,2,0,0,"[2-1-0]",2,44,3.22898,0.97,0.466667,2,0.5,1281,1058
2339,234.176,ga_tcheby_proxy,mesh9,6,4,1,"[]",0,0,0,0,0,0,0.5,1281,1059
2340,234.202,ga_tcheby_proxy,mesh9,7,2,1,"[]",0,0,0,0,0,0,0.5,1281,1060
2341,234.214,ga_tcheby_proxy,mesh9,3,2,1,"[]",0,0,0,0,0,0,0.5,1281,1061
2342,234.293,ga_tcheby_proxy,mesh9,5,6,0,"[5-8-7-6]",3,64,4.82552,0.97,0.462185,3,0.5,1282,1061
2343,234.507,ga_tcheby_proxy,mesh9,3,8,0,"[3-4-5-8]",3,64,4.82552,0.97,0.473251,3,0.5,1283,1061
2344,234.682,ga_tcheby_proxy,mesh9,1,0,0,"[1-0]",1,22,1.61449,0.97,0.448276,1,0.5,1284,1061
2345,234.748,ga_tcheby_proxy,mesh9,6,5,0,"[6-3-0-1-4-5]",5,104,8.41297,0.906452,0.47541,5,0.5,1285,1061
2346,234.752,ga_tcheby_proxy,mesh9,3,5,1,"[]",0,0,0,0,0,0,0.5,1285,1062
2347,234.756,ga_tcheby_proxy,mesh9,4,5,1,"[]",0,0,0,0,0,0,0.5,1285,1063
2348,234.787,ga_tcheby_proxy,mesh9,2,0,1,"[]",0,0,0,0,0,0,0.5,1285,1064
2349,235.001,ga_tcheby_proxy,mesh9,7,0,0,"[7-4-1-0]",3,62,4.80756,0.97,0.471074,3,0.5,1286,1064
2350,235.003,ga_tcheby_proxy,mesh9,1,4,0,"[1-4]",1,20,1.63604,0.950593,0.441048,1,0.5,1287,1064
2351,235.115,ga_tcheby_proxy,mesh9,2,8,0,"[2-5-8]",2,40,3.19307,0.975,0.466667,2,0.5,1288,1064
2352,235.364,ga_tcheby_proxy,mesh9,8,7,0,"[8-7]",1,22,1.61449,0.97,0.452991,1,0.5,1289,1064
2353,235.426,ga_tcheby_proxy,mesh9,0,5,1,"[]",0,0,0,0,0,0,0.5,1289,1065
2354,235.634,ga_tcheby_proxy,mesh9,1,4,0,"[1-4]",1,20,1.59654,0.975,0.443478,1,0.5,1290,1065
2355,235.66,ga_tcheby_proxy,mesh9,8,1,1,"[]",0,0,0,0,0,0,0.5,1290,1066
2356,235.732,ga_tcheby_proxy,mesh9,0,6,0,"[0-3-6]",2,40,3.22211,0.956938,0.452991,2,0.5,1291,1066
2357,235.873,ga_tcheby_proxy,mesh9,5,3,0,"[5-4-3]",2,44,3.22898,0.97,0.452991,2,0.5,1292,1066
2358,235.95,ga_tcheby_proxy,mesh9,8,4,0,"[8-7-4]",2,42,3.21103,0.97,0.457627,2,0.5,1293,1066
2359,236.146,ga_tcheby_proxy,mesh9,7,4,0,"[7-4]",1,20,1.59654,0.975,0.459916,1,0.5,1294,1066
2360,236.621,ga_tcheby_proxy,mesh9,2,6,0,"[2-5-4-3-6]",4,84,6.42205,0.97,0.455319,4,0.5,1295,1066
2361,236.624,ga_tcheby_proxy,mesh9,2,7,0,"[2-5-8-7]",3,62,5.05024,0.921286,0.472803,3,0.5,1296,1066
2362,236.697,ga_tcheby_proxy,mesh9,4,0,0,"[4-3-0]",2,42,3.22009,0.964347,0.473251,2,0.5,1297,1066
2363,236.725,ga_tcheby_proxy,mesh9,6,7,1,"[]",0,0,0,0,0,0,0.5,1297,1067
2364,236.777,ga_tcheby_proxy,mesh9,5,1,1,"[]",0,0,0,0,0,0,0.5,1297,1068
2365,236.78,ga_tcheby_proxy,mesh9,4,5,1,"[]",0,0,0,0,0,0,0.5,1297,1069
2366,236.817,ga_tcheby_proxy,mesh9,6,4,1,"[]",0,0,0,0,0,0,0.5,1297,1070
2367,236.924,ga_tcheby_proxy,mesh9,8,2,0,"[8-5-2]",2,40,3.19307,0.975,0.466667,2,0.5,1298,1070
2368,237.025,ga_tcheby_proxy,mesh9,5,3,0,"[5-4-3]",2,44,3.22898,0.97,0.457627,2,0.5,1299,1070
2369,237.033,ga_tcheby_proxy,mesh9,8,4,1,"[]",0,0,0,0,0,0,0.5,1299,1071
2370,237.107,ga_tcheby_proxy,mesh9,2,8,0,"[2-5-8]",2,40,3.19307,0.975,0.471074,2,0.5,1300,1071
2371,237.197,ga_tcheby_proxy,mesh9,5,3,0,"[5-4-3]",2,44,3.22898,0.97,0.459916,2,0.5,1301,1071
2372,237.326,ga_tcheby_proxy,mesh9,3,5,0,"[3-4-5]",2,44,3.22898,0.97,0.477551,2,0.5,1302,1071
2373,237.337,ga_tcheby_proxy,mesh9,7,5,1,"[]",0,0,0,0,0,0,0.5,1302,1072
2374,237.379,ga_tcheby_proxy,mesh9,0,3,1,"[]",0,0,0,0,0,0,0.5,1302,1073
2375,237.422,ga_tcheby_proxy,mesh9,2,8,1,"[]",0,0,0,0,0,0,0.5,1302,1074
2376,237.422,ga_tcheby_proxy,mesh9,7,5,1,"[]",0,0,0,0,0,0,0.5,1302,1075
2377,237.441,ga_tcheby_proxy,mesh9,8,6,1,"[]",0,0,0,0,0,0,0.5,1302,1076
2378,237.76,ga_tcheby_proxy,mesh9,2,5,0,"[2-5]",1,20,1.59654,0.975,0.462185,1,0.5,1303,1076
2379,237.765,ga_tcheby_proxy,mesh9,0,3,1,"[]",0,0,0,0,0,0,0.5,1303,1077
2380,237.941,ga_tcheby_proxy,mesh9,5,8,0,"[5-8]",1,20,1.59654,0.975,0.473251,1,0.5,1304,1077
2381,238.07,ga_tcheby_proxy,mesh9,0,5,0,"[0-1-2-5]",3,64,4.82552,0.97,0.47541,3,0.5,1305,1077
2382,238.417,ga_tcheby_proxy,mesh9,0,4,0,"[0-3-4]",2,42,3.21103,0.97,0.457627,2,0.5,1306,1077
2383,238.443,ga_tcheby_proxy,mesh9,4,2,1,"[]",0,0,0,0,0,0,0.5,1306,1078
2384,238.666,ga_tcheby_proxy,mesh9,8,5,0,"[8-5]",1,20,1.59654,0.975,0.462185,1,0.5,1307,1078
2385,238.72,ga_tcheby_proxy,mesh9,0,3,1,"[]",0,0,0,0,0,0,0.5,1307,1079
2386,238.798,ga_tcheby_proxy,mesh9,4,7,0,"[4-7]",1,20,1.59654,0.975,0.464435,1,0.5,1308,1079
2387,238.958,ga_tcheby_proxy,mesh9,2,8,0,"[2-5-8]",2,40,3.19307,0.975,0.47541,2,0.5,1309,1079
2388,238.979,ga_tcheby_proxy,mesh9,6,7,1,"[]",0,0,0,0,0,0,0.5,1309,1080
2389,238.994,ga_tcheby_proxy,mesh9,5,8,1,"[]",0,0,0,0,0,0,0.5,1309,1081
2390,239.06,ga_tcheby_proxy,mesh9,7,0,0,"[7-4-1-0]",3,62,4.91693,0.933754,0.473251,3,0.5,1310,1081
2391,239.318,ga_tcheby_proxy,mesh9,6,4,0,"[6-7-4]",2,42,3.21103,0.97,0.464435,2,0.5,1311,1081
2392,239.419,ga_tcheby_proxy,mesh9,7,6,0,"[7-6]",1,22,1.61449,0.97,0.384615,1,0.5,1312,1081
2393,239.454,ga_tcheby_proxy,mesh9,5,3,1,"[]",0,0,0,0,0,0,0.5,1312,1082
2394,239.513,ga_tcheby_proxy,mesh9,4,5,1,"[]",0,0,0,0,0,0,0.5,1312,1083
2395,239.523,ga_tcheby_proxy,mesh9,6,1,1,"[]",0,0,0,0,0,0,0.5,1312,1084
2396,239.614,ga_tcheby_proxy,mesh9,1,4,0,"[1-4]",1,20,1.59654,0.975,0.445887,1,0.5,1313,1084
2397,239.625,ga_tcheby_proxy,mesh9,4,5,1,"[]",0,0,0,0,0,0,0.5,1313,1085
2398,239.684,ga_tcheby_proxy,mesh9,1,7,1,"[]",0,0,0,0,0,0,0.5,1313,1086
2399,239.689,ga_tcheby_proxy,mesh9,1,6,1,"[]",0,0,0,0,0,0,0.5,1313,1087
2400,239.691,ga_tcheby_proxy,mesh9,6,2,1,"[]",0,0,0,0,0,0,0.5,1313,1088
2401,239.693,ga_tcheby_proxy,mesh9,3,6,1,"[]",0,0,0,0,0,0,0.5,1313,1089
2402,239.697,ga_tcheby_proxy,mesh9,5,0,1,"[]",0,0,0,0,0,0,0.5,1313,1090
2403,239.733,ga_tcheby_proxy,mesh9,6,8,1,"[]",0,0,0,0,0,0,0.5,1313,1091
2404,239.848,ga_tcheby_proxy,mesh9,1,3,0,"[1-0-3]",2,42,3.21103,0.97,0.455319,2,0.5,1314,1091
2405,240.068,ga_tcheby_proxy,mesh9,8,1,0,"[8-5-2-1]",3,62,4.80756,0.97,0.46888,3,0.5,1315,1091
2406,240.161,ga_tcheby_proxy,mesh9,4,5,0,"[4-5]",1,22,1.61449,0.97,0.479675,1,0.5,1316,1091
2407,240.299,ga_tcheby_proxy,mesh9,0,7,0,"[0-3-6-7]",3,62,4.80756,0.97,0.462185,3,0.5,1317,1091
2408,240.337,ga_tcheby_proxy,mesh9,2,1,1,"[]",0,0,0,0,0,0,0.5,1317,1092
2409,240.352,ga_tcheby_proxy,mesh9,8,3,1,"[]",0,0,0,0,0,0,0.5,1317,1093
2410,240.37,ga_tcheby_proxy,mesh9,8,1,1,"[]",0,0,0,0,0,0,0.5,1317,1094
2411,240.37,ga_tcheby_proxy,mesh9,5,8,1,"[]",0,0,0,0,0,0,0.5,1317,1095
2412,240.393,ga_tcheby_proxy,mesh9,7,6,1,"[]",0,0,0,0,0,0,0.5,1317,1096
2413,240.426,ga_tcheby_proxy,mesh9,7,0,1,"[]",0,0,0,0,0,0,0.5,1317,1097
2414,240.464,ga_tcheby_proxy,mesh9,6,2,1,"[]",0,0,0,0,0,0,0.5,1317,1098
2415,240.718,ga_tcheby_proxy,mesh9,2,1,0,"[2-1]",1,22,1.61449,0.97,0.471074,1,0.5,1318,1098
2416,240.813,ga_tcheby_proxy,mesh9,6,1,0,"[6-7-4-1]",3,62,4.80756,0.97,0.47541,3,0.5,1319,1098
2417,241.09,ga_tcheby_proxy,mesh9,1,7,0,"[1-4-7]",2,40,3.19307,0.975,0.466667,2,0.5,1320,1098
2418,241.162,ga_tcheby_proxy,mesh9,2,6,0,"[2-5-8-7-6]",4,84,6.60918,0.914659,0.477551,4,0.5,1321,1098
2419,241.223,ga_tcheby_proxy,mesh9,5,6,1,"[]",0,0,0,0,0,0,0.5,1321,1099
2420,241.246,ga_tcheby_proxy,mesh9,1,7,1,"[]",0,0,0,0,0,0,0.5,1321,1100
2421,241.292,ga_tcheby_proxy,mesh9,7,6,1,"[]",0,0,0,0,0,0,0.5,1321,1101
2422,241.512,ga_tcheby_proxy,mesh9,5,4,0,"[5-4]",1,22,1.61449,0.97,0.462185,1,0.5,1322,1101
2423,241.617,ga_tcheby_proxy,mesh9,6,3,0,"[6-3]",1,20,1.59654,0.975,0.466667,1,0.5,1323,1101
2424,241.669,ga_tcheby_proxy,mesh9,2,5,1,"[]",0,0,0,0,0,0,0.5,1323,1102
2425,241.671,ga_tcheby_proxy,mesh9,6,7,1,"[]",0,0,0,0,0,0,0.5,1323,1103
2426,242.089,ga_tcheby_proxy,mesh9,6,7,0,"[6-7]",1,22,1.61449,0.97,0.466667,1,0.5,1324,1103
2427,242.341,ga_tcheby_proxy,mesh9,5,8,0,"[5-8]",1,20,1.59654,0.975,0.479675,1,0.5,1325,1103
2428,242.448,ga_tcheby_proxy,mesh9,3,7,0,"[3-6-7]",2,42,3.21103,0.97,0.46888,2,0.5,1326,1103
2429,242.479,ga_tcheby_proxy,mesh9,3,0,1,"[]",0,0,0,0,0,0,0.5,1326,1104
2430,242.982,ga_tcheby_proxy,mesh9,8,1,0,"[8-5-2-1]",3,62,4.80756,0.97,0.473251,3,0.5,1327,1104
2431,243.035,ga_tcheby_proxy,mesh9,8,4,1,"[]",0,0,0,0,0,0,0.5,1327,1105
2432,243.035,ga_tcheby_proxy,mesh9,8,0,1,"[]",0,0,0,0,0,0,0.5,1327,1106
2433,243.097,ga_tcheby_proxy,mesh9,4,1,0,"[4-1]",1,20,1.71166,0.907122,0.477551,1,0.5,1328,1106
2434,243.127,ga_tcheby_proxy,mesh9,0,2,1,"[]",0,0,0,0,0,0,0.5,1328,1107
2435,243.269,ga_tcheby_proxy,mesh9,1,5,0,"[1-2-5]",2,42,3.21103,0.97,0.477551,2,0.5,1329,1107
2436,243.373,ga_tcheby_proxy,mesh9,1,2,0,"[1-2]",1,22,1.61449,0.97,0.479675,1,0.5,1330,1107
2437,243.448,ga_tcheby_proxy,mesh9,5,0,0,"[5-2-1-0]",3,64,4.82552,0.97,0.47541,3,0.5,1331,1107
2438,243.517,ga_tcheby_proxy,mesh9,6,1,1,"[]",0,0,0,0,0,0,0.5,1331,1108
2439,243.653,ga_tcheby_proxy,mesh9,6,1,0,"[6-3-0-1]",3,62,4.80756,0.97,0.47541,3,0.5,1332,1108
2440,243.685,ga_tcheby_proxy,mesh9,5,8,1,"[]",0,0,0,0,0,0,0.5,1332,1109
2441,243.737,ga_tcheby_proxy,mesh9,4,2,1,"[]",0,0,0,0,0,0,0.5,1332,1110
2442,243.829,ga_tcheby_proxy,mesh9,8,0,0,"[8-5-2-1-0]",4,84,6.42205,0.97,0.477551,4,0.5,1333,1110
2443,243.887,ga_tcheby_proxy,mesh9,5,1,1,"[]",0,0,0,0,0,0,0.5,1333,1111
2444,244.041,ga_tcheby_proxy,mesh9,3,4,0,"[3-4]",1,22,1.61449,0.97,0.459916,1,0.5,1334,1111
2445,244.072,ga_tcheby_proxy,mesh9,4,6,1,"[]",0,0,0,0,0,0,0.5,1334,1112
2446,244.097,ga_tcheby_proxy,mesh9,0,5,1,"[]",0,0,0,0,0,0,0.5,1334,1113
2447,244.216,ga_tcheby_proxy,mesh9,7,6,0,"[7-6]",1,22,1.61449,0.97,0.390476,1,0.5,1335,1113
2448,244.279,ga_tcheby_proxy,mesh9,4,0,0,"[4-1-0]",2,42,3.3344,0.902785,0.479675,2,0.5,1336,1113
2449,244.323,ga_tcheby_proxy,mesh9,0,1,1,"[]",0,0,0,0,0,0,0.5,1336,1114
2450,244.329,ga_tcheby_proxy,mesh9,0,3,1,"[]",0,0,0,0,0,0,0.5,1336,1115
2451,244.33,ga_tcheby_proxy,mesh9,8,2,1,"[]",0,0,0,0,0,0,0.5,1336,1116
2452,244.696,ga_tcheby_proxy,mesh9,8,0,0,"[8-7-6-3-0]",4,84,6.42205,0.97,0.477551,4,0.5,1337,1116
2453,244.775,ga_tcheby_proxy,mesh9,0,5,0,"[0-3-4-5]",3,64,4.82552,0.97,0.481781,3,0.5,1338,1116
2454,244.818,ga_tcheby_proxy,mesh9,4,8,1,"[]",0,0,0,0,0,0,0.5,1338,1117
2455,244.82,ga_tcheby_proxy,mesh9,1,5,1,"[]",0,0,0,0,0,0,0.5,1338,1118
2456,244.826,ga_tcheby_proxy,mesh9,4,2,1,"[]",0,0,0,0,0,0,0.5,1338,1119
2457,245.021,ga_tcheby_proxy,mesh9,5,8,0,"[5-8]",1,20,1.59654,0.975,0.481781,1,0.5,1339,1119
2458,245.055,ga_tcheby_proxy,mesh9,7,4,1,"[]",0,0,0,0,0,0,0.5,1339,1120
2459,245.059,ga_tcheby_proxy,mesh9,1,4,1,"[]",0,0,0,0,0,0,0.5,1339,1121
2460,245.333,ga_tcheby_proxy,mesh9,1,5,0,"[1-2-5]",2,42,3.21103,0.97,0.481781,2,0.5,1340,1121
2461,245.342,ga_tcheby_proxy,mesh9,7,6,1,"[]",0,0,0,0,0,0,0.5,1340,1122
2462,245.514,ga_tcheby_proxy,mesh9,1,3,0,"[1-4-3]",2,42,3.21103,0.97,0.462185,2,0.5,1341,1122
2463,245.567,ga_tcheby_proxy,mesh9,0,6,1,"[]",0,0,0,0,0,0,0.5,1341,1123
2464,245.598,ga_tcheby_proxy,mesh9,2,0,1,"[]",0,0,0,0,0,0,0.5,1341,1124
2465,245.735,ga_tcheby_proxy,mesh9,6,4,0,"[6-7-4]",2,42,3.21103,0.97,0.471074,2,0.5,1342,1124
2466,245.767,ga_tcheby_proxy,mesh9,2,4,1,"[]",0,0,0,0,0,0,0.5,1342,1125
2467,246.048,ga_tcheby_proxy,mesh9,1,5,0,"[1-2-5]",2,42,3.21103,0.97,0.483871,2,0.5,1343,1125
2468,246.381,ga_tcheby_proxy,mesh9,0,5,0,"[0-1-4-5]",3,64,4.82552,0.97,0.483871,3,0.5,1344,1125
2469,246.472,ga_tcheby_proxy,mesh9,8,1,0,"[8-5-2-1]",3,62,4.80756,0.97,0.479675,3,0.5,1345,1125
2470,246.502,ga_tcheby_proxy,mesh9,1,2,1,"[]",0,0,0,0,0,0,0.5,1345,1126
2471,246.511,ga_tcheby_proxy,mesh9,0,3,1,"[]",0,0,0,0,0,0,0.5,1345,1127
2472,246.685,ga_tcheby_proxy,mesh9,4,0,0,"[4-3-0]",2,42,3.21103,0.97,0.479675,2,0.5,1346,1127
2473,246.701,ga_tcheby_proxy,mesh9,4,1,1,"[]",0,0,0,0,0,0,0.5,1346,1128
2474,247.327,ga_tcheby_proxy,mesh9,5,3,0,"[5-4-3]",2,44,3.22898,0.97,0.466667,2,0.5,1347,1128
2475,247.404,ga_tcheby_proxy,mesh9,1,8,0,"[1-4-7-8]",3,62,4.80756,0.97,0.477551,3,0.5,1348,1128
2476,247.469,ga_tcheby_proxy,mesh9,1,6,0,"[1-0-3-6]",3,62,4.84153,0.954216,0.464435,3,0.5,1349,1128
2477,247.593,ga_tcheby_proxy,mesh9,3,0,0,"[3-0]",1,20,1.59654,0.975,0.481781,1,0.5,1350,1128
2478,247.709,ga_tcheby_proxy,mesh9,7,8,0,"[7-8]",1,22,1.61449,0.97,0.479675,1,0.5,1351,1128
2479,247.91,ga_tcheby_proxy,mesh9,3,6,0,"[3-6]",1,20,1.59654,0.975,0.464435,1,0.5,1352,1128
2480,248.016,ga_tcheby_proxy,mesh9,1,6,0,"[1-0-3-6]",3,62,4.80756,0.97,0.466667,3,0.5,1353,1128
2481,248.168,ga_tcheby_proxy,mesh9,6,0,0,"[6-3-0]",2,40,3.19307,0.975,0.483871,2,0.5,1354,1128
2482,248.351,ga_tcheby_proxy,mesh9,5,7,0,"[5-4-7]",2,42,3.21103,0.97,0.471074,2,0.5,1355,1128
2483,248.391,ga_tcheby_proxy,mesh9,8,5,1,"[]",0,0,0,0,0,0,0.5,1355,1129
2484,248.399,ga_tcheby_proxy,mesh9,6,5,1,"[]",0,0,0,0,0,0,0.5,1355,1130
2485,248.467,ga_tcheby_proxy,mesh9,8,2,1,"[]",0,0,0,0,0,0,0.5,1355,1131
2486,248.885,ga_tcheby_proxy,mesh9,5,3,0,"[5-4-3]",2,44,3.22898,0.97,0.46888,2,0.5,1356,1131
2487,248.888,ga_tcheby_proxy,mesh9,2,8,0,"[2-5-8]",2,40,3.38213,0.918249,0.489796,2,0.5,1357,1131
2488,249.043,ga_tcheby_proxy,mesh9,1,3,0,"[1-0-3]",2,42,3.21103,0.97,0.46888,2,0.5,1358,1131
2489,249.088,ga_tcheby_proxy,mesh9,7,8,1,"[]",0,0,0,0,0,0,0.5,1358,1132
2490,249.096,ga_tcheby_proxy,mesh9,6,4,1,"[]",0,0,0,0,0,0,0.5,1358,1133
2491,249.14,ga_tcheby_proxy,mesh9,3,8,1,"[]",0,0,0,0,0,0,0.5,1358,1134
2492,249.16,ga_tcheby_proxy,mesh9,1,5,1,"[]",0,0,0,0,0,0,0.5,1358,1135
2493,249.414,ga_tcheby_proxy,mesh9,3,1,0,"[3-4-1]",2,42,3.21103,0.97,0.481781,2,0.5,1359,1135
2494,249.569,ga_tcheby_proxy,mesh9,5,8,0,"[5-8]",1,20,1.59654,0.975,0.485944,1,0.5,1360,1135
2495,249.629,ga_tcheby_proxy,mesh9,8,5,1,"[]",0,0,0,0,0,0,0.5,1360,1136
2496,249.656,ga_tcheby_proxy,mesh9,0,4,1,"[]",0,0,0,0,0,0,0.5,1360,1137
2497,249.697,ga_tcheby_proxy,mesh9,6,3,1,"[]",0,0,0,0,0,0,0.5,1360,1138
2498,249.758,ga_tcheby_proxy,mesh9,2,0,1,"[]",0,0,0,0,0,0,0.5,1360,1139
2499,249.802,ga_tcheby_proxy,mesh9,4,0,1,"[]",0,0,0,0,0,0,0.5,1360,1140
2500,249.867,ga_tcheby_proxy,mesh9,1,2,0,"[1-2]",1,22,1.61449,0.97,0.485944,1,0.5,1361,1140
2501,249.983,ga_tcheby_proxy,mesh9,1,6,0,"[1-0-3-6]",3,62,4.80756,0.97,0.471074,3,0.5,1362,1140
2502,250.005,ga_tcheby_proxy,mesh9,6,7,1,"[]",0,0,0,0,0,0,0.5,1362,1141
2503,250.038,ga_tcheby_proxy,mesh9,2,7,1,"[]",0,0,0,0,0,0,0.5,1362,1142
2504,250.177,ga_tcheby_proxy,mesh9,7,8,0,"[7-8]",1,22,1.61449,0.97,0.481781,1,0.5,1363,1142
2505,250.317,ga_tcheby_proxy,mesh9,0,2,0,"[0-1-2]",2,44,3.22898,0.97,0.488,2,0.5,1364,1142
2506,250.328,ga_tcheby_proxy,mesh9,3,2,1,"[]",0,0,0,0,0,0,0.5,1364,1143
2507,250.499,ga_tcheby_proxy,mesh9,7,3,0,"[7-4-3]",2,42,3.21103,0.97,0.471074,2,0.5,1365,1143
2508,250.523,ga_tcheby_proxy,mesh9,8,3,1,"[]",0,0,0,0,0,0,0.5,1365,1144
2509,250.544,ga_tcheby_proxy,mesh9,8,1,1,"[]",0,0,0,0,0,0,0.5,1365,1145
2510,250.703,ga_tcheby_proxy,mesh9,0,7,0,"[0-1-4-7]",3,62,4.80756,0.97,0.473251,3,0.5,1366,1145
2511,250.802,ga_tcheby_proxy,mesh9,5,8,0,"[5-8]",1,20,1.59654,0.975,0.488,1,0.5,1367,1145
2512,250.819,ga_tcheby_proxy,mesh9,4,5,1,"[]",0,0,0,0,0,0,0.5,1367,1146
2513,250.829,ga_tcheby_proxy,mesh9,0,4,1,"[]",0,0,0,0,0,0,0.5,1367,1147
2514,251.038,ga_tcheby_proxy,mesh9,3,6,0,"[3-6]",1,20,1.59654,0.975,0.471074,1,0.5,1368,1147
2515,251.125,ga_tcheby_proxy,mesh9,0,7,0,"[0-3-6-7]",3,62,4.80756,0.97,0.473251,3,0.5,1369,1147
2516,251.132,ga_tcheby_proxy,mesh9,2,6,1,"[]",0,0,0,0,0,0,0.5,1369,1148
2517,251.154,ga_tcheby_proxy,mesh9,6,8,1,"[]",0,0,0,0,0,0,0.5,1369,1149
2518,251.185,ga_tcheby_proxy,mesh9,2,7,1,"[]",0,0,0,0,0,0,0.5,1369,1150
2519,251.309,ga_tcheby_proxy,mesh9,0,2,0,"[0-1-2]",2,44,3.22898,0.97,0.49004,2,0.5,1370,1150
2520,251.358,ga_tcheby_proxy,mesh9,4,5,1,"[]",0,0,0,0,0,0,0.5,1370,1151
2521,251.361,ga_tcheby_proxy,mesh9,0,2,1,"[]",0,0,0,0,0,0,0.5,1370,1152
2522,251.392,ga_tcheby_proxy,mesh9,4,1,1,"[]",0,0,0,0,0,0,0.5,1370,1153
2523,251.398,ga_tcheby_proxy,mesh9,5,1,1,"[]",0,0,0,0,0,0,0.5,1370,1154
2524,251.443,ga_tcheby_proxy,mesh9,6,5,1,"[]",0,0,0,0,0,0,0.5,1370,1155
2525,251.514,ga_tcheby_proxy,mesh9,3,0,0,"[3-0]",1,20,1.59654,0.975,0.485944,1,0.5,1371,1155
2526,251.864,ga_tcheby_proxy,mesh9,6,4,0,"[6-3-4]",2,42,3.21103,0.97,0.47541,2,0.5,1372,1155
2527,251.868,ga_tcheby_proxy,mesh9,0,8,0,"[0-3-6-7-8]",4,84,6.82931,0.910474,0.483871,4,0.5,1373,1155
2528,251.975,ga_tcheby_proxy,mesh9,8,4,0,"[8-7-4]",2,42,3.21103,0.97,0.473251,2,0.5,1374,1155
2529,251.985,ga_tcheby_proxy,mesh9,5,1,1,"[]",0,0,0,0,0,0,0.5,1374,1156
2530,252.29,ga_tcheby_proxy,mesh9,4,0,0,"[4-1-0]",2,42,3.21103,0.97,0.483871,2,0.5,1375,1156
2531,252.51,ga_tcheby_proxy,mesh9,0,6,0,"[0-3-6]",2,40,3.19307,0.975,0.477551,2,0.5,1376,1156
2532,252.551,ga_tcheby_proxy,mesh9,3,1,1,"[]",0,0,0,0,0,0,0.5,1376,1157
2533,252.629,ga_tcheby_proxy,mesh9,6,3,0,"[6-3]",1,20,1.59654,0.975,0.477551,1,0.5,1377,1157
2534,252.907,ga_tcheby_proxy,mesh9,0,1,0,"[0-1]",1,22,1.61449,0.97,0.477551,1,0.5,1378,1157
2535,252.979,ga_tcheby_proxy,mesh9,2,7,0,"[2-5-4-7]",3,62,4.80756,0.97,0.479675,3,0.5,1379,1157
2536,252.981,ga_tcheby_proxy,mesh9,1,7,0,"[1-4-7]",2,40,3.32277,0.935476,0.481481,2,0.5,1380,1157
2537,253.052,ga_tcheby_proxy,mesh9,5,0,0,"[5-8-7-4-3-0]",5,104,8.09156,0.947013,0.49004,5,0.5,1381,1157
2538,253.321,ga_tcheby_proxy,mesh9,5,6,0,"[5-4-3-6]",3,64,4.82552,0.97,0.479675,3,0.5,1382,1157
2539,253.34,ga_tcheby_proxy,mesh9,6,2,1,"[]",0,0,0,0,0,0,0.5,1382,1158
2540,253.361,ga_tcheby_proxy,mesh9,5,2,1,"[]",0,0,0,0,0,0,0.5,1382,1159
2541,253.366,ga_tcheby_proxy,mesh9,7,4,1,"[]",0,0,0,0,0,0,0.5,1382,1160
2542,253.492,ga_tcheby_proxy,mesh9,7,1,0,"[7-4-1]",2,40,3.19307,0.975,0.485944,2,0.5,1383,1160
2543,253.569,ga_tcheby_proxy,mesh9,5,7,0,"[5-4-7]",2,42,3.21103,0.97,0.479675,2,0.5,1384,1160
2544,253.725,ga_tcheby_proxy,mesh9,7,5,0,"[7-4-5]",2,42,3.21103,0.97,0.485944,2,0.5,1385,1160
2545,253.774,ga_tcheby_proxy,mesh9,1,8,1,"[]",0,0,0,0,0,0,0.5,1385,1161
2546,253.819,ga_tcheby_proxy,mesh9,0,8,1,"[]",0,0,0,0,0,0,0.5,1385,1162
2547,253.881,ga_tcheby_proxy,mesh9,5,7,1,"[]",0,0,0,0,0,0,0.5,1385,1163
2548,253.923,ga_tcheby_proxy,mesh9,2,4,1,"[]",0,0,0,0,0,0,0.5,1385,1164
2549,253.924,ga_tcheby_proxy,mesh9,6,4,1,"[]",0,0,0,0,0,0,0.5,1385,1165
2550,254.028,ga_tcheby_proxy,mesh9,4,0,0,"[4-1-0]",2,42,3.21103,0.97,0.488,2,0.5,1386,1165
2551,254.092,ga_tcheby_proxy,mesh9,0,5,0,"[0-3-6-7-8-5]",5,104,8.50193,0.902407,0.485944,5,0.5,1387,1165
2552,254.119,ga_tcheby_proxy,mesh9,6,1,1,"[]",0,0,0,0,0,0,0.5,1387,1166
2553,254.142,ga_tcheby_proxy,mesh9,1,7,1,"[]",0,0,0,0,0,0,0.5,1387,1167
2554,254.304,ga_tcheby_proxy,mesh9,1,7,0,"[1-4-7]",2,40,3.19307,0.975,0.481781,2,0.5,1388,1167
2555,254.344,ga_tcheby_proxy,mesh9,6,2,1,"[]",0,0,0,0,0,0,0.5,1388,1168
2556,254.633,ga_tcheby_proxy,mesh9,1,0,0,"[1-0]",1,22,1.61449,0.97,0.477551,1,0.5,1389,1168
2557,254.643,ga_tcheby_proxy,mesh9,1,7,1,"[]",0,0,0,0,0,0,0.5,1389,1169
2558,254.726,ga_tcheby_proxy,mesh9,7,6,0,"[7-6]",1,22,1.61449,0.97,0.396226,1,0.5,1390,1169
2559,254.909,ga_tcheby_proxy,mesh9,3,8,0,"[3-6-7-8]",3,64,4.82552,0.97,0.488,3,0.5,1391,1169
2560,255.033,ga_tcheby_proxy,mesh9,3,0,0,"[3-0]",1,20,1.59654,0.975,0.49004,1,0.5,1392,1169
2561,255.29,ga_tcheby_proxy,mesh9,5,0,0,"[5-2-1-0]",3,64,4.82552,0.97,0.481781,3,0.5,1393,1169
2562,255.542,ga_tcheby_proxy,mesh9,2,0,0,"[2-1-0]",2,44,3.22898,0.97,0.483871,2,0.5,1394,1169
2563,255.561,ga_tcheby_proxy,mesh9,2,5,1,"[]",0,0,0,0,0,0,0.5,1394,1170
2564,255.573,ga_tcheby_proxy,mesh9,3,5,1,"[]",0,0,0,0,0,0,0.5,1394,1171
2565,255.579,ga_tcheby_proxy,mesh9,2,7,1,"[]",0,0,0,0,0,0,0.5,1394,1172
2566,255.845,ga_tcheby_proxy,mesh9,5,6,0,"[5-4-7-6]",3,64,4.82552,0.97,0.483871,3,0.5,1395,1172
2567,255.861,ga_tcheby_proxy,mesh9,3,1,1,"[]",0,0,0,0,0,0,0.5,1395,1173
2568,255.995,ga_tcheby_proxy,mesh9,5,6,0,"[5-4-7-6]",3,64,4.82552,0.97,0.485944,3,0.5,1396,1173
2569,256.014,ga_tcheby_proxy,mesh9,5,1,1,"[]",0,0,0,0,0,0,0.5,1396,1174
2570,256.369,ga_tcheby_proxy,mesh9,1,0,0,"[1-0]",1,22,1.61449,0.97,0.483871,1,0.5,1397,1174
2571,256.53,ga_tcheby_proxy,mesh9,2,3,0,"[2-5-4-3]",3,64,4.82552,0.97,0.481781,3,0.5,1398,1174
2572,256.723,ga_tcheby_proxy,mesh9,1,7,0,"[1-4-7]",2,40,3.19307,0.975,0.488,2,0.5,1399,1174
2573,256.998,ga_tcheby_proxy,mesh9,3,4,0,"[3-4]",1,22,1.61449,0.97,0.46888,1,0.5,1400,1174
2574,257.27,ga_tcheby_proxy,mesh9,6,5,0,"[6-3-4-5]",3,64,4.82552,0.97,0.488,3,0.5,1401,1174
2575,257.336,ga_tcheby_proxy,mesh9,0,8,0,"[0-3-4-5-8]",4,84,6.54889,0.901029,0.492063,4,0.5,1402,1174
2576,257.347,ga_tcheby_proxy,mesh9,4,5,1,"[]",0,0,0,0,0,0,0.5,1402,1175
2577,257.423,ga_tcheby_proxy,mesh9,4,8,0,"[4-7-8]",2,42,3.21103,0.97,0.49004,2,0.5,1403,1175
2578,257.43,ga_tcheby_proxy,mesh9,4,0,1,"[]",0,0,0,0,0,0,0.5,1403,1176
2579,257.455,ga_tcheby_proxy,mesh9,1,5,1,"[]",0,0,0,0,0,0,0.5,1403,1177
2580,257.492,ga_tcheby_proxy,mesh9,8,1,1,"[]",0,0,0,0,0,0,0.5,1403,1178
2581,257.579,ga_tcheby_proxy,mesh9,6,8,0,"[6-7-8]",2,44,3.22898,0.97,0.492063,2,0.5,1404,1178
2582,257.603,ga_tcheby_proxy,mesh9,5,3,1,"[]",0,0,0,0,0,0,0.5,1404,1179
2583,257.621,ga_tcheby_proxy,mesh9,5,8,1,"[]",0,0,0,0,0,0,0.5,1404,1180
2584,257.682,ga_tcheby_proxy,mesh9,1,2,1,"[]",0,0,0,0,0,0,0.5,1404,1181
2585,257.731,ga_tcheby_proxy,mesh9,4,8,1,"[]",0,0,0,0,0,0,0.5,1404,1182
2586,258.068,ga_tcheby_proxy,mesh9,5,1,0,"[5-2-1]",2,42,3.21103,0.97,0.485944,2,0.5,1405,1182
2587,258.073,ga_tcheby_proxy,mesh9,5,2,1,"[]",0,0,0,0,0,0,0.5,1405,1183
2588,258.103,ga_tcheby_proxy,mesh9,3,6,1,"[]",0,0,0,0,0,0,0.5,1405,1184
2589,258.172,ga_tcheby_proxy,mesh9,3,7,0,"[3-6-7]",2,42,3.21103,0.97,0.485944,2,0.5,1406,1184
2590,258.467,ga_tcheby_proxy,mesh9,4,3,0,"[4-3]",1,22,1.61449,0.97,0.479675,1,0.5,1407,1184
2591,258.489,ga_tcheby_proxy,mesh9,8,7,1,"[]",0,0,0,0,0,0,0.5,1407,1185
2592,258.573,ga_tcheby_proxy,mesh9,5,1,0,"[5-2-1]",2,42,3.21103,0.97,0.488,2,0.5,1408,1185
2593,258.624,ga_tcheby_proxy,mesh9,2,4,1,"[]",0,0,0,0,0,0,0.5,1408,1186
2594,258.725,ga_tcheby_proxy,mesh9,3,8,0,"[3-6-7-8]",3,64,4.82552,0.97,0.494071,3,0.5,1409,1186
2595,258.756,ga_tcheby_proxy,mesh9,1,2,1,"[]",0,0,0,0,0,0,0.5,1409,1187
2596,258.758,ga_tcheby_proxy,mesh9,8,1,1,"[]",0,0,0,0,0,0,0.5,1409,1188
2597,258.821,ga_tcheby_proxy,mesh9,3,6,0,"[3-6]",1,20,1.68352,0.922824,0.49004,1,0.5,1410,1188
2598,259.021,ga_tcheby_proxy,mesh9,4,5,0,"[4-5]",1,22,1.61449,0.97,0.492063,1,0.5,1411,1188
2599,259.146,ga_tcheby_proxy,mesh9,0,1,0,"[0-1]",1,22,1.61449,0.97,0.479675,1,0.5,1412,1188
2600,259.384,ga_tcheby_proxy,mesh9,8,6,0,"[8-7-6]",2,44,3.22898,0.97,0.46888,2,0.5,1413,1188
2601,259.493,ga_tcheby_proxy,mesh9,4,7,0,"[4-7]",1,20,1.59654,0.975,0.492063,1,0.5,1414,1188
2602,259.639,ga_tcheby_proxy,mesh9,2,4,0,"[2-5-4]",2,42,3.21103,0.97,0.483871,2,0.5,1415,1188
2603,259.639,ga_tcheby_proxy,mesh9,4,2,0,"[4-1-2]",2,42,3.22659,0.965132,0.494024,2,0.5,1416,1188
2604,259.967,ga_tcheby_proxy,mesh9,0,3,0,"[0-3]",1,20,1.59654,0.975,0.471074,1,0.5,1417,1188
2605,260.125,ga_tcheby_proxy,mesh9,6,1,0,"[6-7-4-1]",3,62,4.80756,0.97,0.492063,3,0.5,1418,1188
2606,260.351,ga_tcheby_proxy,mesh9,3,0,0,"[3-0]",1,20,1.59654,0.975,0.492063,1,0.5,1419,1188
2607,260.46,ga_tcheby_proxy,mesh9,2,8,0,"[2-5-8]",2,40,3.19307,0.975,0.494071,2,0.5,1420,1188
2608,260.595,ga_tcheby_proxy,mesh9,3,5,0,"[3-4-5]",2,44,3.22898,0.97,0.494071,2,0.5,1421,1188
2609,260.605,ga_tcheby_proxy,mesh9,3,1,1,"[]",0,0,0,0,0,0,0.5,1421,1189
2610,260.79,ga_tcheby_proxy,mesh9,5,2,0,"[5-2]",1,20,1.59654,0.975,0.485944,1,0.5,1422,1189
2611,260.806,ga_tcheby_proxy,mesh9,0,6,1,"[]",0,0,0,0,0,0,0.5,1422,1190
2612,260.903,ga_tcheby_proxy,mesh9,5,7,0,"[5-4-7]",2,42,3.21103,0.97,0.494071,2,0.5,1423,1190
2613,260.904,ga_tcheby_proxy,mesh9,0,1,0,"[0-1]",1,22,1.65255,0.946735,0.48374,1,0.5,1424,1190
2614,261.085,ga_tcheby_proxy,mesh9,3,2,0,"[3-4-1-2]",3,64,4.82552,0.97,0.494071,3,0.5,1425,1190
2615,261.137,ga_tcheby_proxy,mesh9,5,4,1,"[]",0,0,0,0,0,0,0.5,1425,1191
2616,261.187,ga_tcheby_proxy,mesh9,5,4,1,"[]",0,0,0,0,0,0,0.5,1425,1192
2617,261.288,ga_tcheby_proxy,mesh9,3,8,0,"[3-6-7-8]",3,64,4.82552,0.97,0.496063,3,0.5,1426,1192
2618,261.335,ga_tcheby_proxy,mesh9,5,8,1,"[]",0,0,0,0,0,0,0.5,1426,1193
2619,261.404,ga_tcheby_proxy,mesh9,8,3,0,"[8-7-6-3]",3,64,4.84468,0.958127,0.481781,3,0.5,1427,1193
2620,261.427,ga_tcheby_proxy,mesh9,6,3,1,"[]",0,0,0,0,0,0,0.5,1427,1194
2621,261.449,ga_tcheby_proxy,mesh9,2,4,1,"[]",0,0,0,0,0,0,0.5,1427,1195
2622,261.547,ga_tcheby_proxy,mesh9,8,1,0,"[8-5-2-1]",3,62,4.80756,0.97,0.49004,3,0.5,1428,1195
2623,261.668,ga_tcheby_proxy,mesh9,4,5,0,"[4-5]",1,22,1.61449,0.97,0.496063,1,0.5,1429,1195
2624,261.944,ga_tcheby_proxy,mesh9,8,6,0,"[8-7-6]",2,44,3.22898,0.97,0.473251,2,0.5,1430,1195
2625,261.983,ga_tcheby_proxy,mesh9,0,7,1,"[]",0,0,0,0,0,0,0.5,1430,1196
2626,262.057,ga_tcheby_proxy,mesh9,1,0,0,"[1-0]",1,22,1.61449,0.97,0.485944,1,0.5,1431,1196
2627,262.142,ga_tcheby_proxy,mesh9,8,1,0,"[8-5-2-1]",3,62,4.80756,0.97,0.492063,3,0.5,1432,1196
2628,262.25,ga_tcheby_proxy,mesh9,0,4,0,"[0-3-4]",2,42,3.21103,0.97,0.479675,2,0.5,1433,1196
2629,262.308,ga_tcheby_proxy,mesh9,2,0,1,"[]",0,0,0,0,0,0,0.5,1433,1197
2630,262.383,ga_tcheby_proxy,mesh9,3,6,0,"[3-6]",1,20,1.59654,0.975,0.494071,1,0.5,1434,1197
2631,262.699,ga_tcheby_proxy,mesh9,8,5,0,"[8-5]",1,20,1.59654,0.975,0.479675,1,0.5,1435,1197
2632,262.712,ga_tcheby_proxy,mesh9,5,7,1,"[]",0,0,0,0,0,0,0.5,1435,1198
2633,262.755,ga_tcheby_proxy,mesh9,5,7,1,"[]",0,0,0,0,0,0,0.5,1435,1199
2634,262.763,ga_tcheby_proxy,mesh9,8,0,1,"[]",0,0,0,0,0,0,0.5,1435,1200
2635,263.068,ga_tcheby_proxy,mesh9,7,8,0,"[7-8]",1,22,1.61449,0.97,0.498039,1,0.5,1436,1200
2636,263.103,ga_tcheby_proxy,mesh9,6,4,1,"[]",0,0,0,0,0,0,0.5,1436,1201
2637,263.213,ga_tcheby_proxy,mesh9,3,7,0,"[3-6-7]",2,42,3.21103,0.97,0.496063,2,0.5,1437,1201
2638,263.215,ga_tcheby_proxy,mesh9,7,2,0,"[7-4-5-2]",3,62,4.92,0.947559,0.498039,3,0.5,1438,1201
2639,263.225,ga_tcheby_proxy,mesh9,7,3,1,"[]",0,0,0,0,0,0,0.5,1438,1202
2640,263.335,ga_tcheby_proxy,mesh9,4,2,0,"[4-1-2]",2,42,3.21103,0.97,0.496063,2,0.5,1439,1202
2641,263.411,ga_tcheby_proxy,mesh9,8,4,0,"[8-7-4]",2,42,3.21103,0.97,0.485944,2,0.5,1440,1202
2642,263.421,ga_tcheby_proxy,mesh9,6,1,1,"[]",0,0,0,0,0,0,0.5,1440,1203
2643,263.429,ga_tcheby_proxy,mesh9,2,8,1,"[]",0,0,0,0,0,0,0.5,1440,1204
2644,263.591,ga_tcheby_proxy,mesh9,1,2,0,"[1-2]",1,22,1.61449,0.97,0.498039,1,0.5,1441,1204
2645,263.735,ga_tcheby_proxy,mesh9,5,2,0,"[5-2]",1,20,1.59654,0.975,0.494071,1,0.5,1442,1204
2646,263.767,ga_tcheby_proxy,mesh9,3,8,1,"[]",0,0,0,0,0,0,0.5,1442,1205
2647,263.816,ga_tcheby_proxy,mesh9,4,7,1,"[]",0,0,0,0,0,0,0.5,1442,1206
2648,263.991,ga_tcheby_proxy,mesh9,1,4,0,"[1-4]",1,20,1.59654,0.975,0.466667,1,0.5,1443,1206
2649,264.044,ga_tcheby_proxy,mesh9,1,8,1,"[]",0,0,0,0,0,0,0.5,1443,1207
2650,264.09,ga_tcheby_proxy,mesh9,7,8,1,"[]",0,0,0,0,0,0,0.5,1443,1208
2651,264.175,ga_tcheby_proxy,mesh9,8,4,0,"[8-7-4]",2,42,3.21103,0.97,0.488,2,0.5,1444,1208
2652,264.229,ga_tcheby_proxy,mesh9,1,8,1,"[]",0,0,0,0,0,0,0.5,1444,1209
2653,264.238,ga_tcheby_proxy,mesh9,7,6,1,"[]",0,0,0,0,0,0,0.5,1444,1210
2654,264.305,ga_tcheby_proxy,mesh9,7,4,0,"[7-4]",1,20,1.59654,0.975,0.49004,1,0.5,1445,1210
2655,264.322,ga_tcheby_proxy,mesh9,0,3,1,"[]",0,0,0,0,0,0,0.5,1445,1211
2656,264.49,ga_tcheby_proxy,mesh9,3,1,0,"[3-0-1]",2,42,3.21103,0.97,0.494071,2,0.5,1446,1211
2657,264.54,ga_tcheby_proxy,mesh9,7,3,1,"[]",0,0,0,0,0,0,0.5,1446,1212
2658,264.558,ga_tcheby_proxy,mesh9,6,0,1,"[]",0,0,0,0,0,0,0.5,1446,1213
2659,264.586,ga_tcheby_proxy,mesh9,6,3,1,"[]",0,0,0,0,0,0,0.5,1446,1214
2660,264.608,ga_tcheby_proxy,mesh9,2,3,1,"[]",0,0,0,0,0,0,0.5,1446,1215
2661,264.823,ga_tcheby_proxy,mesh9,0,3,0,"[0-3]",1,20,1.59654,0.975,0.47541,1,0.5,1447,1215
2662,264.9,ga_tcheby_proxy,mesh9,1,4,0,"[1-4]",1,20,1.59654,0.975,0.46888,1,0.5,1448,1215
2663,264.922,ga_tcheby_proxy,mesh9,4,0,1,"[]",0,0,0,0,0,0,0.5,1448,1216
2664,264.966,ga_tcheby_proxy,mesh9,3,2,1,"[]",0,0,0,0,0,0,0.5,1448,1217
2665,265.069,ga_tcheby_proxy,mesh9,5,7,0,"[5-8-7]",2,42,3.21103,0.97,0.496063,2,0.5,1449,1217
2666,265.189,ga_tcheby_proxy,mesh9,8,5,0,"[8-5]",1,20,1.59654,0.975,0.481781,1,0.5,1450,1217
2667,265.272,ga_tcheby_proxy,mesh9,6,2,0,"[6-7-4-1-2]",4,84,6.42205,0.97,0.5,4,0.5,1451,1217
2668,265.366,ga_tcheby_proxy,mesh9,2,1,0,"[2-1]",1,22,1.61449,0.97,0.494071,1,0.5,1452,1217
2669,265.379,ga_tcheby_proxy,mesh9,2,4,1,"[]",0,0,0,0,0,0,0.5,1452,1218
2670,265.386,ga_tcheby_proxy,mesh9,8,3,1,"[]",0,0,0,0,0,0,0.5,1452,1219
2671,265.636,ga_tcheby_proxy,mesh9,5,8,0,"[5-8]",1,20,1.59654,0.975,0.498039,1,0.5,1453,1219
2672,265.678,ga_tcheby_proxy,mesh9,1,0,1,"[]",0,0,0,0,0,0,0.5,1453,1220
2673,265.703,ga_tcheby_proxy,mesh9,6,7,1,"[]",0,0,0,0,0,0,0.5,1453,1221
2674,265.775,ga_tcheby_proxy,mesh9,7,4,0,"[7-4]",1,20,1.59654,0.975,0.494071,1,0.5,1454,1221
2675,265.793,ga_tcheby_proxy,mesh9,2,5,1,"[]",0,0,0,0,0,0,0.5,1454,1222
2676,265.96,ga_tcheby_proxy,mesh9,2,8,0,"[2-5-8]",2,40,3.19307,0.975,0.5,2,0.5,1455,1222
2677,265.962,ga_tcheby_proxy,mesh9,7,2,0,"[7-4-5-2]",3,62,4.96214,0.938448,0.5,3,0.5,1456,1222
2678,266.159,ga_tcheby_proxy,mesh9,8,4,0,"[8-5-4]",2,42,3.21103,0.97,0.488,2,0.5,1457,1222
2679,266.236,ga_tcheby_proxy,mesh9,0,6,0,"[0-3-6]",2,40,3.19307,0.975,0.498039,2,0.5,1458,1222
2680,266.372,ga_tcheby_proxy,mesh9,5,4,0,"[5-4]",1,22,1.61449,0.97,0.49004,1,0.5,1459,1222
2681,266.611,ga_tcheby_proxy,mesh9,4,3,0,"[4-3]",1,22,1.61449,0.97,0.481781,1,0.5,1460,1222
2682,266.629,ga_tcheby_proxy,mesh9,3,7,1,"[]",0,0,0,0,0,0,0.5,1460,1223
2683,266.667,ga_tcheby_proxy,mesh9,8,2,1,"[]",0,0,0,0,0,0,0.5,1460,1224
2684,266.688,ga_tcheby_proxy,mesh9,2,5,1,"[]",0,0,0,0,0,0,0.5,1460,1225
2685,266.767,ga_tcheby_proxy,mesh9,1,6,0,"[1-4-7-6]",3,62,4.80756,0.97,0.496063,3,0.5,1461,1225
2686,266.832,ga_tcheby_proxy,mesh9,1,6,1,"[]",0,0,0,0,0,0,0.5,1461,1226
2687,266.948,ga_tcheby_proxy,mesh9,7,1,0,"[7-4-1]",2,40,3.19307,0.975,0.5,2,0.5,1462,1226
2688,266.959,ga_tcheby_proxy,mesh9,1,2,1,"[]",0,0,0,0,0,0,0.5,1462,1227
2689,266.972,ga_tcheby_proxy,mesh9,3,5,1,"[]",0,0,0,0,0,0,0.5,1462,1228
2690,266.992,ga_tcheby_proxy,mesh9,7,4,1,"[]",0,0,0,0,0,0,0.5,1462,1229
2691,267.019,ga_tcheby_proxy,mesh9,1,7,1,"[]",0,0,0,0,0,0,0.5,1462,1230
2692,267.047,ga_tcheby_proxy,mesh9,3,5,1,"[]",0,0,0,0,0,0,0.5,1462,1231
2693,267.106,ga_tcheby_proxy,mesh9,3,0,1,"[]",0,0,0,0,0,0,0.5,1462,1232
2694,267.223,ga_tcheby_proxy,mesh9,3,4,0,"[3-4]",1,22,1.61449,0.97,0.481781,1,0.5,1463,1232
2695,267.224,ga_tcheby_proxy,mesh9,5,0,0,"[5-4-3-0]",3,64,4.93207,0.947701,0.497992,3,0.5,1464,1232
2696,267.318,ga_tcheby_proxy,mesh9,5,4,0,"[5-4]",1,22,1.61449,0.97,0.494071,1,0.5,1465,1232
2697,267.406,ga_tcheby_proxy,mesh9,8,0,0,"[8-5-2-1-0]",4,84,6.42205,0.97,0.498039,4,0.5,1466,1232
2698,267.448,ga_tcheby_proxy,mesh9,6,3,1,"[]",0,0,0,0,0,0,0.5,1466,1233
2699,267.568,ga_tcheby_proxy,mesh9,1,4,0,"[1-4]",1,20,1.59654,0.975,0.473251,1,0.5,1467,1233
2700,267.632,ga_tcheby_proxy,mesh9,5,3,0,"[5-4-3]",2,44,3.34522,0.902183,0.496063,2,0.5,1468,1233
2701,267.696,ga_tcheby_proxy,mesh9,1,5,1,"[]",0,0,0,0,0,0,0.5,1468,1234
2702,267.728,ga_tcheby_proxy,mesh9,2,7,1,"[]",0,0,0,0,0,0,0.5,1468,1235
2703,267.78,ga_tcheby_proxy,mesh9,5,6,1,"[]",0,0,0,0,0,0,0.5,1468,1236
2704,267.785,ga_tcheby_proxy,mesh9,4,6,1,"[]",0,0,0,0,0,0,0.5,1468,1237
2705,267.797,ga_tcheby_proxy,mesh9,7,3,1,"[]",0,0,0,0,0,0,0.5,1468,1238
2706,267.867,ga_tcheby_proxy,mesh9,4,5,0,"[4-5]",1,22,1.61449,0.97,0.501946,1,0.5,1469,1238
2707,267.93,ga_tcheby_proxy,mesh9,7,5,1,"[]",0,0,0,0,0,0,0.5,1469,1239
2708,267.992,ga_tcheby_proxy,mesh9,5,0,1,"[]",0,0,0,0,0,0,0.5,1469,1240
2709,267.992,ga_tcheby_proxy,mesh9,3,7,1,"[]",0,0,0,0,0,0,0.5,1469,1241
2710,268.051,ga_tcheby_proxy,mesh9,4,2,1,"[]",0,0,0,0,0,0,0.5,1469,1242
2711,268.235,ga_tcheby_proxy,mesh9,5,3,0,"[5-4-3]",2,44,3.22898,0.97,0.498039,2,0.5,1470,1242
2712,268.273,ga_tcheby_proxy,mesh9,1,6,1,"[]",0,0,0,0,0,0,0.5,1470,1243
2713,268.275,ga_tcheby_proxy,mesh9,3,7,1,"[]",0,0,0,0,0,0,0.5,1470,1244
2714,268.386,ga_tcheby_proxy,mesh9,1,3,0,"[1-4-3]",2,42,3.21103,0.97,0.49004,2,0.5,1471,1244
2715,268.541,ga_tcheby_proxy,mesh9,2,4,0,"[2-1-4]",2,42,3.21103,0.97,0.498039,2,0.5,1472,1244
2716,268.59,ga_tcheby_proxy,mesh9,7,4,0,"[7-4]",1,20,1.71079,0.907599,0.5,1,0.5,1473,1244
2717,268.669,ga_tcheby_proxy,mesh9,6,3,0,"[6-3]",1,20,1.59654,0.975,0.483871,1,0.5,1474,1244
2718,268.694,ga_tcheby_proxy,mesh9,4,0,1,"[]",0,0,0,0,0,0,0.5,1474,1245
2719,268.82,ga_tcheby_proxy,mesh9,7,0,0,"[7-6-3-0]",3,62,4.80756,0.97,0.498039,3,0.5,1475,1245
2720,268.928,ga_tcheby_proxy,mesh9,7,0,0,"[7-6-3-0]",3,62,4.80756,0.97,0.5,3,0.5,1476,1245
2721,268.935,ga_tcheby_proxy,mesh9,2,1,1,"[]",0,0,0,0,0,0,0.5,1476,1246
2722,269.038,ga_tcheby_proxy,mesh9,5,4,0,"[5-4]",1,22,1.61449,0.97,0.5,1,0.5,1477,1246
2723,269.05,ga_tcheby_proxy,mesh9,1,2,1,"[]",0,0,0,0,0,0,0.5,1477,1247
2724,269.212,ga_tcheby_proxy,mesh9,4,0,0,"[4-3-0]",2,42,3.21103,0.97,0.501946,2,0.5,1478,1247
2725,269.261,ga_tcheby_proxy,mesh9,7,5,1,"[]",0,0,0,0,0,0,0.5,1478,1248
2726,269.326,ga_tcheby_proxy,mesh9,1,6,0,"[1-4-7-6]",3,62,4.87162,0.952752,0.498039,3,0.5,1479,1248
2727,269.362,ga_tcheby_proxy,mesh9,8,5,1,"[]",0,0,0,0,0,0,0.5,1479,1249
2728,269.394,ga_tcheby_proxy,mesh9,3,0,1,"[]",0,0,0,0,0,0,0.5,1479,1250
2729,269.49,ga_tcheby_proxy,mesh9,0,7,0,"[0-3-4-7]",3,62,4.80756,0.97,0.5,3,0.5,1480,1250
2730,269.617,ga_tcheby_proxy,mesh9,5,1,0,"[5-2-1]",2,42,3.21103,0.97,0.5,2,0.5,1481,1250
2731,269.787,ga_tcheby_proxy,mesh9,2,7,0,"[2-5-4-7]",3,62,4.80756,0.97,0.501946,3,0.5,1482,1250
2732,269.848,ga_tcheby_proxy,mesh9,4,6,0,"[4-3-6]",2,42,3.34695,0.919003,0.5,2,0.5,1483,1250
2733,270.008,ga_tcheby_proxy,mesh9,2,4,0,"[2-1-4]",2,42,3.21103,0.97,0.501946,2,0.5,1484,1250
2734,270.254,ga_tcheby_proxy,mesh9,1,7,0,"[1-4-7]",2,40,3.19307,0.975,0.503876,2,0.5,1485,1250
2735,270.279,ga_tcheby_proxy,mesh9,6,8,1,"[]",0,0,0,0,0,0,0.5,1485,1251
2736,270.343,ga_tcheby_proxy,mesh9,0,4,0,"[0-3-6-7-8-5-4]",6,126,9.92418,0.911636,0.503876,6,0.5,1486,1251
2737,270.559,ga_tcheby_proxy,mesh9,8,7,0,"[8-7]",1,22,1.61449,0.97,0.481781,1,0.5,1487,1251
2738,270.599,ga_tcheby_proxy,mesh9,4,7,1,"[]",0,0,0,0,0,0,0.5,1487,1252
2739,270.607,ga_tcheby_proxy,mesh9,0,2,1,"[]",0,0,0,0,0,0,0.5,1487,1253
2740,271.016,ga_tcheby_proxy,mesh9,4,5,0,"[4-5]",1,22,1.61449,0.97,0.503876,1,0.5,1488,1253
2741,271.183,ga_tcheby_proxy,mesh9,2,8,0,"[2-5-8]",2,40,3.19307,0.975,0.501946,2,0.5,1489,1253
2742,271.199,ga_tcheby_proxy,mesh9,6,8,1,"[]",0,0,0,0,0,0,0.5,1489,1254
2743,271.273,ga_tcheby_proxy,mesh9,0,2,0,"[0-1-2]",2,44,3.35101,0.904253,0.501946,2,0.5,1490,1254
2744,271.315,ga_tcheby_proxy,mesh9,1,7,1,"[]",0,0,0,0,0,0,0.5,1490,1255
2745,271.364,ga_tcheby_proxy,mesh9,8,7,1,"[]",0,0,0,0,0,0,0.5,1490,1256
2746,271.466,ga_tcheby_proxy,mesh9,2,7,0,"[2-5-8-7]",3,62,4.80756,0.97,0.503876,3,0.5,1491,1256
2747,271.51,ga_tcheby_proxy,mesh9,6,2,1,"[]",0,0,0,0,0,0,0.5,1491,1257
2748,271.88,ga_tcheby_proxy,mesh9,2,3,0,"[2-1-4-3]",3,64,4.82552,0.97,0.503876,3,0.5,1492,1257
2749,271.891,ga_tcheby_proxy,mesh9,4,3,1,"[]",0,0,0,0,0,0,0.5,1492,1258
2750,272.134,ga_tcheby_proxy,mesh9,1,6,0,"[1-4-3-6]",3,62,4.80756,0.97,0.503876,3,0.5,1493,1258
2751,272.221,ga_tcheby_proxy,mesh9,1,7,0,"[1-4-7]",2,40,3.19307,0.975,0.505792,2,0.5,1494,1258
2752,272.25,ga_tcheby_proxy,mesh9,7,2,1,"[]",0,0,0,0,0,0,0.5,1494,1259
2753,272.302,ga_tcheby_proxy,mesh9,4,5,1,"[]",0,0,0,0,0,0,0.5,1494,1260
2754,272.325,ga_tcheby_proxy,mesh9,1,5,1,"[]",0,0,0,0,0,0,0.5,1494,1261
2755,272.734,ga_tcheby_proxy,mesh9,6,7,0,"[6-7]",1,22,1.61449,0.97,0.498039,1,0.5,1495,1261
2756,272.742,ga_tcheby_proxy,mesh9,0,4,1,"[]",0,0,0,0,0,0,0.5,1495,1262
2757,272.743,ga_tcheby_proxy,mesh9,8,1,1,"[]",0,0,0,0,0,0,0.5,1495,1263
2758,272.941,ga_tcheby_proxy,mesh9,5,1,0,"[5-4-1]",2,42,3.21103,0.97,0.505792,2,0.5,1496,1263
2759,273.005,ga_tcheby_proxy,mesh9,5,8,0,"[5-8]",1,20,1.59654,0.975,0.505792,1,0.5,1497,1263
2760,273.09,ga_tcheby_proxy,mesh9,4,6,0,"[4-3-6]",2,42,3.21103,0.97,0.505792,2,0.5,1498,1263
2761,273.101,ga_tcheby_proxy,mesh9,6,0,1,"[]",0,0,0,0,0,0,0.5,1498,1264
2762,273.229,ga_tcheby_proxy,mesh9,0,7,0,"[0-3-6-7]",3,62,4.80756,0.97,0.507692,3,0.5,1499,1264
2763,273.274,ga_tcheby_proxy,mesh9,4,6,1,"[]",0,0,0,0,0,0,0.5,1499,1265
2764,273.528,ga_tcheby_proxy,mesh9,4,3,0,"[4-3]",1,22,1.61449,0.97,0.501946,1,0.5,1500,1265
2765,273.615,ga_tcheby_proxy,mesh9,7,5,0,"[7-8-5]",2,42,3.21103,0.97,0.501946,2,0.5,1501,1265
2766,273.774,ga_tcheby_proxy,mesh9,6,4,0,"[6-3-4]",2,42,3.21103,0.97,0.49004,2,0.5,1502,1265
2767,273.799,ga_tcheby_proxy,mesh9,7,6,1,"[]",0,0,0,0,0,0,0.5,1502,1266
2768,273.845,ga_tcheby_proxy,mesh9,0,6,1,"[]",0,0,0,0,0,0,0.5,1502,1267
2769,274.445,ga_tcheby_proxy,mesh9,3,6,0,"[3-6]",1,20,1.59654,0.975,0.509579,1,0.5,1503,1267
2770,274.465,ga_tcheby_proxy,mesh9,0,7,1,"[]",0,0,0,0,0,0,0.5,1503,1268
2771,274.468,ga_tcheby_proxy,mesh9,4,8,1,"[]",0,0,0,0,0,0,0.5,1503,1269
2772,274.553,ga_tcheby_proxy,mesh9,8,6,0,"[8-7-6]",2,44,3.22898,0.97,0.485944,2,0.5,1504,1269
2773,274.704,ga_tcheby_proxy,mesh9,4,8,0,"[4-5-8]",2,42,3.21103,0.97,0.507692,2,0.5,1505,1269
2774,274.738,ga_tcheby_proxy,mesh9,5,8,1,"[]",0,0,0,0,0,0,0.5,1505,1270
2775,274.813,ga_tcheby_proxy,mesh9,2,1,0,"[2-1]",1,22,1.66458,0.939569,0.505792,1,0.5,1506,1270
2776,274.906,ga_tcheby_proxy,mesh9,6,5,0,"[6-7-8-5]",3,64,4.82552,0.97,0.503876,3,0.5,1507,1270
2777,275.041,ga_tcheby_proxy,mesh9,8,4,0,"[8-7-4]",2,42,3.21103,0.97,0.501946,2,0.5,1508,1270
2778,275.074,ga_tcheby_proxy,mesh9,5,2,1,"[]",0,0,0,0,0,0,0.5,1508,1271
2779,275.159,ga_tcheby_proxy,mesh9,3,2,0,"[3-4-1-2]",3,64,4.82552,0.97,0.503876,3,0.5,1509,1271
2780,275.223,ga_tcheby_proxy,mesh9,7,8,0,"[7-8]",1,22,1.66814,0.937474,0.505792,1,0.5,1510,1271
2781,275.468,ga_tcheby_proxy,mesh9,2,8,0,"[2-5-8]",2,40,3.19307,0.975,0.509579,2,0.5,1511,1271
2782,275.573,ga_tcheby_proxy,mesh9,7,8,0,"[7-8]",1,22,1.61449,0.97,0.507692,1,0.5,1512,1271
2783,275.934,ga_tcheby_proxy,mesh9,4,1,0,"[4-1]",1,20,1.59654,0.975,0.505792,1,0.5,1513,1271
2784,276.22,ga_tcheby_proxy,mesh9,1,0,0,"[1-0]",1,22,1.61449,0.97,0.49004,1,0.5,1514,1271
2785,276.235,ga_tcheby_proxy,mesh9,4,1,1,"[]",0,0,0,0,0,0,0.5,1514,1272
2786,276.242,ga_tcheby_proxy,mesh9,8,4,1,"[]",0,0,0,0,0,0,0.5,1514,1273
2787,276.271,ga_tcheby_proxy,mesh9,1,2,1,"[]",0,0,0,0,0,0,0.5,1514,1274
2788,276.377,ga_tcheby_proxy,mesh9,5,2,0,"[5-2]",1,20,1.59654,0.975,0.501946,1,0.5,1515,1274
2789,276.415,ga_tcheby_proxy,mesh9,1,5,1,"[]",0,0,0,0,0,0,0.5,1515,1275
2790,276.575,ga_tcheby_proxy,mesh9,2,7,0,"[2-1-4-7]",3,62,4.80756,0.97,0.507692,3,0.5,1516,1275
2791,276.737,ga_tcheby_proxy,mesh9,6,2,0,"[6-3-0-1-2]",4,84,6.42205,0.97,0.505792,4,0.5,1517,1275
2792,276.989,ga_tcheby_proxy,mesh9,5,2,0,"[5-2]",1,20,1.59654,0.975,0.503876,1,0.5,1518,1275
2793,277.024,ga_tcheby_proxy,mesh9,2,5,1,"[]",0,0,0,0,0,0,0.5,1518,1276
2794,277.049,ga_tcheby_proxy,mesh9,7,6,1,"[]",0,0,0,0,0,0,0.5,1518,1277
2795,277.101,ga_tcheby_proxy,mesh9,0,3,1,"[]",0,0,0,0,0,0,0.5,1518,1278
2796,277.138,ga_tcheby_proxy,mesh9,1,8,1,"[]",0,0,0,0,0,0,0.5,1518,1279
2797,277.658,ga_tcheby_proxy,mesh9,4,7,0,"[4-7]",1,20,1.59654,0.975,0.509579,1,0.5,1519,1279
2798,277.762,ga_tcheby_proxy,mesh9,7,5,0,"[7-4-5]",2,42,3.21103,0.97,0.507692,2,0.5,1520,1279
2799,277.773,ga_tcheby_proxy,mesh9,0,6,1,"[]",0,0,0,0,0,0,0.5,1520,1280
2800,277.936,ga_tcheby_proxy,mesh9,3,1,0,"[3-0-1]",2,42,3.21103,0.97,0.505792,2,0.5,1521,1280
2801,278.022,ga_tcheby_proxy,mesh9,3,8,0,"[3-4-5-8]",3,64,4.82552,0.97,0.51145,3,0.5,1522,1280
2802,278.085,ga_tcheby_proxy,mesh9,1,2,1,"[]",0,0,0,0,0,0,0.5,1522,1281
2803,278.117,ga_tcheby_proxy,mesh9,6,1,1,"[]",0,0,0,0,0,0,0.5,1522,1282
2804,278.136,ga_tcheby_proxy,mesh9,7,6,1,"[]",0,0,0,0,0,0,0.5,1522,1283
2805,278.212,ga_tcheby_proxy,mesh9,4,8,0,"[4-7-8]",2,42,3.21103,0.97,0.51145,2,0.5,1523,1283
2806,278.28,ga_tcheby_proxy,mesh9,1,2,0,"[1-2]",1,22,1.6497,0.948406,0.507692,1,0.5,1524,1283
2807,278.504,ga_tcheby_proxy,mesh9,1,2,0,"[1-2]",1,22,1.61449,0.97,0.509579,1,0.5,1525,1283
2808,278.634,ga_tcheby_proxy,mesh9,8,5,0,"[8-5]",1,20,1.59654,0.975,0.494071,1,0.5,1526,1283
2809,278.706,ga_tcheby_proxy,mesh9,7,6,0,"[7-6]",1,22,1.64145,0.953381,0.426009,1,0.5,1527,1283
2810,278.719,ga_tcheby_proxy,mesh9,5,6,1,"[]",0,0,0,0,0,0,0.5,1527,1284
2811,278.799,ga_tcheby_proxy,mesh9,0,3,0,"[0-3]",1,20,1.59654,0.975,0.485944,1,0.5,1528,1284
2812,278.931,ga_tcheby_proxy,mesh9,5,7,0,"[5-4-7]",2,42,3.21103,0.97,0.513308,2,0.5,1529,1284
2813,278.974,ga_tcheby_proxy,mesh9,7,0,1,"[]",0,0,0,0,0,0,0.5,1529,1285
2814,279.219,ga_tcheby_proxy,mesh9,3,8,0,"[3-6-7-8]",3,64,4.82552,0.97,0.51145,3,0.5,1530,1285
2815,279.241,ga_tcheby_proxy,mesh9,5,6,1,"[]",0,0,0,0,0,0,0.5,1530,1286
2816,279.292,ga_tcheby_proxy,mesh9,7,8,1,"[]",0,0,0,0,0,0,0.5,1530,1287
2817,279.308,ga_tcheby_proxy,mesh9,7,8,1,"[]",0,0,0,0,0,0,0.5,1530,1288
2818,279.323,ga_tcheby_proxy,mesh9,4,1,1,"[]",0,0,0,0,0,0,0.5,1530,1289
2819,279.406,ga_tcheby_proxy,mesh9,7,5,0,"[7-4-5]",2,42,3.21103,0.97,0.51145,2,0.5,1531,1289
2820,279.573,ga_tcheby_proxy,mesh9,6,5,0,"[6-7-8-5]",3,64,4.82552,0.97,0.513308,3,0.5,1532,1289
2821,279.575,ga_tcheby_proxy,mesh9,8,1,0,"[8-5-2-1]",3,62,5.00933,0.929406,0.513514,3,0.5,1533,1289
2822,279.655,ga_tcheby_proxy,mesh9,1,7,0,"[1-4-7]",2,40,3.19307,0.975,0.515152,2,0.5,1534,1289
2823,279.846,ga_tcheby_proxy,mesh9,8,0,0,"[8-7-4-1-0]",4,84,6.42205,0.97,0.507692,4,0.5,1535,1289
2824,279.855,ga_tcheby_proxy,mesh9,8,2,1,"[]",0,0,0,0,0,0,0.5,1535,1290
2825,279.89,ga_tcheby_proxy,mesh9,5,1,1,"[]",0,0,0,0,0,0,0.5,1535,1291
2826,279.962,ga_tcheby_proxy,mesh9,8,4,0,"[8-7-4]",2,42,3.32539,0.903204,0.509579,2,0.5,1536,1291
2827,280.059,ga_tcheby_proxy,mesh9,4,7,0,"[4-7]",1,20,1.59654,0.975,0.516981,1,0.5,1537,1291
2828,280.086,ga_tcheby_proxy,mesh9,6,4,1,"[]",0,0,0,0,0,0,0.5,1537,1292
2829,280.133,ga_tcheby_proxy,mesh9,8,6,1,"[]",0,0,0,0,0,0,0.5,1537,1293
2830,280.265,ga_tcheby_proxy,mesh9,8,4,0,"[8-5-4]",2,42,3.21103,0.97,0.509579,2,0.5,1538,1293
2831,280.282,ga_tcheby_proxy,mesh9,1,7,1,"[]",0,0,0,0,0,0,0.5,1538,1294
2832,280.326,ga_tcheby_proxy,mesh9,0,6,1,"[]",0,0,0,0,0,0,0.5,1538,1295
2833,280.447,ga_tcheby_proxy,mesh9,3,4,0,"[3-4]",1,22,1.61449,0.97,0.492063,1,0.5,1539,1295
2834,280.642,ga_tcheby_proxy,mesh9,8,3,0,"[8-7-6-3]",3,64,4.82552,0.97,0.494071,3,0.5,1540,1295
2835,280.647,ga_tcheby_proxy,mesh9,3,5,0,"[3-4-5]",2,44,3.45572,0.903567,0.517241,2,0.5,1541,1295
2836,280.732,ga_tcheby_proxy,mesh9,7,4,0,"[7-4]",1,20,1.59654,0.975,0.51145,1,0.5,1542,1295
2837,280.769,ga_tcheby_proxy,mesh9,7,6,1,"[]",0,0,0,0,0,0,0.5,1542,1296
2838,280.79,ga_tcheby_proxy,mesh9,0,3,1,"[]",0,0,0,0,0,0,0.5,1542,1297
2839,280.822,ga_tcheby_proxy,mesh9,4,6,1,"[]",0,0,0,0,0,0,0.5,1542,1298
2840,280.834,ga_tcheby_proxy,mesh9,5,1,1,"[]",0,0,0,0,0,0,0.5,1542,1299
2841,280.87,ga_tcheby_proxy,mesh9,6,3,1,"[]",0,0,0,0,0,0,0.5,1542,1300
2842,280.879,ga_tcheby_proxy,mesh9,3,6,1,"[]",0,0,0,0,0,0,0.5,1542,1301
2843,281.051,ga_tcheby_proxy,mesh9,2,0,0,"[2-1-0]",2,44,3.22898,0.97,0.51145,2,0.5,1543,1301
2844,281.132,ga_tcheby_proxy,mesh9,3,6,0,"[3-6]",1,20,1.59654,0.975,0.513308,1,0.5,1544,1301
2845,281.432,ga_tcheby_proxy,mesh9,3,1,0,"[3-0-1]",2,42,3.21103,0.97,0.507692,2,0.5,1545,1301
2846,281.456,ga_tcheby_proxy,mesh9,8,7,1,"[]",0,0,0,0,0,0,0.5,1545,1302
2847,281.624,ga_tcheby_proxy,mesh9,5,4,0,"[5-4]",1,22,1.61449,0.97,0.51145,1,0.5,1546,1302
2848,281.659,ga_tcheby_proxy,mesh9,1,7,1,"[]",0,0,0,0,0,0,0.5,1546,1303
2849,281.699,ga_tcheby_proxy,mesh9,6,0,1,"[]",0,0,0,0,0,0,0.5,1546,1304
2850,281.878,ga_tcheby_proxy,mesh9,8,3,0,"[8-7-6-3]",3,64,4.82552,0.97,0.496063,3,0.5,1547,1304
2851,281.989,ga_tcheby_proxy,mesh9,1,8,0,"[1-2-5-8]",3,62,4.80756,0.97,0.513308,3,0.5,1548,1304
2852,282.002,ga_tcheby_proxy,mesh9,6,4,1,"[]",0,0,0,0,0,0,0.5,1548,1305
2853,282.051,ga_tcheby_proxy,mesh9,6,1,1,"[]",0,0,0,0,0,0,0.5,1548,1306
2854,282.061,ga_tcheby_proxy,mesh9,1,5,1,"[]",0,0,0,0,0,0,0.5,1548,1307
2855,282.097,ga_tcheby_proxy,mesh9,6,1,1,"[]",0,0,0,0,0,0,0.5,1548,1308
2856,282.133,ga_tcheby_proxy,mesh9,8,2,1,"[]",0,0,0,0,0,0,0.5,1548,1309
2857,282.219,ga_tcheby_proxy,mesh9,0,1,0,"[0-1]",1,22,1.61449,0.97,0.494071,1,0.5,1549,1309
2858,282.271,ga_tcheby_proxy,mesh9,3,4,1,"[]",0,0,0,0,0,0,0.5,1549,1310
2859,282.516,ga_tcheby_proxy,mesh9,7,0,0,"[7-6-3-0]",3,62,4.80756,0.97,0.509579,3,0.5,1550,1310
2860,282.533,ga_tcheby_proxy,mesh9,0,8,1,"[]",0,0,0,0,0,0,0.5,1550,1311
2861,282.785,ga_tcheby_proxy,mesh9,7,3,0,"[7-6-3]",2,42,3.21103,0.97,0.5,2,0.5,1551,1311
2862,282.86,ga_tcheby_proxy,mesh9,3,7,0,"[3-6-7]",2,42,3.21103,0.97,0.515152,2,0.5,1552,1311
2863,282.954,ga_tcheby_proxy,mesh9,6,8,0,"[6-7-8]",2,44,3.22898,0.97,0.515152,2,0.5,1553,1311
2864,282.962,ga_tcheby_proxy,mesh9,1,8,1,"[]",0,0,0,0,0,0,0.5,1553,1312
2865,283.184,ga_tcheby_proxy,mesh9,6,4,0,"[6-3-4]",2,42,3.21103,0.97,0.501946,2,0.5,1554,1312
2866,283.188,ga_tcheby_proxy,mesh9,8,5,0,"[8-5]",1,20,1.71558,0.905075,0.507874,1,0.5,1555,1312
2867,283.225,ga_tcheby_proxy,mesh9,1,5,1,"[]",0,0,0,0,0,0,0.5,1555,1313
2868,283.322,ga_tcheby_proxy,mesh9,0,6,0,"[0-3-6]",2,40,3.19307,0.975,0.516981,2,0.5,1556,1313
2869,283.409,ga_tcheby_proxy,mesh9,2,8,0,"[2-5-8]",2,40,3.19307,0.975,0.515152,2,0.5,1557,1313
2870,283.444,ga_tcheby_proxy,mesh9,2,3,1,"[]",0,0,0,0,0,0,0.5,1557,1314
2871,283.503,ga_tcheby_proxy,mesh9,4,1,0,"[4-1]",1,20,1.71005,0.908004,0.509579,1,0.5,1558,1314
2872,283.574,ga_tcheby_proxy,mesh9,4,1,0,"[4-1]",1,20,1.59654,0.975,0.51145,1,0.5,1559,1314
2873,283.827,ga_tcheby_proxy,mesh9,8,3,0,"[8-7-6-3]",3,64,4.82552,0.97,0.503876,3,0.5,1560,1314
2874,284.02,ga_tcheby_proxy,mesh9,5,6,0,"[5-8-7-6]",3,64,4.82552,0.97,0.516981,3,0.5,1561,1314
2875,284.284,ga_tcheby_proxy,mesh9,7,4,0,"[7-4]",1,20,1.59654,0.975,0.513308,1,0.5,1562,1314
2876,284.494,ga_tcheby_proxy,mesh9,7,8,0,"[7-8]",1,22,1.61449,0.97,0.516981,1,0.5,1563,1314
2877,284.795,ga_tcheby_proxy,mesh9,6,7,0,"[6-7]",1,22,1.61449,0.97,0.51145,1,0.5,1564,1314
2878,284.875,ga_tcheby_proxy,mesh9,5,2,0,"[5-2]",1,20,1.59654,0.975,0.507692,1,0.5,1565,1314
2879,285.021,ga_tcheby_proxy,mesh9,4,2,0,"[4-1-2]",2,42,3.21103,0.97,0.513308,2,0.5,1566,1314
2880,285.028,ga_tcheby_proxy,mesh9,7,0,1,"[]",0,0,0,0,0,0,0.5,1566,1315
2881,285.209,ga_tcheby_proxy,mesh9,5,7,0,"[5-8-7]",2,42,3.21103,0.97,0.518797,2,0.5,1567,1315
2882,285.218,ga_tcheby_proxy,mesh9,3,8,1,"[]",0,0,0,0,0,0,0.5,1567,1316
2883,285.357,ga_tcheby_proxy,mesh9,3,6,0,"[3-6]",1,20,1.59654,0.975,0.518797,1,0.5,1568,1316
2884,285.571,ga_tcheby_proxy,mesh9,1,0,0,"[1-0]",1,22,1.61449,0.97,0.496063,1,0.5,1569,1316
2885,285.659,ga_tcheby_proxy,mesh9,2,6,0,"[2-5-4-7-6]",4,84,6.42205,0.97,0.518797,4,0.5,1570,1316
2886,285.938,ga_tcheby_proxy,mesh9,2,0,0,"[2-1-0]",2,44,3.22898,0.97,0.513308,2,0.5,1571,1316
2887,286.186,ga_tcheby_proxy,mesh9,0,5,0,"[0-3-4-5]",3,64,4.82552,0.97,0.515152,3,0.5,1572,1316
2888,286.204,ga_tcheby_proxy,mesh9,7,4,1,"[]",0,0,0,0,0,0,0.5,1572,1317
2889,286.231,ga_tcheby_proxy,mesh9,4,3,1,"[]",0,0,0,0,0,0,0.5,1572,1318
2890,286.342,ga_tcheby_proxy,mesh9,6,0,0,"[6-3-0]",2,40,3.19307,0.975,0.51145,2,0.5,1573,1318
2891,286.655,ga_tcheby_proxy,mesh9,2,5,0,"[2-5]",1,20,1.59654,0.975,0.503876,1,0.5,1574,1318
2892,286.696,ga_tcheby_proxy,mesh9,6,4,1,"[]",0,0,0,0,0,0,0.5,1574,1319
2893,286.742,ga_tcheby_proxy,mesh9,5,1,1,"[]",0,0,0,0,0,0,0.5,1574,1320
2894,286.758,ga_tcheby_proxy,mesh9,8,2,1,"[]",0,0,0,0,0,0,0.5,1574,1321
2895,286.848,ga_tcheby_proxy,mesh9,3,8,0,"[3-6-7-8]",3,64,4.82552,0.97,0.520599,3,0.5,1575,1321
2896,286.879,ga_tcheby_proxy,mesh9,5,1,1,"[]",0,0,0,0,0,0,0.5,1575,1322
2897,287.081,ga_tcheby_proxy,mesh9,0,5,0,"[0-1-2-5]",3,64,4.82552,0.97,0.515152,3,0.5,1576,1322
2898,287.089,ga_tcheby_proxy,mesh9,4,0,1,"[]",0,0,0,0,0,0,0.5,1576,1323
2899,287.147,ga_tcheby_proxy,mesh9,3,5,1,"[]",0,0,0,0,0,0,0.5,1576,1324
2900,287.378,ga_tcheby_proxy,mesh9,1,2,0,"[1-2]",1,22,1.61449,0.97,0.516981,1,0.5,1577,1324
2901,287.425,ga_tcheby_proxy,mesh9,8,1,1,"[]",0,0,0,0,0,0,0.5,1577,1325
2902,287.62,ga_tcheby_proxy,mesh9,8,2,0,"[8-5-2]",2,40,3.19307,0.975,0.509579,2,0.5,1578,1325
2903,287.626,ga_tcheby_proxy,mesh9,2,6,1,"[]",0,0,0,0,0,0,0.5,1578,1326
2904,287.65,ga_tcheby_proxy,mesh9,6,3,1,"[]",0,0,0,0,0,0,0.5,1578,1327
2905,287.683,ga_tcheby_proxy,mesh9,5,1,1,"[]",0,0,0,0,0,0,0.5,1578,1328
2906,287.811,ga_tcheby_proxy,mesh9,8,2,0,"[8-5-2]",2,40,3.19307,0.975,0.51145,2,0.5,1579,1328
2907,287.833,ga_tcheby_proxy,mesh9,4,6,1,"[]",0,0,0,0,0,0,0.5,1579,1329
2908,287.843,ga_tcheby_proxy,mesh9,3,0,1,"[]",0,0,0,0,0,0,0.5,1579,1330
2909,287.851,ga_tcheby_proxy,mesh9,1,2,1,"[]",0,0,0,0,0,0,0.5,1579,1331
2910,287.909,ga_tcheby_proxy,mesh9,4,5,0,"[4-5]",1,22,1.7306,0.902861,0.550201,1,0.5,1580,1331
2911,288.106,ga_tcheby_proxy,mesh9,8,1,0,"[8-5-2-1]",3,62,4.80756,0.97,0.515152,3,0.5,1581,1331
2912,288.129,ga_tcheby_proxy,mesh9,7,6,1,"[]",0,0,0,0,0,0,0.5,1581,1332
2913,288.185,ga_tcheby_proxy,mesh9,8,6,1,"[]",0,0,0,0,0,0,0.5,1581,1333
2914,288.22,ga_tcheby_proxy,mesh9,6,1,1,"[]",0,0,0,0,0,0,0.5,1581,1334
2915,288.248,ga_tcheby_proxy,mesh9,5,7,1,"[]",0,0,0,0,0,0,0.5,1581,1335
2916,288.462,ga_tcheby_proxy,mesh9,5,1,0,"[5-4-1]",2,42,3.21103,0.97,0.515152,2,0.5,1582,1335
2917,288.472,ga_tcheby_proxy,mesh9,4,2,1,"[]",0,0,0,0,0,0,0.5,1582,1336
2918,288.524,ga_tcheby_proxy,mesh9,2,6,1,"[]",0,0,0,0,0,0,0.5,1582,1337
2919,288.537,ga_tcheby_proxy,mesh9,8,2,1,"[]",0,0,0,0,0,0,0.5,1582,1338
2920,288.652,ga_tcheby_proxy,mesh9,5,0,0,"[5-2-1-0]",3,64,4.82552,0.97,0.516981,3,0.5,1583,1338
2921,288.655,ga_tcheby_proxy,mesh9,1,6,0,"[1-0-3-6]",3,62,5.00076,0.931111,0.522388,3,0.5,1584,1338
2922,289.015,ga_tcheby_proxy,mesh9,5,0,0,"[5-4-1-0]",3,64,4.82552,0.97,0.516981,3,0.5,1585,1338
2923,289.126,ga_tcheby_proxy,mesh9,1,8,0,"[1-4-5-8]",3,62,4.80756,0.97,0.520599,3,0.5,1586,1338
2924,289.22,ga_tcheby_proxy,mesh9,5,6,0,"[5-4-7-6]",3,64,4.82552,0.97,0.520599,3,0.5,1587,1338
2925,289.72,ga_tcheby_proxy,mesh9,0,5,0,"[0-1-2-5]",3,64,4.82552,0.97,0.518797,3,0.5,1588,1338
2926,289.816,ga_tcheby_proxy,mesh9,1,0,0,"[1-0]",1,22,1.61449,0.97,0.505792,1,0.5,1589,1338
2927,289.91,ga_tcheby_proxy,mesh9,2,4,0,"[2-1-4]",2,42,3.21103,0.97,0.518797,2,0.5,1590,1338
2928,289.984,ga_tcheby_proxy,mesh9,6,8,0,"[6-7-8]",2,44,3.22898,0.97,0.520599,2,0.5,1591,1338
2929,290.032,ga_tcheby_proxy,mesh9,8,1,1,"[]",0,0,0,0,0,0,0.5,1591,1339
2930,290.059,ga_tcheby_proxy,mesh9,0,3,1,"[]",0,0,0,0,0,0,0.5,1591,1340
2931,290.067,ga_tcheby_proxy,mesh9,2,8,1,"[]",0,0,0,0,0,0,0.5,1591,1341
2932,290.289,ga_tcheby_proxy,mesh9,7,0,0,"[7-6-3-0]",3,62,4.80756,0.97,0.513308,3,0.5,1592,1341
2933,290.398,ga_tcheby_proxy,mesh9,2,1,0,"[2-1]",1,22,1.61449,0.97,0.520599,1,0.5,1593,1341
2934,290.452,ga_tcheby_proxy,mesh9,1,2,1,"[]",0,0,0,0,0,0,0.5,1593,1342
2935,290.484,ga_tcheby_proxy,mesh9,4,0,1,"[]",0,0,0,0,0,0,0.5,1593,1343
2936,290.775,ga_tcheby_proxy,mesh9,2,6,0,"[2-1-4-7-6]",4,84,6.42205,0.97,0.522388,4,0.5,1594,1343
2937,290.937,ga_tcheby_proxy,mesh9,6,3,0,"[6-3]",1,20,1.59654,0.975,0.509579,1,0.5,1595,1343
2938,290.943,ga_tcheby_proxy,mesh9,1,5,1,"[]",0,0,0,0,0,0,0.5,1595,1344
2939,291.056,ga_tcheby_proxy,mesh9,0,3,0,"[0-3]",1,20,1.59654,0.975,0.494071,1,0.5,1596,1344
2940,291.057,ga_tcheby_proxy,mesh9,5,0,0,"[5-4-3-0]",3,64,4.85267,0.96436,0.520599,3,0.5,1597,1344
2941,291.06,ga_tcheby_proxy,mesh9,4,2,0,"[4-5-2]",2,42,3.40535,0.912518,0.520599,2,0.5,1598,1344
2942,291.1,ga_tcheby_proxy,mesh9,3,1,1,"[]",0,0,0,0,0,0,0.5,1598,1345
2943,291.308,ga_tcheby_proxy,mesh9,5,3,0,"[5-4-3]",2,44,3.22898,0.97,0.522388,2,0.5,1599,1345
2944,291.644,ga_tcheby_proxy,mesh9,2,5,0,"[2-5]",1,20,1.59654,0.975,0.509579,1,0.5,1600,1345
2945,291.702,ga_tcheby_proxy,mesh9,8,6,1,"[]",0,0,0,0,0,0,0.5,1600,1346
2946,291.733,ga_tcheby_proxy,mesh9,1,6,1,"[]",0,0,0,0,0,0,0.5,1600,1347
2947,292.173,ga_tcheby_proxy,mesh9,8,4,0,"[8-7-4]",2,42,3.21103,0.97,0.515152,2,0.5,1601,1347
2948,292.254,ga_tcheby_proxy,mesh9,7,8,0,"[7-8]",1,22,1.61449,0.97,0.522388,1,0.5,1602,1347
2949,292.359,ga_tcheby_proxy,mesh9,1,2,0,"[1-2]",1,22,1.61449,0.97,0.520599,1,0.5,1603,1347
2950,292.492,ga_tcheby_proxy,mesh9,7,2,0,"[7-4-1-2]",3,62,4.80756,0.97,0.522388,3,0.5,1604,1347
2951,292.674,ga_tcheby_proxy,mesh9,0,5,0,"[0-1-4-5]",3,64,4.82552,0.97,0.522388,3,0.5,1605,1347
2952,292.765,ga_tcheby_proxy,mesh9,3,6,0,"[3-6]",1,20,1.59654,0.975,0.524164,1,0.5,1606,1347
2953,293.07,ga_tcheby_proxy,mesh9,5,3,0,"[5-4-3]",2,44,3.22898,0.97,0.524164,2,0.5,1607,1347
2954,293.166,ga_tcheby_proxy,mesh9,6,5,0,"[6-3-4-5]",3,64,4.82552,0.97,0.524164,3,0.5,1608,1347
2955,293.223,ga_tcheby_proxy,mesh9,6,3,1,"[]",0,0,0,0,0,0,0.5,1608,1348
2956,293.322,ga_tcheby_proxy,mesh9,0,5,0,"[0-1-2-5]",3,64,4.82552,0.97,0.524164,3,0.5,1609,1348
2957,293.335,ga_tcheby_proxy,mesh9,4,0,1,"[]",0,0,0,0,0,0,0.5,1609,1349
2958,293.356,ga_tcheby_proxy,mesh9,4,7,1,"[]",0,0,0,0,0,0,0.5,1609,1350
2959,293.631,ga_tcheby_proxy,mesh9,7,1,0,"[7-4-1]",2,40,3.19307,0.975,0.520599,2,0.5,1610,1350
2960,293.649,ga_tcheby_proxy,mesh9,7,5,1,"[]",0,0,0,0,0,0,0.5,1610,1351
2961,293.662,ga_tcheby_proxy,mesh9,2,7,1,"[]",0,0,0,0,0,0,0.5,1610,1352
2962,293.686,ga_tcheby_proxy,mesh9,0,4,1,"[]",0,0,0,0,0,0,0.5,1610,1353
2963,293.712,ga_tcheby_proxy,mesh9,4,1,1,"[]",0,0,0,0,0,0,0.5,1610,1354
2964,293.756,ga_tcheby_proxy,mesh9,8,0,1,"[]",0,0,0,0,0,0,0.5,1610,1355
2965,294.393,ga_tcheby_proxy,mesh9,8,4,0,"[8-7-4]",2,42,3.21103,0.97,0.520599,2,0.5,1611,1355
2966,294.462,ga_tcheby_proxy,mesh9,3,2,0,"[3-6-7-4-5-2]",5,104,8.15331,0.921404,0.525926,5,0.5,1612,1355
2967,294.495,ga_tcheby_proxy,mesh9,7,8,1,"[]",0,0,0,0,0,0,0.5,1612,1356
2968,294.723,ga_tcheby_proxy,mesh9,1,6,0,"[1-4-7-6]",3,62,4.80756,0.97,0.524164,3,0.5,1613,1356
2969,295.043,ga_tcheby_proxy,mesh9,0,7,0,"[0-1-4-7]",3,62,4.80756,0.97,0.525926,3,0.5,1614,1356
2970,295.232,ga_tcheby_proxy,mesh9,7,5,0,"[7-8-5]",2,42,3.21103,0.97,0.524164,2,0.5,1615,1356
2971,295.234,ga_tcheby_proxy,mesh9,5,0,0,"[5-2-1-0]",3,64,5.05441,0.924255,0.52809,3,0.5,1616,1356
2972,295.245,ga_tcheby_proxy,mesh9,1,5,1,"[]",0,0,0,0,0,0,0.5,1616,1357
2973,295.462,ga_tcheby_proxy,mesh9,1,8,0,"[1-2-5-8]",3,62,4.80756,0.97,0.525926,3,0.5,1617,1357
2974,295.689,ga_tcheby_proxy,mesh9,8,1,0,"[8-7-4-1]",3,62,4.80756,0.97,0.524164,3,0.5,1618,1357
2975,295.79,ga_tcheby_proxy,mesh9,2,0,0,"[2-1-0]",2,44,3.22898,0.97,0.525926,2,0.5,1619,1357
2976,295.851,ga_tcheby_proxy,mesh9,4,5,1,"[]",0,0,0,0,0,0,0.5,1619,1358
2977,295.852,ga_tcheby_proxy,mesh9,8,7,1,"[]",0,0,0,0,0,0,0.5,1619,1359
2978,295.947,ga_tcheby_proxy,mesh9,6,1,0,"[6-3-0-1]",3,62,4.80756,0.97,0.516981,3,0.5,1620,1359
2979,295.95,ga_tcheby_proxy,mesh9,6,4,0,"[6-3-4]",2,42,3.35989,0.925428,0.521073,2,0.5,1621,1359
2980,295.962,ga_tcheby_proxy,mesh9,7,1,1,"[]",0,0,0,0,0,0,0.5,1621,1360
2981,295.97,ga_tcheby_proxy,mesh9,0,4,1,"[]",0,0,0,0,0,0,0.5,1621,1361
2982,296,ga_tcheby_proxy,mesh9,6,3,1,"[]",0,0,0,0,0,0,0.5,1621,1362
2983,296.184,ga_tcheby_proxy,mesh9,3,0,0,"[3-0]",1,20,1.59654,0.975,0.518797,1,0.5,1622,1362
2984,296.246,ga_tcheby_proxy,mesh9,1,7,1,"[]",0,0,0,0,0,0,0.5,1622,1363
2985,296.276,ga_tcheby_proxy,mesh9,5,6,1,"[]",0,0,0,0,0,0,0.5,1622,1364
2986,296.456,ga_tcheby_proxy,mesh9,4,8,0,"[4-5-8]",2,42,3.21103,0.97,0.527675,2,0.5,1623,1364
2987,296.522,ga_tcheby_proxy,mesh9,4,6,0,"[4-3-6]",2,42,3.21103,0.97,0.527675,2,0.5,1624,1364
2988,296.624,ga_tcheby_proxy,mesh9,7,1,0,"[7-4-1]",2,40,3.19307,0.975,0.525926,2,0.5,1625,1364
2989,296.656,ga_tcheby_proxy,mesh9,8,6,1,"[]",0,0,0,0,0,0,0.5,1625,1365
2990,296.805,ga_tcheby_proxy,mesh9,1,8,0,"[1-2-5-8]",3,62,4.80756,0.97,0.527675,3,0.5,1626,1365
2991,296.833,ga_tcheby_proxy,mesh9,2,5,1,"[]",0,0,0,0,0,0,0.5,1626,1366
2992,296.905,ga_tcheby_proxy,mesh9,7,2,0,"[7-4-1-2]",3,62,4.80756,0.97,0.529412,3,0.5,1627,1366
2993,296.943,ga_tcheby_proxy,mesh9,3,6,1,"[]",0,0,0,0,0,0,0.5,1627,1367
2994,296.961,ga_tcheby_proxy,mesh9,8,1,1,"[]",0,0,0,0,0,0,0.5,1627,1368
2995,296.983,ga_tcheby_proxy,mesh9,7,3,1,"[]",0,0,0,0,0,0,0.5,1627,1369
2996,297.047,ga_tcheby_proxy,mesh9,2,1,0,"[2-5-4-1]",3,62,5.10604,0.900011,0.527675,3,0.5,1628,1369
2997,297.094,ga_tcheby_proxy,mesh9,0,8,1,"[]",0,0,0,0,0,0,0.5,1628,1370
2998,297.311,ga_tcheby_proxy,mesh9,0,6,0,"[0-3-6]",2,40,3.19307,0.975,0.529412,2,0.5,1629,1370
2999,297.381,ga_tcheby_proxy,mesh9,5,0,1,"[]",0,0,0,0,0,0,0.5,1629,1371
3000,297.739,ga_tcheby_proxy,mesh9,2,0,0,"[2-1-0]",2,44,3.22898,0.97,0.527675,2,0.5,1630,1371
3001,297.81,ga_tcheby_proxy,mesh9,7,2,0,"[7-4-1-2]",3,62,4.80756,0.97,0.531136,3,0.5,1631,1371
3002,297.894,ga_tcheby_proxy,mesh9,6,2,0,"[6-7-8-5-2]",4,84,6.42205,0.97,0.525926,4,0.5,1632,1371
3003,297.967,ga_tcheby_proxy,mesh9,2,0,0,"[2-1-0]",2,44,3.22898,0.97,0.529412,2,0.5,1633,1371
3004,298.012,ga_tcheby_proxy,mesh9,4,0,1,"[]",0,0,0,0,0,0,0.5,1633,1372
3005,298.081,ga_tcheby_proxy,mesh9,1,5,0,"[1-4-5]",2,42,3.21103,0.97,0.529412,2,0.5,1634,1372
3006,298.154,ga_tcheby_proxy,mesh9,1,8,0,"[1-4-5-8]",3,62,4.80756,0.97,0.531136,3,0.5,1635,1372
3007,298.211,ga_tcheby_proxy,mesh9,1,2,1,"[]",0,0,0,0,0,0,0.5,1635,1373
3008,298.305,ga_tcheby_proxy,mesh9,3,4,0,"[3-4]",1,22,1.61449,0.97,0.503876,1,0.5,1636,1373
3009,298.314,ga_tcheby_proxy,mesh9,0,6,1,"[]",0,0,0,0,0,0,0.5,1636,1374
3010,298.368,ga_tcheby_proxy,mesh9,3,7,1,"[]",0,0,0,0,0,0,0.5,1636,1375
3011,298.533,ga_tcheby_proxy,mesh9,1,8,0,"[1-4-7-8]",3,62,4.80756,0.97,0.527675,3,0.5,1637,1375
3012,298.692,ga_tcheby_proxy,mesh9,8,5,0,"[8-5]",1,20,1.59654,0.975,0.513308,1,0.5,1638,1375
3013,298.726,ga_tcheby_proxy,mesh9,4,8,1,"[]",0,0,0,0,0,0,0.5,1638,1376
3014,298.742,ga_tcheby_proxy,mesh9,2,4,1,"[]",0,0,0,0,0,0,0.5,1638,1377
3015,298.952,ga_tcheby_proxy,mesh9,6,5,0,"[6-7-8-5]",3,64,4.82552,0.97,0.529412,3,0.5,1639,1377
3016,299.013,ga_tcheby_proxy,mesh9,0,4,1,"[]",0,0,0,0,0,0,0.5,1639,1378
3017,299.182,ga_tcheby_proxy,mesh9,4,1,0,"[4-1]",1,20,1.59654,0.975,0.531136,1,0.5,1640,1378
3018,299.223,ga_tcheby_proxy,mesh9,0,3,1,"[]",0,0,0,0,0,0,0.5,1640,1379
3019,299.354,ga_tcheby_proxy,mesh9,5,0,0,"[5-4-3-0]",3,64,4.82552,0.97,0.527675,3,0.5,1641,1379
3020,299.375,ga_tcheby_proxy,mesh9,0,8,1,"[]",0,0,0,0,0,0,0.5,1641,1380
3021,299.677,ga_tcheby_proxy,mesh9,4,1,0,"[4-1]",1,20,1.59654,0.975,0.532847,1,0.5,1642,1380
3022,299.878,ga_tcheby_proxy,mesh9,5,0,0,"[5-4-3-0]",3,64,4.82552,0.97,0.529412,3,0.5,1643,1380
3023,300.202,ga_tcheby_proxy,mesh9,1,2,0,"[1-2]",1,22,1.61449,0.97,0.532847,1,0.5,1644,1380
3024,300.229,ga_tcheby_proxy,mesh9,4,0,1,"[]",0,0,0,0,0,0,0.5,1644,1381
3025,300.243,ga_tcheby_proxy,mesh9,7,3,1,"[]",0,0,0,0,0,0,0.5,1644,1382
3026,300.31,ga_tcheby_proxy,mesh9,6,1,0,"[6-3-4-1]",3,62,4.83669,0.952067,0.534545,3,0.5,1645,1382
3027,300.329,ga_tcheby_proxy,mesh9,8,0,1,"[]",0,0,0,0,0,0,0.5,1645,1383
3028,300.389,ga_tcheby_proxy,mesh9,0,4,1,"[]",0,0,0,0,0,0,0.5,1645,1384
3029,300.54,ga_tcheby_proxy,mesh9,0,3,0,"[0-3]",1,20,1.59654,0.975,0.498039,1,0.5,1646,1384
3030,300.647,ga_tcheby_proxy,mesh9,0,3,0,"[0-3]",1,20,1.59654,0.975,0.5,1,0.5,1647,1384
3031,300.678,ga_tcheby_proxy,mesh9,0,1,1,"[]",0,0,0,0,0,0,0.5,1647,1385
3032,300.735,ga_tcheby_proxy,mesh9,2,5,1,"[]",0,0,0,0,0,0,0.5,1647,1386
3033,300.804,ga_tcheby_proxy,mesh9,5,3,0,"[5-4-3]",2,44,3.3483,0.900515,0.531136,2,0.5,1648,1386
3034,300.928,ga_tcheby_proxy,mesh9,2,6,0,"[2-5-8-7-6]",4,84,6.42205,0.97,0.529412,4,0.5,1649,1386
3035,300.99,ga_tcheby_proxy,mesh9,1,8,1,"[]",0,0,0,0,0,0,0.5,1649,1387
3036,301.05,ga_tcheby_proxy,mesh9,0,1,0,"[0-3-6-7-4-1]",5,102,8.36615,0.901106,0.536232,5,0.5,1650,1387
3037,301.075,ga_tcheby_proxy,mesh9,4,6,1,"[]",0,0,0,0,0,0,0.5,1650,1388
3038,301.117,ga_tcheby_proxy,mesh9,5,4,1,"[]",0,0,0,0,0,0,0.5,1650,1389
3039,301.182,ga_tcheby_proxy,mesh9,1,0,1,"[]",0,0,0,0,0,0,0.5,1650,1390
3040,301.403,ga_tcheby_proxy,mesh9,5,3,0,"[5-4-3]",2,44,3.22898,0.97,0.532847,2,0.5,1651,1390
3041,301.581,ga_tcheby_proxy,mesh9,1,6,0,"[1-4-7-6]",3,62,4.80756,0.97,0.529412,3,0.5,1652,1390
3042,301.614,ga_tcheby_proxy,mesh9,2,3,1,"[]",0,0,0,0,0,0,0.5,1652,1391
3043,301.754,ga_tcheby_proxy,mesh9,6,7,0,"[6-7]",1,22,1.61449,0.97,0.524164,1,0.5,1653,1391
3044,301.84,ga_tcheby_proxy,mesh9,2,0,0,"[2-1-0]",2,44,3.22898,0.97,0.531136,2,0.5,1654,1391
3045,301.873,ga_tcheby_proxy,mesh9,8,4,1,"[]",0,0,0,0,0,0,0.5,1654,1392
3046,302.113,ga_tcheby_proxy,mesh9,4,5,0,"[4-5]",1,22,1.61449,0.97,0.532847,1,0.5,1655,1392
3047,302.118,ga_tcheby_proxy,mesh9,3,7,1,"[]",0,0,0,0,0,0,0.5,1655,1393
3048,302.127,ga_tcheby_proxy,mesh9,7,5,1,"[]",0,0,0,0,0,0,0.5,1655,1394
3049,302.439,ga_tcheby_proxy,mesh9,7,8,0,"[7-8]",1,22,1.61449,0.97,0.531136,1,0.5,1656,1394
3050,302.646,ga_tcheby_proxy,mesh9,8,7,0,"[8-7]",1,22,1.61449,0.97,0.51145,1,0.5,1657,1394
3051,302.659,ga_tcheby_proxy,mesh9,0,6,1,"[]",0,0,0,0,0,0,0.5,1657,1395
3052,302.675,ga_tcheby_proxy,mesh9,0,4,1,"[]",0,0,0,0,0,0,0.5,1657,1396
3053,302.742,ga_tcheby_proxy,mesh9,6,8,1,"[]",0,0,0,0,0,0,0.5,1657,1397
3054,302.784,ga_tcheby_proxy,mesh9,2,5,1,"[]",0,0,0,0,0,0,0.5,1657,1398
3055,302.789,ga_tcheby_proxy,mesh9,7,4,1,"[]",0,0,0,0,0,0,0.5,1657,1399
3056,302.794,ga_tcheby_proxy,mesh9,0,8,1,"[]",0,0,0,0,0,0,0.5,1657,1400
3057,302.987,ga_tcheby_proxy,mesh9,0,3,0,"[0-3]",1,20,1.59654,0.975,0.503876,1,0.5,1658,1400
3058,303.001,ga_tcheby_proxy,mesh9,6,0,1,"[]",0,0,0,0,0,0,0.5,1658,1401
3059,303.039,ga_tcheby_proxy,mesh9,4,3,1,"[]",0,0,0,0,0,0,0.5,1658,1402
3060,303.04,ga_tcheby_proxy,mesh9,6,0,1,"[]",0,0,0,0,0,0,0.5,1658,1403
3061,303.051,ga_tcheby_proxy,mesh9,4,2,1,"[]",0,0,0,0,0,0,0.5,1658,1404
3062,303.082,ga_tcheby_proxy,mesh9,6,0,1,"[]",0,0,0,0,0,0,0.5,1658,1405
3063,303.082,ga_tcheby_proxy,mesh9,4,7,1,"[]",0,0,0,0,0,0,0.5,1658,1406
3064,303.083,ga_tcheby_proxy,mesh9,5,0,1,"[]",0,0,0,0,0,0,0.5,1658,1407
3065,303.17,ga_tcheby_proxy,mesh9,2,4,0,"[2-1-4]",2,42,3.21103,0.97,0.532847,2,0.5,1659,1407
3066,303.274,ga_tcheby_proxy,mesh9,8,0,0,"[8-7-6-3-0]",4,84,6.42205,0.97,0.524164,4,0.5,1660,1407
3067,303.369,ga_tcheby_proxy,mesh9,1,2,0,"[1-2]",1,22,1.61449,0.97,0.534545,1,0.5,1661,1407
3068,303.479,ga_tcheby_proxy,mesh9,2,3,0,"[2-1-4-3]",3,64,4.82552,0.97,0.534545,3,0.5,1662,1407
3069,303.67,ga_tcheby_proxy,mesh9,7,1,0,"[7-4-1]",2,40,3.19307,0.975,0.537906,2,0.5,1663,1407
3070,303.733,ga_tcheby_proxy,mesh9,3,6,1,"[]",0,0,0,0,0,0,0.5,1663,1408
3071,303.91,ga_tcheby_proxy,mesh9,4,7,0,"[4-7]",1,20,1.59654,0.975,0.531136,1,0.5,1664,1408
3072,303.931,ga_tcheby_proxy,mesh9,3,7,1,"[]",0,0,0,0,0,0,0.5,1664,1409
3073,304.194,ga_tcheby_proxy,mesh9,0,2,0,"[0-1-2]",2,44,3.22898,0.97,0.536232,2,0.5,1665,1409
3074,304.244,ga_tcheby_proxy,mesh9,5,0,1,"[]",0,0,0,0,0,0,0.5,1665,1410
3075,304.379,ga_tcheby_proxy,mesh9,6,2,0,"[6-7-8-5-2]",4,84,6.42205,0.97,0.532847,4,0.5,1666,1410
3076,304.57,ga_tcheby_proxy,mesh9,8,7,0,"[8-7]",1,22,1.61449,0.97,0.515152,1,0.5,1667,1410
3077,304.666,ga_tcheby_proxy,mesh9,1,7,0,"[1-4-7]",2,40,3.19307,0.975,0.532847,2,0.5,1668,1410
3078,304.929,ga_tcheby_proxy,mesh9,8,1,0,"[8-5-2-1]",3,62,4.80756,0.97,0.536232,3,0.5,1669,1410
3079,304.947,ga_tcheby_proxy,mesh9,5,2,1,"[]",0,0,0,0,0,0,0.5,1669,1411
3080,305.041,ga_tcheby_proxy,mesh9,6,3,0,"[6-3]",1,20,1.59654,0.975,0.520599,1,0.5,1670,1411
3081,305.178,ga_tcheby_proxy,mesh9,3,4,0,"[3-4]",1,22,1.61449,0.97,0.507692,1,0.5,1671,1411
3082,305.223,ga_tcheby_proxy,mesh9,5,4,1,"[]",0,0,0,0,0,0,0.5,1671,1412
3083,305.507,ga_tcheby_proxy,mesh9,2,1,0,"[2-1]",1,22,1.61449,0.97,0.537906,1,0.5,1672,1412
3084,305.531,ga_tcheby_proxy,mesh9,3,8,1,"[]",0,0,0,0,0,0,0.5,1672,1413
3085,305.535,ga_tcheby_proxy,mesh9,7,5,1,"[]",0,0,0,0,0,0,0.5,1672,1414
3086,305.68,ga_tcheby_proxy,mesh9,3,2,0,"[3-4-5-2]",3,64,4.82552,0.97,0.534545,3,0.5,1673,1414
3087,305.69,ga_tcheby_proxy,mesh9,1,0,1,"[]",0,0,0,0,0,0,0.5,1673,1415
3088,305.883,ga_tcheby_proxy,mesh9,3,5,0,"[3-4-5]",2,44,3.22898,0.97,0.536232,2,0.5,1674,1415
3089,305.903,ga_tcheby_proxy,mesh9,4,3,1,"[]",0,0,0,0,0,0,0.5,1674,1416
3090,305.921,ga_tcheby_proxy,mesh9,6,7,1,"[]",0,0,0,0,0,0,0.5,1674,1417
3091,305.937,ga_tcheby_proxy,mesh9,8,7,1,"[]",0,0,0,0,0,0,0.5,1674,1418
3092,306.031,ga_tcheby_proxy,mesh9,7,1,0,"[7-4-1]",2,40,3.19307,0.975,0.539568,2,0.5,1675,1418
3093,306.131,ga_tcheby_proxy,mesh9,3,6,0,"[3-6]",1,20,1.59654,0.975,0.532847,1,0.5,1676,1418
3094,306.148,ga_tcheby_proxy,mesh9,0,8,1,"[]",0,0,0,0,0,0,0.5,1676,1419
3095,306.233,ga_tcheby_proxy,mesh9,8,1,0,"[8-5-2-1]",3,62,4.80756,0.97,0.539568,3,0.5,1677,1419
3096,306.24,ga_tcheby_proxy,mesh9,7,8,1,"[]",0,0,0,0,0,0,0.5,1677,1420
3097,306.242,ga_tcheby_proxy,mesh9,3,7,1,"[]",0,0,0,0,0,0,0.5,1677,1421
3098,306.249,ga_tcheby_proxy,mesh9,1,7,1,"[]",0,0,0,0,0,0,0.5,1677,1422
3099,306.251,ga_tcheby_proxy,mesh9,3,5,1,"[]",0,0,0,0,0,0,0.5,1677,1423
3100,306.299,ga_tcheby_proxy,mesh9,0,7,1,"[]",0,0,0,0,0,0,0.5,1677,1424
3101,306.346,ga_tcheby_proxy,mesh9,6,3,1,"[]",0,0,0,0,0,0,0.5,1677,1425
3102,306.451,ga_tcheby_proxy,mesh9,3,4,0,"[3-4]",1,22,1.61449,0.97,0.513308,1,0.5,1678,1425
3103,306.529,ga_tcheby_proxy,mesh9,4,7,0,"[4-7]",1,20,1.59654,0.975,0.534545,1,0.5,1679,1425
3104,306.635,ga_tcheby_proxy,mesh9,2,8,0,"[2-5-8]",2,40,3.19307,0.975,0.531136,2,0.5,1680,1425
3105,306.766,ga_tcheby_proxy,mesh9,2,1,0,"[2-1]",1,22,1.61449,0.97,0.541219,1,0.5,1681,1425
3106,306.8,ga_tcheby_proxy,mesh9,0,1,1,"[]",0,0,0,0,0,0,0.5,1681,1426
3107,306.843,ga_tcheby_proxy,mesh9,5,6,1,"[]",0,0,0,0,0,0,0.5,1681,1427
3108,307.074,ga_tcheby_proxy,mesh9,8,7,0,"[8-7]",1,22,1.61449,0.97,0.516981,1,0.5,1682,1427
3109,307.092,ga_tcheby_proxy,mesh9,5,6,1,"[]",0,0,0,0,0,0,0.5,1682,1428
3110,307.125,ga_tcheby_proxy,mesh9,2,4,1,"[]",0,0,0,0,0,0,0.5,1682,1429
3111,307.33,ga_tcheby_proxy,mesh9,7,3,0,"[7-6-3]",2,42,3.21103,0.97,0.522388,2,0.5,1683,1429
3112,307.344,ga_tcheby_proxy,mesh9,6,2,1,"[]",0,0,0,0,0,0,0.5,1683,1430
3113,307.387,ga_tcheby_proxy,mesh9,2,0,1,"[]",0,0,0,0,0,0,0.5,1683,1431
3114,307.408,ga_tcheby_proxy,mesh9,2,3,1,"[]",0,0,0,0,0,0,0.5,1683,1432
3115,307.488,ga_tcheby_proxy,mesh9,2,3,0,"[2-5-4-3]",3,64,4.82552,0.97,0.534545,3,0.5,1684,1432
3116,307.514,ga_tcheby_proxy,mesh9,1,6,1,"[]",0,0,0,0,0,0,0.5,1684,1433
3117,307.517,ga_tcheby_proxy,mesh9,5,0,1,"[]",0,0,0,0,0,0,0.5,1684,1434
3118,307.599,ga_tcheby_proxy,mesh9,3,2,0,"[3-4-5-2]",3,64,4.82552,0.97,0.537906,3,0.5,1685,1434
3119,307.778,ga_tcheby_proxy,mesh9,5,2,0,"[5-2]",1,20,1.59654,0.975,0.532847,1,0.5,1686,1434
3120,307.875,ga_tcheby_proxy,mesh9,7,4,0,"[7-4]",1,20,1.59654,0.975,0.536232,1,0.5,1687,1434
3121,307.94,ga_tcheby_proxy,mesh9,0,1,0,"[0-1]",1,22,1.67558,0.93314,0.509579,1,0.5,1688,1434
3122,308.049,ga_tcheby_proxy,mesh9,7,3,0,"[7-6-3]",2,42,3.21103,0.97,0.524164,2,0.5,1689,1434
3123,308.123,ga_tcheby_proxy,mesh9,1,7,0,"[1-4-7]",2,40,3.19307,0.975,0.536232,2,0.5,1690,1434
3124,308.145,ga_tcheby_proxy,mesh9,8,3,1,"[]",0,0,0,0,0,0,0.5,1690,1435
3125,308.379,ga_tcheby_proxy,mesh9,5,1,0,"[5-4-1]",2,42,3.21103,0.97,0.541219,2,0.5,1691,1435
3126,308.498,ga_tcheby_proxy,mesh9,7,2,0,"[7-8-5-2]",3,62,4.80756,0.97,0.534545,3,0.5,1692,1435
3127,308.694,ga_tcheby_proxy,mesh9,7,8,0,"[7-8]",1,22,1.61449,0.97,0.536232,1,0.5,1693,1435
3128,308.739,ga_tcheby_proxy,mesh9,3,6,1,"[]",0,0,0,0,0,0,0.5,1693,1436
3129,308.841,ga_tcheby_proxy,mesh9,8,6,0,"[8-7-6]",2,44,3.22898,0.97,0.518797,2,0.5,1694,1436
3130,308.965,ga_tcheby_proxy,mesh9,2,3,0,"[2-5-4-3]",3,64,4.82552,0.97,0.537906,3,0.5,1695,1436
3131,309.115,ga_tcheby_proxy,mesh9,7,4,0,"[7-4]",1,20,1.59654,0.975,0.537906,1,0.5,1696,1436
3132,309.287,ga_tcheby_proxy,mesh9,0,6,0,"[0-3-6]",2,40,3.19307,0.975,0.534545,2,0.5,1697,1436
3133,309.293,ga_tcheby_proxy,mesh9,8,7,1,"[]",0,0,0,0,0,0,0.5,1697,1437
3134,309.392,ga_tcheby_proxy,mesh9,1,7,0,"[1-4-7]",2,40,3.19307,0.975,0.537906,2,0.5,1698,1437
3135,309.564,ga_tcheby_proxy,mesh9,8,6,0,"[8-7-6]",2,44,3.22898,0.97,0.520599,2,0.5,1699,1437
3136,309.785,ga_tcheby_proxy,mesh9,8,6,0,"[8-7-6]",2,44,3.22898,0.97,0.522388,2,0.5,1700,1437
3137,309.888,ga_tcheby_proxy,mesh9,4,0,0,"[4-3-0]",2,42,3.21103,0.97,0.525926,2,0.5,1701,1437
3138,309.962,ga_tcheby_proxy,mesh9,7,2,0,"[7-4-1-2]",3,62,4.80756,0.97,0.542857,3,0.5,1702,1437
3139,310.006,ga_tcheby_proxy,mesh9,4,5,1,"[]",0,0,0,0,0,0,0.5,1702,1438
3140,310.098,ga_tcheby_proxy,mesh9,5,7,0,"[5-8-7]",2,42,3.21103,0.97,0.532847,2,0.5,1703,1438
3141,310.129,ga_tcheby_proxy,mesh9,0,6,1,"[]",0,0,0,0,0,0,0.5,1703,1439
3142,310.278,ga_tcheby_proxy,mesh9,7,3,0,"[7-6-3]",2,42,3.21103,0.97,0.525926,2,0.5,1704,1439
3143,310.348,ga_tcheby_proxy,mesh9,2,4,0,"[2-1-4]",2,42,3.21103,0.97,0.542857,2,0.5,1705,1439
3144,310.503,ga_tcheby_proxy,mesh9,7,0,0,"[7-6-3-0]",3,62,4.80756,0.97,0.527675,3,0.5,1706,1439
3145,310.769,ga_tcheby_proxy,mesh9,7,1,0,"[7-4-1]",2,40,3.19307,0.975,0.544484,2,0.5,1707,1439
3146,310.785,ga_tcheby_proxy,mesh9,3,5,1,"[]",0,0,0,0,0,0,0.5,1707,1440
3147,310.845,ga_tcheby_proxy,mesh9,6,3,0,"[6-3]",1,20,1.65095,0.941692,0.529412,1,0.5,1708,1440
3148,310.953,ga_tcheby_proxy,mesh9,8,2,0,"[8-5-2]",2,40,3.19307,0.975,0.536232,2,0.5,1709,1440
3149,311.103,ga_tcheby_proxy,mesh9,3,5,0,"[3-4-5]",2,44,3.22898,0.97,0.539568,2,0.5,1710,1440
3150,311.159,ga_tcheby_proxy,mesh9,5,2,0,"[5-2]",1,20,1.69512,0.916287,0.537906,1,0.5,1711,1440
3151,311.261,ga_tcheby_proxy,mesh9,8,1,0,"[8-5-2-1]",3,62,4.80756,0.97,0.544484,3,0.5,1712,1440
3152,311.407,ga_tcheby_proxy,mesh9,6,5,0,"[6-7-8-5]",3,64,4.82552,0.97,0.537906,3,0.5,1713,1440
3153,311.444,ga_tcheby_proxy,mesh9,1,5,1,"[]",0,0,0,0,0,0,0.5,1713,1441
3154,311.773,ga_tcheby_proxy,mesh9,2,6,0,"[2-5-8-7-6]",4,84,6.42205,0.97,0.534545,4,0.5,1714,1441
3155,311.915,ga_tcheby_proxy,mesh9,6,4,0,"[6-3-4]",2,42,3.21103,0.97,0.531136,2,0.5,1715,1441
3156,312.038,ga_tcheby_proxy,mesh9,6,0,0,"[6-3-0]",2,40,3.19307,0.975,0.532847,2,0.5,1716,1441
3157,312.073,ga_tcheby_proxy,mesh9,5,6,1,"[]",0,0,0,0,0,0,0.5,1716,1442
3158,312.223,ga_tcheby_proxy,mesh9,6,5,0,"[6-7-8-5]",3,64,4.82552,0.97,0.539568,3,0.5,1717,1442
3159,312.345,ga_tcheby_proxy,mesh9,4,0,0,"[4-3-0]",2,42,3.21103,0.97,0.531136,2,0.5,1718,1442
3160,312.361,ga_tcheby_proxy,mesh9,0,1,1,"[]",0,0,0,0,0,0,0.5,1718,1443
3161,312.43,ga_tcheby_proxy,mesh9,6,0,0,"[6-3-0]",2,40,3.24113,0.945463,0.534545,2,0.5,1719,1443
3162,312.464,ga_tcheby_proxy,mesh9,0,7,1,"[]",0,0,0,0,0,0,0.5,1719,1444
3163,312.491,ga_tcheby_proxy,mesh9,1,4,1,"[]",0,0,0,0,0,0,0.5,1719,1445
3164,312.601,ga_tcheby_proxy,mesh9,1,8,0,"[1-2-5-8]",3,62,4.80756,0.97,0.539568,3,0.5,1720,1445
3165,312.645,ga_tcheby_proxy,mesh9,1,6,1,"[]",0,0,0,0,0,0,0.5,1720,1446
3166,312.66,ga_tcheby_proxy,mesh9,8,5,1,"[]",0,0,0,0,0,0,0.5,1720,1447
3167,312.698,ga_tcheby_proxy,mesh9,2,0,1,"[]",0,0,0,0,0,0,0.5,1720,1448
3168,312.863,ga_tcheby_proxy,mesh9,1,5,0,"[1-4-5]",2,42,3.21103,0.97,0.541219,2,0.5,1721,1448
3169,312.885,ga_tcheby_proxy,mesh9,7,0,1,"[]",0,0,0,0,0,0,0.5,1721,1449
3170,312.92,ga_tcheby_proxy,mesh9,2,8,1,"[]",0,0,0,0,0,0,0.5,1721,1450
3171,312.953,ga_tcheby_proxy,mesh9,3,5,1,"[]",0,0,0,0,0,0,0.5,1721,1451
3172,313.026,ga_tcheby_proxy,mesh9,5,3,0,"[5-4-3]",2,44,3.33406,0.908319,0.539568,2,0.5,1722,1451
3173,313.122,ga_tcheby_proxy,mesh9,1,8,0,"[1-2-5-8]",3,62,4.80756,0.97,0.541219,3,0.5,1723,1451
3174,313.129,ga_tcheby_proxy,mesh9,8,7,1,"[]",0,0,0,0,0,0,0.5,1723,1452
3175,313.21,ga_tcheby_proxy,mesh9,8,0,0,"[8-7-6-3-0]",4,84,6.42205,0.97,0.536232,4,0.5,1724,1452
3176,313.25,ga_tcheby_proxy,mesh9,6,0,1,"[]",0,0,0,0,0,0,0.5,1724,1453
3177,313.492,ga_tcheby_proxy,mesh9,7,2,0,"[7-8-5-2]",3,62,4.80756,0.97,0.541219,3,0.5,1725,1453
3178,313.689,ga_tcheby_proxy,mesh9,8,2,0,"[8-5-2]",2,40,3.19307,0.975,0.542857,2,0.5,1726,1453
3179,314.07,ga_tcheby_proxy,mesh9,8,2,0,"[8-5-2]",2,40,3.19307,0.975,0.544484,2,0.5,1727,1453
3180,314.152,ga_tcheby_proxy,mesh9,6,0,0,"[6-3-0]",2,40,3.19307,0.975,0.537906,2,0.5,1728,1453
3181,314.188,ga_tcheby_proxy,mesh9,3,4,1,"[]",0,0,0,0,0,0,0.5,1728,1454
3182,314.304,ga_tcheby_proxy,mesh9,8,5,0,"[8-5]",1,20,1.59654,0.975,0.536232,1,0.5,1729,1454
3183,314.473,ga_tcheby_proxy,mesh9,0,4,0,"[0-3-4]",2,42,3.21103,0.97,0.520599,2,0.5,1730,1454
3184,314.493,ga_tcheby_proxy,mesh9,6,3,1,"[]",0,0,0,0,0,0,0.5,1730,1455
3185,314.494,ga_tcheby_proxy,mesh9,7,8,1,"[]",0,0,0,0,0,0,0.5,1730,1456
3186,314.578,ga_tcheby_proxy,mesh9,2,6,0,"[2-5-8-7-6]",4,84,6.42205,0.97,0.539568,4,0.5,1731,1456
3187,314.582,ga_tcheby_proxy,mesh9,7,0,0,"[7-4-3-0]",3,62,5.16749,0.900661,0.558824,3,0.5,1732,1456
3188,314.618,ga_tcheby_proxy,mesh9,4,2,1,"[]",0,0,0,0,0,0,0.5,1732,1457
3189,314.877,ga_tcheby_proxy,mesh9,6,3,0,"[6-3]",1,20,1.59654,0.975,0.539568,1,0.5,1733,1457
3190,314.889,ga_tcheby_proxy,mesh9,1,2,1,"[]",0,0,0,0,0,0,0.5,1733,1458
3191,315.049,ga_tcheby_proxy,mesh9,2,0,0,"[2-1-0]",2,44,3.22898,0.97,0.546099,2,0.5,1734,1458
3192,315.167,ga_tcheby_proxy,mesh9,4,0,0,"[4-3-0]",2,42,3.21103,0.97,0.539568,2,0.5,1735,1458
3193,315.263,ga_tcheby_proxy,mesh9,5,3,0,"[5-4-3]",2,44,3.22898,0.97,0.541219,2,0.5,1736,1458
3194,315.338,ga_tcheby_proxy,mesh9,1,2,0,"[1-2]",1,22,1.61449,0.97,0.542857,1,0.5,1737,1458
3195,315.368,ga_tcheby_proxy,mesh9,6,4,1,"[]",0,0,0,0,0,0,0.5,1737,1459
3196,315.637,ga_tcheby_proxy,mesh9,7,2,0,"[7-4-1-2]",3,62,4.80756,0.97,0.546099,3,0.5,1738,1459
3197,315.77,ga_tcheby_proxy,mesh9,0,5,0,"[0-1-4-5]",3,64,4.82552,0.97,0.542857,3,0.5,1739,1459
3198,315.876,ga_tcheby_proxy,mesh9,6,8,0,"[6-7-8]",2,44,3.22898,0.97,0.542857,2,0.5,1740,1459
3199,315.926,ga_tcheby_proxy,mesh9,3,6,1,"[]",0,0,0,0,0,0,0.5,1740,1460
3200,315.935,ga_tcheby_proxy,mesh9,8,0,1,"[]",0,0,0,0,0,0,0.5,1740,1461
3201,316.129,ga_tcheby_proxy,mesh9,7,2,0,"[7-4-5-2]",3,62,4.80756,0.97,0.546099,3,0.5,1741,1461
3202,316.161,ga_tcheby_proxy,mesh9,0,6,1,"[]",0,0,0,0,0,0,0.5,1741,1462
3203,316.367,ga_tcheby_proxy,mesh9,7,6,0,"[7-6]",1,22,1.61449,0.97,0.483871,1,0.5,1742,1462
3204,316.386,ga_tcheby_proxy,mesh9,2,8,1,"[]",0,0,0,0,0,0,0.5,1742,1463
3205,316.41,ga_tcheby_proxy,mesh9,6,5,1,"[]",0,0,0,0,0,0,0.5,1742,1464
3206,316.528,ga_tcheby_proxy,mesh9,5,1,0,"[5-2-1]",2,42,3.21103,0.97,0.547703,2,0.5,1743,1464
3207,316.592,ga_tcheby_proxy,mesh9,1,6,0,"[1-4-3-6]",3,62,4.97142,0.928186,0.536232,3,0.5,1744,1464
3208,316.606,ga_tcheby_proxy,mesh9,4,6,1,"[]",0,0,0,0,0,0,0.5,1744,1465
3209,316.619,ga_tcheby_proxy,mesh9,0,1,1,"[]",0,0,0,0,0,0,0.5,1744,1466
3210,316.793,ga_tcheby_proxy,mesh9,0,4,0,"[0-3-4]",2,42,3.21103,0.97,0.522388,2,0.5,1745,1466
3211,316.935,ga_tcheby_proxy,mesh9,7,8,0,"[7-8]",1,22,1.61449,0.97,0.544484,1,0.5,1746,1466
3212,317.211,ga_tcheby_proxy,mesh9,6,0,0,"[6-3-0]",2,40,3.19307,0.975,0.541219,2,0.5,1747,1466
3213,317.354,ga_tcheby_proxy,mesh9,3,6,0,"[3-6]",1,20,1.59654,0.975,0.537906,1,0.5,1748,1466
3214,317.383,ga_tcheby_proxy,mesh9,0,5,1,"[]",0,0,0,0,0,0,0.5,1748,1467
3215,317.514,ga_tcheby_proxy,mesh9,0,2,0,"[0-1-2]",2,44,3.22898,0.97,0.546099,2,0.5,1749,1467
3216,317.627,ga_tcheby_proxy,mesh9,8,6,0,"[8-7-6]",2,44,3.22898,0.97,0.531136,2,0.5,1750,1467
3217,317.639,ga_tcheby_proxy,mesh9,5,1,1,"[]",0,0,0,0,0,0,0.5,1750,1468
3218,317.683,ga_tcheby_proxy,mesh9,4,0,1,"[]",0,0,0,0,0,0,0.5,1750,1469
3219,317.756,ga_tcheby_proxy,mesh9,2,1,0,"[2-1]",1,22,1.61449,0.97,0.549296,1,0.5,1751,1469
3220,317.804,ga_tcheby_proxy,mesh9,5,1,1,"[]",0,0,0,0,0,0,0.5,1751,1470
3221,317.855,ga_tcheby_proxy,mesh9,3,0,0,"[3-0]",1,20,1.71119,0.907379,0.542857,1,0.5,1752,1470
3222,317.931,ga_tcheby_proxy,mesh9,1,0,0,"[1-0]",1,22,1.61449,0.97,0.518797,1,0.5,1753,1470
3223,318.097,ga_tcheby_proxy,mesh9,5,8,0,"[5-8]",1,20,1.59654,0.975,0.541219,1,0.5,1754,1470
3224,318.168,ga_tcheby_proxy,mesh9,8,0,0,"[8-5-2-1-0]",4,84,6.42205,0.97,0.550877,4,0.5,1755,1470
3225,318.442,ga_tcheby_proxy,mesh9,6,1,0,"[6-3-0-1]",3,62,4.80756,0.97,0.544484,3,0.5,1756,1470
3226,318.481,ga_tcheby_proxy,mesh9,1,3,1,"[]",0,0,0,0,0,0,0.5,1756,1471
3227,318.527,ga_tcheby_proxy,mesh9,4,3,1,"[]",0,0,0,0,0,0,0.5,1756,1472
3228,318.929,ga_tcheby_proxy,mesh9,2,6,0,"[2-5-8-7-6]",4,84,6.42205,0.97,0.542857,4,0.5,1757,1472
3229,319.054,ga_tcheby_proxy,mesh9,6,8,0,"[6-7-8]",2,44,3.22898,0.97,0.546099,2,0.5,1758,1472
3230,319.077,ga_tcheby_proxy,mesh9,1,2,1,"[]",0,0,0,0,0,0,0.5,1758,1473
3231,319.297,ga_tcheby_proxy,mesh9,8,6,0,"[8-7-6]",2,44,3.22898,0.97,0.534545,2,0.5,1759,1473
3232,319.445,ga_tcheby_proxy,mesh9,7,5,0,"[7-4-5]",2,42,3.21103,0.97,0.547703,2,0.5,1760,1473
3233,319.554,ga_tcheby_proxy,mesh9,5,0,0,"[5-4-3-0]",3,64,4.82552,0.97,0.546099,3,0.5,1761,1473
3234,319.687,ga_tcheby_proxy,mesh9,6,5,0,"[6-3-4-5]",3,64,4.82552,0.97,0.547703,3,0.5,1762,1473
3235,319.813,ga_tcheby_proxy,mesh9,1,5,0,"[1-2-5]",2,42,3.21103,0.97,0.547703,2,0.5,1763,1473
3236,319.855,ga_tcheby_proxy,mesh9,7,6,1,"[]",0,0,0,0,0,0,0.5,1763,1474
3237,319.95,ga_tcheby_proxy,mesh9,7,2,0,"[7-4-1-2]",3,62,4.80756,0.97,0.549296,3,0.5,1764,1474
3238,320.132,ga_tcheby_proxy,mesh9,7,5,0,"[7-8-5]",2,42,3.21103,0.97,0.547703,2,0.5,1765,1474
3239,320.221,ga_tcheby_proxy,mesh9,7,3,0,"[7-6-3]",2,42,3.21103,0.97,0.546099,2,0.5,1766,1474
3240,320.249,ga_tcheby_proxy,mesh9,5,6,1,"[]",0,0,0,0,0,0,0.5,1766,1475
3241,320.382,ga_tcheby_proxy,mesh9,1,3,0,"[1-0-3]",2,42,3.21103,0.97,0.522388,2,0.5,1767,1475
3242,320.537,ga_tcheby_proxy,mesh9,4,2,0,"[4-1-2]",2,42,3.21103,0.97,0.550877,2,0.5,1768,1475
3243,320.761,ga_tcheby_proxy,mesh9,8,2,0,"[8-5-2]",2,40,3.19307,0.975,0.550877,2,0.5,1769,1475
3244,320.81,ga_tcheby_proxy,mesh9,6,7,1,"[]",0,0,0,0,0,0,0.5,1769,1476
3245,320.824,ga_tcheby_proxy,mesh9,6,5,1,"[]",0,0,0,0,0,0,0.5,1769,1477
3246,320.861,ga_tcheby_proxy,mesh9,0,5,1,"[]",0,0,0,0,0,0,0.5,1769,1478
3247,320.921,ga_tcheby_proxy,mesh9,6,7,1,"[]",0,0,0,0,0,0,0.5,1769,1479
3248,321.029,ga_tcheby_proxy,mesh9,8,0,0,"[8-5-4-3-0]",4,84,6.42205,0.97,0.547703,4,0.5,1770,1479
3249,321.339,ga_tcheby_proxy,mesh9,7,3,0,"[7-6-3]",2,42,3.21103,0.97,0.547703,2,0.5,1771,1479
3250,321.368,ga_tcheby_proxy,mesh9,4,1,1,"[]",0,0,0,0,0,0,0.5,1771,1480
3251,321.641,ga_tcheby_proxy,mesh9,8,3,0,"[8-5-4-3]",3,64,4.82552,0.97,0.546099,3,0.5,1772,1480
3252,321.659,ga_tcheby_proxy,mesh9,7,8,1,"[]",0,0,0,0,0,0,0.5,1772,1481
3253,321.666,ga_tcheby_proxy,mesh9,3,1,1,"[]",0,0,0,0,0,0,0.5,1772,1482
3254,321.816,ga_tcheby_proxy,mesh9,1,3,0,"[1-0-3]",2,42,3.21103,0.97,0.524164,2,0.5,1773,1482
3255,321.881,ga_tcheby_proxy,mesh9,6,7,1,"[]",0,0,0,0,0,0,0.5,1773,1483
3256,322.122,ga_tcheby_proxy,mesh9,7,5,0,"[7-8-5]",2,42,3.21103,0.97,0.549296,2,0.5,1774,1483
3257,322.147,ga_tcheby_proxy,mesh9,7,6,1,"[]",0,0,0,0,0,0,0.5,1774,1484
3258,322.205,ga_tcheby_proxy,mesh9,7,8,1,"[]",0,0,0,0,0,0,0.5,1774,1485
3259,322.248,ga_tcheby_proxy,mesh9,0,7,1,"[]",0,0,0,0,0,0,0.5,1774,1486
3260,322.324,ga_tcheby_proxy,mesh9,1,3,0,"[1-4-3]",2,42,3.21103,0.97,0.541219,2,0.5,1775,1486
3261,322.506,ga_tcheby_proxy,mesh9,6,4,0,"[6-3-4]",2,42,3.21103,0.97,0.549296,2,0.5,1776,1486
3262,322.566,ga_tcheby_proxy,mesh9,0,5,1,"[]",0,0,0,0,0,0,0.5,1776,1487
3263,322.595,ga_tcheby_proxy,mesh9,0,8,1,"[]",0,0,0,0,0,0,0.5,1776,1488
3264,322.812,ga_tcheby_proxy,mesh9,2,1,0,"[2-1]",1,22,1.61449,0.97,0.552448,1,0.5,1777,1488
3265,323.008,ga_tcheby_proxy,mesh9,0,3,0,"[0-3]",1,20,1.59654,0.975,0.515152,1,0.5,1778,1488
3266,323.044,ga_tcheby_proxy,mesh9,5,6,1,"[]",0,0,0,0,0,0,0.5,1778,1489
3267,323.049,ga_tcheby_proxy,mesh9,8,4,1,"[]",0,0,0,0,0,0,0.5,1778,1490
3268,323.129,ga_tcheby_proxy,mesh9,4,2,0,"[4-1-2]",2,42,3.21103,0.97,0.552448,2,0.5,1779,1490
3269,323.228,ga_tcheby_proxy,mesh9,6,7,0,"[6-7]",1,22,1.61449,0.97,0.534545,1,0.5,1780,1490
3270,323.55,ga_tcheby_proxy,mesh9,3,2,0,"[3-4-5-2]",3,64,4.82552,0.97,0.552448,3,0.5,1781,1490
3271,323.604,ga_tcheby_proxy,mesh9,3,5,1,"[]",0,0,0,0,0,0,0.5,1781,1491
3272,323.658,ga_tcheby_proxy,mesh9,4,0,1,"[]",0,0,0,0,0,0,0.5,1781,1492
3273,323.907,ga_tcheby_proxy,mesh9,5,0,0,"[5-4-3-0]",3,64,4.82552,0.97,0.549296,3,0.5,1782,1492
3274,324.033,ga_tcheby_proxy,mesh9,5,8,0,"[5-8]",1,20,1.59654,0.975,0.544484,1,0.5,1783,1492
3275,324.137,ga_tcheby_proxy,mesh9,0,1,0,"[0-1]",1,22,1.61449,0.97,0.516981,1,0.5,1784,1492
3276,324.182,ga_tcheby_proxy,mesh9,6,4,1,"[]",0,0,0,0,0,0,0.5,1784,1493
3277,324.269,ga_tcheby_proxy,mesh9,8,4,0,"[8-5-4]",2,42,3.21103,0.97,0.549296,2,0.5,1785,1493
3278,324.282,ga_tcheby_proxy,mesh9,1,4,1,"[]",0,0,0,0,0,0,0.5,1785,1494
3279,324.356,ga_tcheby_proxy,mesh9,4,8,0,"[4-5-8]",2,42,3.21103,0.97,0.550877,2,0.5,1786,1494
3280,324.504,ga_tcheby_proxy,mesh9,6,7,0,"[6-7]",1,22,1.61449,0.97,0.536232,1,0.5,1787,1494
3281,324.512,ga_tcheby_proxy,mesh9,0,5,1,"[]",0,0,0,0,0,0,0.5,1787,1495
3282,324.676,ga_tcheby_proxy,mesh9,4,6,0,"[4-7-6]",2,42,3.21103,0.97,0.539568,2,0.5,1788,1495
3283,324.787,ga_tcheby_proxy,mesh9,6,7,0,"[6-7]",1,22,1.61449,0.97,0.537906,1,0.5,1789,1495
3284,324.988,ga_tcheby_proxy,mesh9,1,5,0,"[1-4-5]",2,42,3.21103,0.97,0.552448,2,0.5,1790,1495
3285,324.99,ga_tcheby_proxy,mesh9,1,6,0,"[1-4-7-6]",3,62,4.91907,0.946819,0.541219,3,0.5,1791,1495
3286,325.263,ga_tcheby_proxy,mesh9,2,8,0,"[2-5-8]",2,40,3.19307,0.975,0.547703,2,0.5,1792,1495
3287,325.285,ga_tcheby_proxy,mesh9,6,2,1,"[]",0,0,0,0,0,0,0.5,1792,1496
3288,325.345,ga_tcheby_proxy,mesh9,3,4,1,"[]",0,0,0,0,0,0,0.5,1792,1497
3289,325.439,ga_tcheby_proxy,mesh9,8,3,0,"[8-5-4-3]",3,64,4.82552,0.97,0.550877,3,0.5,1793,1497
3290,325.492,ga_tcheby_proxy,mesh9,4,0,1,"[]",0,0,0,0,0,0,0.5,1793,1498
3291,325.573,ga_tcheby_proxy,mesh9,3,1,0,"[3-0-1]",2,42,3.21103,0.97,0.550877,2,0.5,1794,1498
3292,325.607,ga_tcheby_proxy,mesh9,2,4,1,"[]",0,0,0,0,0,0,0.5,1794,1499
3293,325.85,ga_tcheby_proxy,mesh9,0,6,0,"[0-3-6]",2,40,3.19307,0.975,0.539568,2,0.5,1795,1499
3294,325.851,ga_tcheby_proxy,mesh9,3,4,0,"[3-4]",1,22,1.65401,0.94583,0.529412,1,0.5,1796,1499
3295,325.897,ga_tcheby_proxy,mesh9,0,2,1,"[]",0,0,0,0,0,0,0.5,1796,1500
3296,325.925,ga_tcheby_proxy,mesh9,8,5,1,"[]",0,0,0,0,0,0,0.5,1796,1501
3297,326.057,ga_tcheby_proxy,mesh9,6,1,0,"[6-7-4-1]",3,62,4.80756,0.97,0.552448,3,0.5,1797,1501
3298,326.081,ga_tcheby_proxy,mesh9,1,2,1,"[]",0,0,0,0,0,0,0.5,1797,1502
3299,326.216,ga_tcheby_proxy,mesh9,6,5,0,"[6-7-8-5]",3,64,4.82552,0.97,0.550877,3,0.5,1798,1502
3300,326.262,ga_tcheby_proxy,mesh9,4,1,1,"[]",0,0,0,0,0,0,0.5,1798,1503
3301,326.287,ga_tcheby_proxy,mesh9,7,0,1,"[]",0,0,0,0,0,0,0.5,1798,1504
3302,326.371,ga_tcheby_proxy,mesh9,0,5,0,"[0-1-2-5]",3,64,4.82552,0.97,0.554007,3,0.5,1799,1504
3303,326.378,ga_tcheby_proxy,mesh9,2,8,1,"[]",0,0,0,0,0,0,0.5,1799,1505
3304,326.404,ga_tcheby_proxy,mesh9,2,3,1,"[]",0,0,0,0,0,0,0.5,1799,1506
3305,326.452,ga_tcheby_proxy,mesh9,4,3,1,"[]",0,0,0,0,0,0,0.5,1799,1507
3306,326.556,ga_tcheby_proxy,mesh9,5,0,0,"[5-4-3-0]",3,64,4.82552,0.97,0.552448,3,0.5,1800,1507
3307,326.837,ga_tcheby_proxy,mesh9,3,5,0,"[3-4-5]",2,44,3.22898,0.97,0.554007,2,0.5,1801,1507
3308,327.181,ga_tcheby_proxy,mesh9,5,2,0,"[5-2]",1,20,1.59654,0.975,0.554007,1,0.5,1802,1507
3309,327.232,ga_tcheby_proxy,mesh9,4,5,1,"[]",0,0,0,0,0,0,0.5,1802,1508
3310,327.445,ga_tcheby_proxy,mesh9,5,2,0,"[5-2]",1,20,1.59654,0.975,0.555556,1,0.5,1803,1508
3311,327.482,ga_tcheby_proxy,mesh9,2,6,1,"[]",0,0,0,0,0,0,0.5,1803,1509
3312,327.527,ga_tcheby_proxy,mesh9,1,6,1,"[]",0,0,0,0,0,0,0.5,1803,1510
3313,327.568,ga_tcheby_proxy,mesh9,7,8,1,"[]",0,0,0,0,0,0,0.5,1803,1511
3314,327.577,ga_tcheby_proxy,mesh9,7,0,1,"[]",0,0,0,0,0,0,0.5,1803,1512
3315,327.632,ga_tcheby_proxy,mesh9,0,8,1,"[]",0,0,0,0,0,0,0.5,1803,1513
3316,327.643,ga_tcheby_proxy,mesh9,7,1,1,"[]",0,0,0,0,0,0,0.5,1803,1514
3317,327.723,ga_tcheby_proxy,mesh9,6,3,0,"[6-3]",1,20,1.59654,0.975,0.550877,1,0.5,1804,1514
3318,327.737,ga_tcheby_proxy,mesh9,6,2,1,"[]",0,0,0,0,0,0,0.5,1804,1515
3319,327.856,ga_tcheby_proxy,mesh9,3,5,0,"[3-4-5]",2,44,3.22898,0.97,0.555556,2,0.5,1805,1515
3320,327.97,ga_tcheby_proxy,mesh9,0,6,0,"[0-3-6]",2,40,3.19307,0.975,0.541219,2,0.5,1806,1515
3321,328.029,ga_tcheby_proxy,mesh9,0,7,1,"[]",0,0,0,0,0,0,0.5,1806,1516
3322,328.108,ga_tcheby_proxy,mesh9,8,0,0,"[8-7-4-1-0]",4,84,6.42205,0.97,0.554007,4,0.5,1807,1516
3323,328.155,ga_tcheby_proxy,mesh9,8,0,1,"[]",0,0,0,0,0,0,0.5,1807,1517
3324,328.172,ga_tcheby_proxy,mesh9,7,4,1,"[]",0,0,0,0,0,0,0.5,1807,1518
3325,328.297,ga_tcheby_proxy,mesh9,5,4,0,"[5-4]",1,22,1.61449,0.97,0.554007,1,0.5,1808,1518
3326,328.498,ga_tcheby_proxy,mesh9,7,1,0,"[7-4-1]",2,40,3.19307,0.975,0.555556,2,0.5,1809,1518
3327,328.597,ga_tcheby_proxy,mesh9,5,8,0,"[5-8]",1,20,1.59654,0.975,0.549296,1,0.5,1810,1518
3328,328.684,ga_tcheby_proxy,mesh9,1,6,0,"[1-0-3-6]",3,62,4.80756,0.97,0.542857,3,0.5,1811,1518
3329,329.186,ga_tcheby_proxy,mesh9,7,0,0,"[7-6-3-0]",3,62,4.80756,0.97,0.554007,3,0.5,1812,1518
3330,329.268,ga_tcheby_proxy,mesh9,5,8,0,"[5-8]",1,20,1.59654,0.975,0.550877,1,0.5,1813,1518
3331,329.414,ga_tcheby_proxy,mesh9,8,5,0,"[8-5]",1,20,1.59654,0.975,0.552448,1,0.5,1814,1518
3332,329.453,ga_tcheby_proxy,mesh9,5,3,1,"[]",0,0,0,0,0,0,0.5,1814,1519
3333,329.549,ga_tcheby_proxy,mesh9,4,0,0,"[4-3-0]",2,42,3.21103,0.97,0.555556,2,0.5,1815,1519
3334,329.601,ga_tcheby_proxy,mesh9,7,3,1,"[]",0,0,0,0,0,0,0.5,1815,1520
3335,329.641,ga_tcheby_proxy,mesh9,4,1,1,"[]",0,0,0,0,0,0,0.5,1815,1521
3336,329.874,ga_tcheby_proxy,mesh9,1,6,0,"[1-4-7-6]",3,62,4.80756,0.97,0.542857,3,0.5,1816,1521
3337,330.058,ga_tcheby_proxy,mesh9,3,1,0,"[3-0-1]",2,42,3.21103,0.97,0.557093,2,0.5,1817,1521
3338,330.122,ga_tcheby_proxy,mesh9,4,5,0,"[4-3-6-7-8-5]",5,106,8.32631,0.902088,0.554007,5,0.5,1818,1521
3339,330.132,ga_tcheby_proxy,mesh9,6,5,1,"[]",0,0,0,0,0,0,0.5,1818,1522
3340,330.244,ga_tcheby_proxy,mesh9,2,7,0,"[2-5-8-7]",3,62,4.80756,0.97,0.552448,3,0.5,1819,1522
3341,330.265,ga_tcheby_proxy,mesh9,6,4,1,"[]",0,0,0,0,0,0,0.5,1819,1523
3342,330.486,ga_tcheby_proxy,mesh9,8,0,0,"[8-5-2-1-0]",4,84,6.42205,0.97,0.557093,4,0.5,1820,1523
3343,330.523,ga_tcheby_proxy,mesh9,3,4,1,"[]",0,0,0,0,0,0,0.5,1820,1524
3344,330.575,ga_tcheby_proxy,mesh9,4,7,1,"[]",0,0,0,0,0,0,0.5,1820,1525
3345,330.578,ga_tcheby_proxy,mesh9,6,8,1,"[]",0,0,0,0,0,0,0.5,1820,1526
3346,330.874,ga_tcheby_proxy,mesh9,2,8,0,"[2-5-8]",2,40,3.19307,0.975,0.554007,2,0.5,1821,1526
3347,330.941,ga_tcheby_proxy,mesh9,8,1,0,"[8-5-4-1]",3,62,4.97828,0.906035,0.557093,3,0.5,1822,1526
3348,331.019,ga_tcheby_proxy,mesh9,7,5,0,"[7-8-5]",2,42,3.22034,0.96913,0.558621,2,0.5,1823,1526
3349,331.137,ga_tcheby_proxy,mesh9,3,7,0,"[3-4-7]",2,42,3.21103,0.97,0.544484,2,0.5,1824,1526
3350,331.209,ga_tcheby_proxy,mesh9,1,7,0,"[1-4-7]",2,40,3.19307,0.975,0.546099,2,0.5,1825,1526
3351,331.229,ga_tcheby_proxy,mesh9,6,1,1,"[]",0,0,0,0,0,0,0.5,1825,1527
3352,331.384,ga_tcheby_proxy,mesh9,2,5,0,"[2-5]",1,20,1.59654,0.975,0.542857,1,0.5,1826,1527
3353,331.475,ga_tcheby_proxy,mesh9,2,6,0,"[2-5-8-7-6]",4,84,6.42205,0.97,0.555556,4,0.5,1827,1527
3354,331.562,ga_tcheby_proxy,mesh9,0,5,0,"[0-1-2-5]",3,64,4.82552,0.97,0.555556,3,0.5,1828,1527
3355,331.769,ga_tcheby_proxy,mesh9,5,3,0,"[5-4-3]",2,44,3.22898,0.97,0.557093,2,0.5,1829,1527
3356,331.798,ga_tcheby_proxy,mesh9,7,1,1,"[]",0,0,0,0,0,0,0.5,1829,1528
3357,331.819,ga_tcheby_proxy,mesh9,1,2,1,"[]",0,0,0,0,0,0,0.5,1829,1529
3358,331.988,ga_tcheby_proxy,mesh9,6,0,0,"[6-3-0]",2,40,3.19307,0.975,0.558621,2,0.5,1830,1529
3359,332.074,ga_tcheby_proxy,mesh9,7,6,0,"[7-6]",1,22,1.61449,0.97,0.505792,1,0.5,1831,1529
3360,332.289,ga_tcheby_proxy,mesh9,1,6,0,"[1-0-3-6]",3,62,4.80756,0.97,0.546099,3,0.5,1832,1529
3361,332.601,ga_tcheby_proxy,mesh9,7,8,0,"[7-8]",1,22,1.61449,0.97,0.555556,1,0.5,1833,1529
3362,332.65,ga_tcheby_proxy,mesh9,2,6,1,"[]",0,0,0,0,0,0,0.5,1833,1530
3363,332.665,ga_tcheby_proxy,mesh9,8,3,1,"[]",0,0,0,0,0,0,0.5,1833,1531
3364,332.773,ga_tcheby_proxy,mesh9,7,1,0,"[7-4-1]",2,40,3.19307,0.975,0.558621,2,0.5,1834,1531
3365,332.786,ga_tcheby_proxy,mesh9,7,3,1,"[]",0,0,0,0,0,0,0.5,1834,1532
3366,333.652,ga_tcheby_proxy,mesh9,5,6,0,"[5-8-7-6]",3,64,4.82552,0.97,0.557093,3,0.5,1835,1532
3367,333.957,ga_tcheby_proxy,mesh9,5,3,0,"[5-4-3]",2,44,3.22898,0.97,0.558621,2,0.5,1836,1532
3368,333.958,ga_tcheby_proxy,mesh9,6,2,0,"[6-3-4-5-2]",4,84,6.58107,0.945259,0.560976,4,0.5,1837,1532
3369,334.124,ga_tcheby_proxy,mesh9,3,5,0,"[3-4-5]",2,44,3.22898,0.97,0.558621,2,0.5,1838,1532
3370,334.173,ga_tcheby_proxy,mesh9,0,6,1,"[]",0,0,0,0,0,0,0.5,1838,1533
3371,334.186,ga_tcheby_proxy,mesh9,7,2,1,"[]",0,0,0,0,0,0,0.5,1838,1534
3372,334.26,ga_tcheby_proxy,mesh9,1,7,0,"[1-4-7]",2,40,3.25381,0.937968,0.547703,2,0.5,1839,1534
3373,334.294,ga_tcheby_proxy,mesh9,7,5,1,"[]",0,0,0,0,0,0,0.5,1839,1535
3374,334.318,ga_tcheby_proxy,mesh9,4,8,1,"[]",0,0,0,0,0,0,0.5,1839,1536
3375,334.407,ga_tcheby_proxy,mesh9,4,1,0,"[4-1]",1,20,1.59654,0.975,0.560137,1,0.5,1840,1536
3376,334.558,ga_tcheby_proxy,mesh9,5,3,0,"[5-4-3]",2,44,3.22898,0.97,0.560137,2,0.5,1841,1536
3377,334.61,ga_tcheby_proxy,mesh9,2,1,1,"[]",0,0,0,0,0,0,0.5,1841,1537
3378,334.634,ga_tcheby_proxy,mesh9,1,4,1,"[]",0,0,0,0,0,0,0.5,1841,1538
3379,334.816,ga_tcheby_proxy,mesh9,3,0,0,"[3-0]",1,20,1.59654,0.975,0.560137,1,0.5,1842,1538
3380,334.928,ga_tcheby_proxy,mesh9,6,7,0,"[6-7]",1,22,1.61449,0.97,0.544484,1,0.5,1843,1538
3381,334.933,ga_tcheby_proxy,mesh9,3,8,0,"[3-4-5-8]",3,64,5.16079,0.903145,0.560137,3,0.5,1844,1538
3382,334.999,ga_tcheby_proxy,mesh9,0,2,1,"[]",0,0,0,0,0,0,0.5,1844,1539
3383,335.027,ga_tcheby_proxy,mesh9,5,6,1,"[]",0,0,0,0,0,0,0.5,1844,1540
3384,335.191,ga_tcheby_proxy,mesh9,4,8,0,"[4-7-8]",2,42,3.21103,0.97,0.557093,2,0.5,1845,1540
3385,335.247,ga_tcheby_proxy,mesh9,6,5,1,"[]",0,0,0,0,0,0,0.5,1845,1541
3386,335.282,ga_tcheby_proxy,mesh9,7,3,1,"[]",0,0,0,0,0,0,0.5,1845,1542
3387,335.366,ga_tcheby_proxy,mesh9,5,8,0,"[5-8]",1,20,1.59654,0.975,0.560137,1,0.5,1846,1542
3388,335.451,ga_tcheby_proxy,mesh9,0,5,0,"[0-1-2-5]",3,64,4.82552,0.97,0.557093,3,0.5,1847,1542
3389,335.587,ga_tcheby_proxy,mesh9,8,3,0,"[8-7-6-3]",3,64,4.82552,0.97,0.557093,3,0.5,1848,1542
3390,335.677,ga_tcheby_proxy,mesh9,5,2,0,"[5-2]",1,20,1.59654,0.975,0.560137,1,0.5,1849,1542
3391,335.921,ga_tcheby_proxy,mesh9,7,6,0,"[7-6]",1,22,1.61449,0.97,0.51145,1,0.5,1850,1542
3392,335.945,ga_tcheby_proxy,mesh9,6,5,1,"[]",0,0,0,0,0,0,0.5,1850,1543
3393,335.982,ga_tcheby_proxy,mesh9,5,8,1,"[]",0,0,0,0,0,0,0.5,1850,1544
3394,336.045,ga_tcheby_proxy,mesh9,7,0,1,"[]",0,0,0,0,0,0,0.5,1850,1545
3395,336.107,ga_tcheby_proxy,mesh9,1,8,1,"[]",0,0,0,0,0,0,0.5,1850,1546
3396,336.153,ga_tcheby_proxy,mesh9,3,4,1,"[]",0,0,0,0,0,0,0.5,1850,1547
3397,336.378,ga_tcheby_proxy,mesh9,1,4,0,"[1-4]",1,20,1.59654,0.975,0.541219,1,0.5,1851,1547
3398,336.45,ga_tcheby_proxy,mesh9,1,4,0,"[1-4]",1,20,1.59654,0.975,0.542857,1,0.5,1852,1547
3399,336.451,ga_tcheby_proxy,mesh9,3,4,0,"[3-4]",1,22,1.63691,0.956212,0.545126,1,0.5,1853,1547
3400,336.626,ga_tcheby_proxy,mesh9,2,7,0,"[2-1-4-7]",3,62,4.80756,0.97,0.555556,3,0.5,1854,1547
3401,336.908,ga_tcheby_proxy,mesh9,6,2,0,"[6-3-0-1-2]",4,84,6.42205,0.97,0.561644,4,0.5,1855,1547
3402,337.104,ga_tcheby_proxy,mesh9,0,1,0,"[0-1]",1,22,1.61449,0.97,0.529412,1,0.5,1856,1547
3403,337.241,ga_tcheby_proxy,mesh9,7,4,0,"[7-4]",1,20,1.59654,0.975,0.557093,1,0.5,1857,1547
3404,337.29,ga_tcheby_proxy,mesh9,8,1,1,"[]",0,0,0,0,0,0,0.5,1857,1548
3405,337.824,ga_tcheby_proxy,mesh9,7,1,0,"[7-4-1]",2,40,3.19307,0.975,0.561644,2,0.5,1858,1548
3406,338.058,ga_tcheby_proxy,mesh9,6,8,0,"[6-7-8]",2,44,3.22898,0.97,0.558621,2,0.5,1859,1548
3407,338.104,ga_tcheby_proxy,mesh9,1,6,1,"[]",0,0,0,0,0,0,0.5,1859,1549
3408,338.308,ga_tcheby_proxy,mesh9,6,4,0,"[6-3-4]",2,42,3.21103,0.97,0.560137,2,0.5,1860,1549
3409,338.322,ga_tcheby_proxy,mesh9,0,2,1,"[]",0,0,0,0,0,0,0.5,1860,1550
3410,338.452,ga_tcheby_proxy,mesh9,4,2,0,"[4-5-2]",2,42,3.21103,0.97,0.561644,2,0.5,1861,1550
3411,338.615,ga_tcheby_proxy,mesh9,0,8,0,"[0-3-4-7-8]",4,84,6.42205,0.97,0.560137,4,0.5,1862,1550
3412,338.672,ga_tcheby_proxy,mesh9,8,3,1,"[]",0,0,0,0,0,0,0.5,1862,1551
3413,338.844,ga_tcheby_proxy,mesh9,4,6,0,"[4-7-6]",2,42,3.21103,0.97,0.554007,2,0.5,1863,1551
3414,338.848,ga_tcheby_proxy,mesh9,1,5,0,"[1-4-5]",2,42,3.44141,0.904299,0.56314,2,0.5,1864,1551
3415,338.972,ga_tcheby_proxy,mesh9,0,3,0,"[0-3]",1,20,1.59654,0.975,0.525926,1,0.5,1865,1551
3416,339.323,ga_tcheby_proxy,mesh9,2,4,0,"[2-1-4]",2,42,3.21103,0.97,0.557093,2,0.5,1866,1551
3417,339.36,ga_tcheby_proxy,mesh9,5,3,1,"[]",0,0,0,0,0,0,0.5,1866,1552
3418,339.406,ga_tcheby_proxy,mesh9,6,2,1,"[]",0,0,0,0,0,0,0.5,1866,1553
3419,339.459,ga_tcheby_proxy,mesh9,5,8,1,"[]",0,0,0,0,0,0,0.5,1866,1554
3420,339.57,ga_tcheby_proxy,mesh9,0,1,0,"[0-1]",1,22,1.61449,0.97,0.531136,1,0.5,1867,1554
3421,339.663,ga_tcheby_proxy,mesh9,1,6,0,"[1-0-3-6]",3,62,4.80756,0.97,0.547703,3,0.5,1868,1554
3422,339.786,ga_tcheby_proxy,mesh9,1,3,0,"[1-0-3]",2,42,3.21103,0.97,0.534545,2,0.5,1869,1554
3423,340.099,ga_tcheby_proxy,mesh9,5,2,0,"[5-2]",1,20,1.59654,0.975,0.56314,1,0.5,1870,1554
3424,340.116,ga_tcheby_proxy,mesh9,3,0,1,"[]",0,0,0,0,0,0,0.5,1870,1555
3425,340.142,ga_tcheby_proxy,mesh9,0,1,1,"[]",0,0,0,0,0,0,0.5,1870,1556
3426,340.551,ga_tcheby_proxy,mesh9,5,3,0,"[5-4-3]",2,44,3.22898,0.97,0.561644,2,0.5,1871,1556
3427,340.562,ga_tcheby_proxy,mesh9,3,8,1,"[]",0,0,0,0,0,0,0.5,1871,1557
3428,340.574,ga_tcheby_proxy,mesh9,8,3,1,"[]",0,0,0,0,0,0,0.5,1871,1558
3429,341.12,ga_tcheby_proxy,mesh9,4,5,0,"[4-5]",1,22,1.61449,0.97,0.564626,1,0.5,1872,1558
3430,341.163,ga_tcheby_proxy,mesh9,6,0,1,"[]",0,0,0,0,0,0,0.5,1872,1559
3431,341.18,ga_tcheby_proxy,mesh9,6,8,1,"[]",0,0,0,0,0,0,0.5,1872,1560
3432,341.23,ga_tcheby_proxy,mesh9,7,4,1,"[]",0,0,0,0,0,0,0.5,1872,1561
3433,341.52,ga_tcheby_proxy,mesh9,3,1,0,"[3-4-1]",2,42,3.21103,0.97,0.56314,2,0.5,1873,1561
3434,341.532,ga_tcheby_proxy,mesh9,5,6,1,"[]",0,0,0,0,0,0,0.5,1873,1562
3435,341.837,ga_tcheby_proxy,mesh9,1,8,0,"[1-4-7-8]",3,62,4.80756,0.97,0.561644,3,0.5,1874,1562
3436,341.846,ga_tcheby_proxy,mesh9,6,4,1,"[]",0,0,0,0,0,0,0.5,1874,1563
3437,341.901,ga_tcheby_proxy,mesh9,0,5,1,"[]",0,0,0,0,0,0,0.5,1874,1564
3438,342.038,ga_tcheby_proxy,mesh9,6,3,0,"[6-3]",1,20,1.59654,0.975,0.561644,1,0.5,1875,1564
3439,342.067,ga_tcheby_proxy,mesh9,3,6,1,"[]",0,0,0,0,0,0,0.5,1875,1565
3440,342.095,ga_tcheby_proxy,mesh9,4,6,1,"[]",0,0,0,0,0,0,0.5,1875,1566
3441,342.214,ga_tcheby_proxy,mesh9,7,1,0,"[7-4-1]",2,40,3.19307,0.975,0.564626,2,0.5,1876,1566
3442,342.229,ga_tcheby_proxy,mesh9,5,8,1,"[]",0,0,0,0,0,0,0.5,1876,1567
3443,342.272,ga_tcheby_proxy,mesh9,1,6,1,"[]",0,0,0,0,0,0,0.5,1876,1568
3444,342.62,ga_tcheby_proxy,mesh9,4,0,0,"[4-3-0]",2,42,3.21103,0.97,0.56314,2,0.5,1877,1568
3445,342.688,ga_tcheby_proxy,mesh9,2,7,0,"[2-5-4-7]",3,62,4.87907,0.931698,0.56314,3,0.5,1878,1568
3446,342.707,ga_tcheby_proxy,mesh9,4,7,1,"[]",0,0,0,0,0,0,0.5,1878,1569
3447,342.732,ga_tcheby_proxy,mesh9,3,1,1,"[]",0,0,0,0,0,0,0.5,1878,1570
3448,342.735,ga_tcheby_proxy,mesh9,6,3,1,"[]",0,0,0,0,0,0,0.5,1878,1571
3449,342.776,ga_tcheby_proxy,mesh9,0,6,1,"[]",0,0,0,0,0,0,0.5,1878,1572
3450,342.797,ga_tcheby_proxy,mesh9,6,7,1,"[]",0,0,0,0,0,0,0.5,1878,1573
3451,342.869,ga_tcheby_proxy,mesh9,3,8,0,"[3-0-1-2-5-8]",5,104,8.14112,0.90403,0.564626,5,0.5,1879,1573
3452,343.065,ga_tcheby_proxy,mesh9,1,2,0,"[1-2]",1,22,1.61449,0.97,0.561644,1,0.5,1880,1573
3453,343.275,ga_tcheby_proxy,mesh9,2,6,0,"[2-1-4-7-6]",4,84,6.42205,0.97,0.558621,4,0.5,1881,1573
3454,343.374,ga_tcheby_proxy,mesh9,4,2,0,"[4-1-2]",2,42,3.21103,0.97,0.566102,2,0.5,1882,1573
3455,343.825,ga_tcheby_proxy,mesh9,3,8,0,"[3-4-7-8]",3,64,4.82552,0.97,0.56314,3,0.5,1883,1573
3456,343.927,ga_tcheby_proxy,mesh9,4,6,0,"[4-3-6]",2,42,3.21103,0.97,0.558621,2,0.5,1884,1573
3457,343.959,ga_tcheby_proxy,mesh9,1,4,1,"[]",0,0,0,0,0,0,0.5,1884,1574
3458,344.012,ga_tcheby_proxy,mesh9,4,5,1,"[]",0,0,0,0,0,0,0.5,1884,1575
3459,344.096,ga_tcheby_proxy,mesh9,7,8,0,"[7-8]",1,22,1.61449,0.97,0.564626,1,0.5,1885,1575
3460,344.101,ga_tcheby_proxy,mesh9,2,0,1,"[]",0,0,0,0,0,0,0.5,1885,1576
3461,344.196,ga_tcheby_proxy,mesh9,6,5,0,"[6-3-4-5]",3,64,4.82552,0.97,0.566102,3,0.5,1886,1576
3462,344.683,ga_tcheby_proxy,mesh9,1,6,0,"[1-0-3-6]",3,62,4.80756,0.97,0.550877,3,0.5,1887,1576
3463,345.063,ga_tcheby_proxy,mesh9,5,6,0,"[5-8-7-6]",3,64,4.82552,0.97,0.56314,3,0.5,1888,1576
3464,345.117,ga_tcheby_proxy,mesh9,1,8,1,"[]",0,0,0,0,0,0,0.5,1888,1577
3465,345.235,ga_tcheby_proxy,mesh9,1,6,0,"[1-0-3-6]",3,62,4.80756,0.97,0.552448,3,0.5,1889,1577
3466,345.242,ga_tcheby_proxy,mesh9,8,3,1,"[]",0,0,0,0,0,0,0.5,1889,1578
3467,345.346,ga_tcheby_proxy,mesh9,1,2,0,"[1-2]",1,22,1.61449,0.97,0.564626,1,0.5,1890,1578
3468,345.347,ga_tcheby_proxy,mesh9,7,1,0,"[7-4-1]",2,40,3.25225,0.956638,0.569492,2,0.5,1891,1578
3469,345.532,ga_tcheby_proxy,mesh9,0,1,0,"[0-1]",1,22,1.61449,0.97,0.534545,1,0.5,1892,1578
3470,345.579,ga_tcheby_proxy,mesh9,1,3,1,"[]",0,0,0,0,0,0,0.5,1892,1579
3471,345.737,ga_tcheby_proxy,mesh9,2,4,0,"[2-1-4]",2,42,3.21103,0.97,0.560137,2,0.5,1893,1579
3472,346.107,ga_tcheby_proxy,mesh9,0,2,0,"[0-1-2]",2,44,3.22898,0.97,0.566102,2,0.5,1894,1579
3473,346.13,ga_tcheby_proxy,mesh9,6,1,1,"[]",0,0,0,0,0,0,0.5,1894,1580
3474,346.194,ga_tcheby_proxy,mesh9,6,5,1,"[]",0,0,0,0,0,0,0.5,1894,1581
3475,346.226,ga_tcheby_proxy,mesh9,0,5,1,"[]",0,0,0,0,0,0,0.5,1894,1582
3476,346.303,ga_tcheby_proxy,mesh9,7,4,0,"[7-4]",1,20,1.59654,0.975,0.56314,1,0.5,1895,1582
3477,346.338,ga_tcheby_proxy,mesh9,2,6,1,"[]",0,0,0,0,0,0,0.5,1895,1583
3478,346.434,ga_tcheby_proxy,mesh9,5,2,0,"[5-2]",1,20,1.59654,0.975,0.564626,1,0.5,1896,1583
3479,346.439,ga_tcheby_proxy,mesh9,4,0,1,"[]",0,0,0,0,0,0,0.5,1896,1584
3480,346.468,ga_tcheby_proxy,mesh9,4,8,1,"[]",0,0,0,0,0,0,0.5,1896,1585
3481,346.484,ga_tcheby_proxy,mesh9,2,4,1,"[]",0,0,0,0,0,0,0.5,1896,1586
3482,346.485,ga_tcheby_proxy,mesh9,1,3,1,"[]",0,0,0,0,0,0,0.5,1896,1587
3483,346.605,ga_tcheby_proxy,mesh9,3,6,0,"[3-6]",1,20,1.59654,0.975,0.554007,1,0.5,1897,1587
3484,346.706,ga_tcheby_proxy,mesh9,6,5,0,"[6-7-8-5]",3,64,4.82552,0.97,0.566102,3,0.5,1898,1587
3485,346.711,ga_tcheby_proxy,mesh9,8,0,0,"[8-7-6-3-0]",4,84,6.90151,0.900245,0.572414,4,0.5,1899,1587
3486,346.802,ga_tcheby_proxy,mesh9,7,0,0,"[7-4-3-0]",3,62,4.80756,0.97,0.567568,3,0.5,1900,1587
3487,346.902,ga_tcheby_proxy,mesh9,0,6,0,"[0-3-6]",2,40,3.19307,0.975,0.555556,2,0.5,1901,1587
3488,346.922,ga_tcheby_proxy,mesh9,3,0,1,"[]",0,0,0,0,0,0,0.5,1901,1588
3489,347,ga_tcheby_proxy,mesh9,5,2,0,"[5-2]",1,20,1.59654,0.975,0.566102,1,0.5,1902,1588
3490,347.188,ga_tcheby_proxy,mesh9,8,5,0,"[8-5]",1,20,1.59654,0.975,0.561644,1,0.5,1903,1588
3491,347.285,ga_tcheby_proxy,mesh9,2,5,0,"[2-5]",1,20,1.59654,0.975,0.552448,1,0.5,1904,1588
3492,347.365,ga_tcheby_proxy,mesh9,7,6,0,"[7-6]",1,22,1.61449,0.97,0.520599,1,0.5,1905,1588
3493,347.427,ga_tcheby_proxy,mesh9,8,7,0,"[8-7]",1,22,1.61449,0.97,0.547703,1,0.5,1906,1588
3494,347.467,ga_tcheby_proxy,mesh9,1,4,1,"[]",0,0,0,0,0,0,0.5,1906,1589
3495,347.661,ga_tcheby_proxy,mesh9,3,6,0,"[3-6]",1,20,1.59654,0.975,0.557093,1,0.5,1907,1589
3496,347.718,ga_tcheby_proxy,mesh9,5,2,0,"[5-2]",1,20,1.7052,0.910676,0.567568,1,0.5,1908,1589
3497,347.728,ga_tcheby_proxy,mesh9,8,1,1,"[]",0,0,0,0,0,0,0.5,1908,1590
3498,347.816,ga_tcheby_proxy,mesh9,8,1,0,"[8-7-4-1]",3,62,4.80756,0.97,0.569024,3,0.5,1909,1590
3499,347.828,ga_tcheby_proxy,mesh9,6,4,1,"[]",0,0,0,0,0,0,0.5,1909,1591
3500,347.915,ga_tcheby_proxy,mesh9,3,2,0,"[3-0-1-2]",3,64,4.82552,0.97,0.569024,3,0.5,1910,1591
3501,347.955,ga_tcheby_proxy,mesh9,3,6,1,"[]",0,0,0,0,0,0,0.5,1910,1592
3502,348.001,ga_tcheby_proxy,mesh9,6,2,1,"[]",0,0,0,0,0,0,0.5,1910,1593
3503,348.066,ga_tcheby_proxy,mesh9,8,5,1,"[]",0,0,0,0,0,0,0.5,1910,1594
3504,348.13,ga_tcheby_proxy,mesh9,4,3,0,"[4-3]",1,22,1.70577,0.915934,0.561644,1,0.5,1911,1594
3505,348.131,ga_tcheby_proxy,mesh9,2,4,1,"[]",0,0,0,0,0,0,0.5,1911,1595
3506,348.196,ga_tcheby_proxy,mesh9,3,5,0,"[3-6-7-8-5]",4,84,6.6856,0.913356,0.567568,4,0.5,1912,1595
3507,348.218,ga_tcheby_proxy,mesh9,6,3,1,"[]",0,0,0,0,0,0,0.5,1912,1596
3508,348.245,ga_tcheby_proxy,mesh9,0,3,1,"[]",0,0,0,0,0,0,0.5,1912,1597
3509,348.246,ga_tcheby_proxy,mesh9,6,4,1,"[]",0,0,0,0,0,0,0.5,1912,1598
3510,348.434,ga_tcheby_proxy,mesh9,2,8,0,"[2-5-8]",2,40,3.19307,0.975,0.564626,2,0.5,1913,1598
3511,348.468,ga_tcheby_proxy,mesh9,3,7,1,"[]",0,0,0,0,0,0,0.5,1913,1599
3512,348.546,ga_tcheby_proxy,mesh9,8,2,0,"[8-5-2]",2,40,3.19307,0.975,0.569024,2,0.5,1914,1599
3513,348.621,ga_tcheby_proxy,mesh9,4,5,0,"[4-5]",1,22,1.6326,0.958772,0.567568,1,0.5,1915,1599
3514,348.72,ga_tcheby_proxy,mesh9,1,2,0,"[1-2]",1,22,1.61449,0.97,0.569024,1,0.5,1916,1599
3515,348.74,ga_tcheby_proxy,mesh9,1,4,1,"[]",0,0,0,0,0,0,0.5,1916,1600
3516,348.964,ga_tcheby_proxy,mesh9,3,4,0,"[3-4]",1,22,1.61449,0.97,0.550877,1,0.5,1917,1600
3517,349.241,ga_tcheby_proxy,mesh9,4,3,0,"[4-3]",1,22,1.61449,0.97,0.56314,1,0.5,1918,1600
3518,349.388,ga_tcheby_proxy,mesh9,0,5,0,"[0-1-4-5]",3,64,4.82552,0.97,0.569024,3,0.5,1919,1600
3519,349.429,ga_tcheby_proxy,mesh9,7,8,1,"[]",0,0,0,0,0,0,0.5,1919,1601
3520,349.542,ga_tcheby_proxy,mesh9,3,5,0,"[3-4-5]",2,44,3.22898,0.97,0.57047,2,0.5,1920,1601
3521,349.675,ga_tcheby_proxy,mesh9,3,7,0,"[3-6-7]",2,42,3.21103,0.97,0.560137,2,0.5,1921,1601
3522,349.803,ga_tcheby_proxy,mesh9,1,5,0,"[1-2-5]",2,42,3.21103,0.97,0.57047,2,0.5,1922,1601
3523,349.822,ga_tcheby_proxy,mesh9,7,3,1,"[]",0,0,0,0,0,0,0.5,1922,1602
3524,349.902,ga_tcheby_proxy,mesh9,6,0,0,"[6-3-0]",2,40,3.19307,0.975,0.57047,2,0.5,1923,1602
3525,349.948,ga_tcheby_proxy,mesh9,1,8,1,"[]",0,0,0,0,0,0,0.5,1923,1603
3526,350.039,ga_tcheby_proxy,mesh9,1,8,0,"[1-4-7-8]",3,62,4.80756,0.97,0.569024,3,0.5,1924,1603
3527,350.197,ga_tcheby_proxy,mesh9,6,1,0,"[6-3-4-1]",3,62,4.80756,0.97,0.57047,3,0.5,1925,1603
3528,350.377,ga_tcheby_proxy,mesh9,8,7,0,"[8-7]",1,22,1.61449,0.97,0.550877,1,0.5,1926,1603
3529,350.548,ga_tcheby_proxy,mesh9,8,0,0,"[8-5-2-1-0]",4,84,6.42205,0.97,0.57047,4,0.5,1927,1603
3530,350.568,ga_tcheby_proxy,mesh9,1,7,1,"[]",0,0,0,0,0,0,0.5,1927,1604
3531,350.591,ga_tcheby_proxy,mesh9,6,4,1,"[]",0,0,0,0,0,0,0.5,1927,1605
3532,350.614,ga_tcheby_proxy,mesh9,2,1,1,"[]",0,0,0,0,0,0,0.5,1927,1606
3533,350.685,ga_tcheby_proxy,mesh9,4,1,0,"[4-1]",1,20,1.59654,0.975,0.571906,1,0.5,1928,1606
3534,350.827,ga_tcheby_proxy,mesh9,5,0,0,"[5-2-1-0]",3,64,4.82552,0.97,0.571906,3,0.5,1929,1606
3535,350.88,ga_tcheby_proxy,mesh9,7,5,1,"[]",0,0,0,0,0,0,0.5,1929,1607
3536,351.177,ga_tcheby_proxy,mesh9,6,1,0,"[6-3-0-1]",3,62,4.80756,0.97,0.571906,3,0.5,1930,1607
3537,351.247,ga_tcheby_proxy,mesh9,5,0,0,"[5-2-1-0]",3,64,4.89714,0.941962,0.573333,3,0.5,1931,1607
3538,351.271,ga_tcheby_proxy,mesh9,3,5,1,"[]",0,0,0,0,0,0,0.5,1931,1608
3539,351.303,ga_tcheby_proxy,mesh9,0,7,1,"[]",0,0,0,0,0,0,0.5,1931,1609
3540,351.516,ga_tcheby_proxy,mesh9,7,4,0,"[7-4]",1,20,1.59654,0.975,0.567568,1,0.5,1932,1609
3541,351.594,ga_tcheby_proxy,mesh9,8,5,0,"[8-5]",1,20,1.59654,0.975,0.567568,1,0.5,1933,1609
3542,351.965,ga_tcheby_proxy,mesh9,4,0,0,"[4-3-0]",2,42,3.21103,0.97,0.573333,2,0.5,1934,1609
3543,351.979,ga_tcheby_proxy,mesh9,7,3,1,"[]",0,0,0,0,0,0,0.5,1934,1610
3544,352.125,ga_tcheby_proxy,mesh9,0,1,0,"[0-1]",1,22,1.61449,0.97,0.542857,1,0.5,1935,1610
3545,352.213,ga_tcheby_proxy,mesh9,8,7,0,"[8-7]",1,22,1.70651,0.915524,0.552448,1,0.5,1936,1610
3546,352.237,ga_tcheby_proxy,mesh9,3,8,1,"[]",0,0,0,0,0,0,0.5,1936,1611
3547,352.4,ga_tcheby_proxy,mesh9,2,4,0,"[2-5-4]",2,42,3.21103,0.97,0.564626,2,0.5,1937,1611
3548,352.553,ga_tcheby_proxy,mesh9,8,4,0,"[8-5-4]",2,42,3.21103,0.97,0.569024,2,0.5,1938,1611
3549,352.564,ga_tcheby_proxy,mesh9,7,2,1,"[]",0,0,0,0,0,0,0.5,1938,1612
3550,352.597,ga_tcheby_proxy,mesh9,8,2,1,"[]",0,0,0,0,0,0,0.5,1938,1613
3551,352.649,ga_tcheby_proxy,mesh9,8,0,1,"[]",0,0,0,0,0,0,0.5,1938,1614
3552,352.69,ga_tcheby_proxy,mesh9,7,0,1,"[]",0,0,0,0,0,0,0.5,1938,1615
3553,352.711,ga_tcheby_proxy,mesh9,7,3,1,"[]",0,0,0,0,0,0,0.5,1938,1616
3554,352.751,ga_tcheby_proxy,mesh9,4,2,1,"[]",0,0,0,0,0,0,0.5,1938,1617
3555,352.79,ga_tcheby_proxy,mesh9,6,2,1,"[]",0,0,0,0,0,0,0.5,1938,1618
3556,352.792,ga_tcheby_proxy,mesh9,3,6,1,"[]",0,0,0,0,0,0,0.5,1938,1619
3557,352.889,ga_tcheby_proxy,mesh9,7,3,0,"[7-4-3]",2,42,3.21103,0.97,0.569024,2,0.5,1939,1619
3558,352.938,ga_tcheby_proxy,mesh9,5,1,1,"[]",0,0,0,0,0,0,0.5,1939,1620
3559,353.027,ga_tcheby_proxy,mesh9,4,7,0,"[4-7]",1,20,1.59654,0.975,0.56314,1,0.5,1940,1620
3560,353.047,ga_tcheby_proxy,mesh9,0,4,1,"[]",0,0,0,0,0,0,0.5,1940,1621
3561,353.06,ga_tcheby_proxy,mesh9,0,5,1,"[]",0,0,0,0,0,0,0.5,1940,1622
3562,353.15,ga_tcheby_proxy,mesh9,1,4,0,"[1-4]",1,20,1.59654,0.975,0.557093,1,0.5,1941,1622
3563,353.199,ga_tcheby_proxy,mesh9,4,6,1,"[]",0,0,0,0,0,0,0.5,1941,1623
3564,353.289,ga_tcheby_proxy,mesh9,7,0,0,"[7-4-1-0]",3,62,4.80756,0.97,0.573333,3,0.5,1942,1623
3565,353.438,ga_tcheby_proxy,mesh9,7,2,0,"[7-4-1-2]",3,62,4.80756,0.97,0.574751,3,0.5,1943,1623
3566,353.476,ga_tcheby_proxy,mesh9,1,8,1,"[]",0,0,0,0,0,0,0.5,1943,1624
3567,353.59,ga_tcheby_proxy,mesh9,5,0,0,"[5-4-3-0]",3,64,4.82552,0.97,0.574751,3,0.5,1944,1624
3568,353.623,ga_tcheby_proxy,mesh9,0,8,1,"[]",0,0,0,0,0,0,0.5,1944,1625
3569,353.627,ga_tcheby_proxy,mesh9,4,6,1,"[]",0,0,0,0,0,0,0.5,1944,1626
3570,353.635,ga_tcheby_proxy,mesh9,4,5,1,"[]",0,0,0,0,0,0,0.5,1944,1627
3571,353.9,ga_tcheby_proxy,mesh9,6,8,0,"[6-7-8]",2,44,3.22898,0.97,0.57047,2,0.5,1945,1627
3572,353.933,ga_tcheby_proxy,mesh9,6,8,1,"[]",0,0,0,0,0,0,0.5,1945,1628
3573,353.966,ga_tcheby_proxy,mesh9,4,1,1,"[]",0,0,0,0,0,0,0.5,1945,1629
3574,354.208,ga_tcheby_proxy,mesh9,7,6,0,"[7-6]",1,22,1.61449,0.97,0.522388,1,0.5,1946,1629
3575,354.245,ga_tcheby_proxy,mesh9,5,8,1,"[]",0,0,0,0,0,0,0.5,1946,1630
3576,354.303,ga_tcheby_proxy,mesh9,7,6,1,"[]",0,0,0,0,0,0,0.5,1946,1631
3577,354.368,ga_tcheby_proxy,mesh9,1,8,1,"[]",0,0,0,0,0,0,0.5,1946,1632
3578,354.57,ga_tcheby_proxy,mesh9,3,5,0,"[3-4-5]",2,44,3.22898,0.97,0.571906,2,0.5,1947,1632
3579,354.586,ga_tcheby_proxy,mesh9,7,6,1,"[]",0,0,0,0,0,0,0.5,1947,1633
3580,354.601,ga_tcheby_proxy,mesh9,8,5,1,"[]",0,0,0,0,0,0,0.5,1947,1634
3581,354.602,ga_tcheby_proxy,mesh9,1,8,1,"[]",0,0,0,0,0,0,0.5,1947,1635
3582,354.815,ga_tcheby_proxy,mesh9,6,5,0,"[6-7-8-5]",3,64,4.82552,0.97,0.571906,3,0.5,1948,1635
3583,354.909,ga_tcheby_proxy,mesh9,6,1,0,"[6-7-4-1]",3,62,4.80756,0.97,0.576159,3,0.5,1949,1635
3584,354.992,ga_tcheby_proxy,mesh9,8,2,0,"[8-5-2]",2,40,3.19307,0.975,0.574751,2,0.5,1950,1635
3585,355.049,ga_tcheby_proxy,mesh9,2,5,1,"[]",0,0,0,0,0,0,0.5,1950,1636
3586,355.115,ga_tcheby_proxy,mesh9,0,2,0,"[0-1-2]",2,44,3.42533,0.909346,0.573333,2,0.5,1951,1636
3587,355.238,ga_tcheby_proxy,mesh9,5,7,0,"[5-8-7]",2,42,3.21103,0.97,0.566102,2,0.5,1952,1636
3588,355.329,ga_tcheby_proxy,mesh9,5,6,0,"[5-8-7-6]",3,64,4.82552,0.97,0.567568,3,0.5,1953,1636
3589,355.488,ga_tcheby_proxy,mesh9,2,1,0,"[2-1]",1,22,1.61449,0.97,0.566102,1,0.5,1954,1636
3590,355.502,ga_tcheby_proxy,mesh9,5,1,1,"[]",0,0,0,0,0,0,0.5,1954,1637
3591,355.733,ga_tcheby_proxy,mesh9,3,0,0,"[3-0]",1,20,1.59654,0.975,0.576159,1,0.5,1955,1637
3592,356.033,ga_tcheby_proxy,mesh9,6,3,0,"[6-3]",1,20,1.59654,0.975,0.57047,1,0.5,1956,1637
3593,356.367,ga_tcheby_proxy,mesh9,3,4,0,"[3-4]",1,22,1.61449,0.97,0.557093,1,0.5,1957,1637
3594,356.436,ga_tcheby_proxy,mesh9,3,4,0,"[3-6-7-4]",3,62,4.80756,0.97,0.574751,3,0.5,1958,1637
3595,356.447,ga_tcheby_proxy,mesh9,2,7,1,"[]",0,0,0,0,0,0,0.5,1958,1638
3596,356.475,ga_tcheby_proxy,mesh9,8,1,1,"[]",0,0,0,0,0,0,0.5,1958,1639
3597,356.66,ga_tcheby_proxy,mesh9,7,8,0,"[7-8]",1,22,1.61449,0.97,0.573333,1,0.5,1959,1639
3598,356.79,ga_tcheby_proxy,mesh9,5,4,0,"[5-4]",1,22,1.61449,0.97,0.569024,1,0.5,1960,1639
3599,356.877,ga_tcheby_proxy,mesh9,1,5,0,"[1-4-5]",2,42,3.21103,0.97,0.573333,2,0.5,1961,1639
3600,356.939,ga_tcheby_proxy,mesh9,3,8,1,"[]",0,0,0,0,0,0,0.5,1961,1640
3601,357.019,ga_tcheby_proxy,mesh9,6,0,0,"[6-3-0]",2,40,3.19307,0.975,0.577558,2,0.5,1962,1640
3602,357.075,ga_tcheby_proxy,mesh9,1,0,1,"[]",0,0,0,0,0,0,0.5,1962,1641
3603,357.338,ga_tcheby_proxy,mesh9,7,6,0,"[7-6]",1,22,1.61449,0.97,0.525926,1,0.5,1963,1641
3604,357.387,ga_tcheby_proxy,mesh9,0,1,1,"[]",0,0,0,0,0,0,0.5,1963,1642
3605,357.456,ga_tcheby_proxy,mesh9,8,0,0,"[8-5-4-3-0]",4,84,6.48781,0.930438,0.578947,4,0.5,1964,1642
3606,357.469,ga_tcheby_proxy,mesh9,1,2,1,"[]",0,0,0,0,0,0,0.5,1964,1643
3607,357.498,ga_tcheby_proxy,mesh9,6,2,1,"[]",0,0,0,0,0,0,0.5,1964,1644
3608,357.704,ga_tcheby_proxy,mesh9,0,7,0,"[0-3-6-7]",3,62,4.80756,0.97,0.56314,3,0.5,1965,1644
3609,357.751,ga_tcheby_proxy,mesh9,0,5,1,"[]",0,0,0,0,0,0,0.5,1965,1645
3610,357.769,ga_tcheby_proxy,mesh9,0,5,1,"[]",0,0,0,0,0,0,0.5,1965,1646
3611,357.817,ga_tcheby_proxy,mesh9,4,1,1,"[]",0,0,0,0,0,0,0.5,1965,1647
3612,357.848,ga_tcheby_proxy,mesh9,4,6,1,"[]",0,0,0,0,0,0,0.5,1965,1648
3613,357.878,ga_tcheby_proxy,mesh9,0,7,1,"[]",0,0,0,0,0,0,0.5,1965,1649
3614,358.028,ga_tcheby_proxy,mesh9,4,2,0,"[4-5-2]",2,42,3.21103,0.97,0.576159,2,0.5,1966,1649
3615,358.298,ga_tcheby_proxy,mesh9,2,6,0,"[2-1-4-7-6]",4,84,6.42205,0.97,0.567568,4,0.5,1967,1649
3616,358.424,ga_tcheby_proxy,mesh9,3,4,0,"[3-4]",1,22,1.61449,0.97,0.558621,1,0.5,1968,1649
3617,358.467,ga_tcheby_proxy,mesh9,1,3,1,"[]",0,0,0,0,0,0,0.5,1968,1650
3618,358.633,ga_tcheby_proxy,mesh9,0,8,0,"[0-1-4-7-8]",4,84,6.42205,0.97,0.574751,4,0.5,1969,1650
3619,358.673,ga_tcheby_proxy,mesh9,8,0,1,"[]",0,0,0,0,0,0,0.5,1969,1651
3620,358.785,ga_tcheby_proxy,mesh9,3,8,0,"[3-4-5-8]",3,64,4.82552,0.97,0.576159,3,0.5,1970,1651
3621,358.838,ga_tcheby_proxy,mesh9,7,4,1,"[]",0,0,0,0,0,0,0.5,1970,1652
3622,359.008,ga_tcheby_proxy,mesh9,3,2,0,"[3-4-5-2]",3,64,4.82552,0.97,0.577558,3,0.5,1971,1652
3623,359.213,ga_tcheby_proxy,mesh9,6,8,0,"[6-7-8]",2,44,3.22898,0.97,0.576159,2,0.5,1972,1652
3624,359.499,ga_tcheby_proxy,mesh9,3,1,0,"[3-4-1]",2,42,3.21103,0.97,0.577558,2,0.5,1973,1652
3625,359.559,ga_tcheby_proxy,mesh9,6,1,1,"[]",0,0,0,0,0,0,0.5,1973,1653
3626,359.638,ga_tcheby_proxy,mesh9,6,1,0,"[6-3-4-1]",3,62,4.80756,0.97,0.578947,3,0.5,1974,1653
3627,359.916,ga_tcheby_proxy,mesh9,8,2,0,"[8-5-2]",2,40,3.19307,0.975,0.578947,2,0.5,1975,1653
3628,360.033,ga_tcheby_proxy,mesh9,6,3,0,"[6-3]",1,20,1.59654,0.975,0.574751,1,0.5,1976,1653
3629,360.525,ga_tcheby_proxy,mesh9,6,4,0,"[6-3-4]",2,42,3.21103,0.97,0.576159,2,0.5,1977,1653
3630,360.786,ga_tcheby_proxy,mesh9,3,4,0,"[3-4]",1,22,1.61449,0.97,0.567568,1,0.5,1978,1653
3631,360.847,ga_tcheby_proxy,mesh9,0,5,1,"[]",0,0,0,0,0,0,0.5,1978,1654
3632,360.982,ga_tcheby_proxy,mesh9,7,8,0,"[7-8]",1,22,1.61449,0.97,0.577558,1,0.5,1979,1654
3633,360.998,ga_tcheby_proxy,mesh9,4,1,1,"[]",0,0,0,0,0,0,0.5,1979,1655
3634,361.147,ga_tcheby_proxy,mesh9,0,4,0,"[0-1-4]",2,42,3.21103,0.97,0.56314,2,0.5,1980,1655
3635,361.147,ga_tcheby_proxy,mesh9,6,3,0,"[6-3]",1,20,1.60337,0.970728,0.57947,1,0.5,1981,1655
3636,361.168,ga_tcheby_proxy,mesh9,3,6,1,"[]",0,0,0,0,0,0,0.5,1981,1656
3637,361.203,ga_tcheby_proxy,mesh9,1,4,1,"[]",0,0,0,0,0,0,0.5,1981,1657
3638,361.21,ga_tcheby_proxy,mesh9,2,8,1,"[]",0,0,0,0,0,0,0.5,1981,1658
3639,361.224,ga_tcheby_proxy,mesh9,8,2,1,"[]",0,0,0,0,0,0,0.5,1981,1659
3640,361.287,ga_tcheby_proxy,mesh9,7,8,0,"[7-4-5-8]",3,62,4.95075,0.926208,0.59661,3,0.5,1982,1659
3641,361.393,ga_tcheby_proxy,mesh9,4,3,0,"[4-3]",1,22,1.61449,0.97,0.57047,1,0.5,1983,1659
3642,361.573,ga_tcheby_proxy,mesh9,3,2,0,"[3-4-5-2]",3,64,4.82552,0.97,0.580328,3,0.5,1984,1659
3643,361.677,ga_tcheby_proxy,mesh9,3,8,0,"[3-6-7-8]",3,64,4.82552,0.97,0.578947,3,0.5,1985,1659
3644,361.724,ga_tcheby_proxy,mesh9,5,3,1,"[]",0,0,0,0,0,0,0.5,1985,1660
3645,361.782,ga_tcheby_proxy,mesh9,4,2,1,"[]",0,0,0,0,0,0,0.5,1985,1661
3646,361.826,ga_tcheby_proxy,mesh9,2,1,1,"[]",0,0,0,0,0,0,0.5,1985,1662
3647,361.895,ga_tcheby_proxy,mesh9,5,2,0,"[5-4-1-2]",3,64,4.89666,0.927335,0.580328,3,0.5,1986,1662
3648,362.131,ga_tcheby_proxy,mesh9,4,7,0,"[4-7]",1,20,1.59654,0.975,0.567568,1,0.5,1987,1662
3649,362.29,ga_tcheby_proxy,mesh9,4,7,0,"[4-7]",1,20,1.59654,0.975,0.569024,1,0.5,1988,1662
3650,362.415,ga_tcheby_proxy,mesh9,2,8,0,"[2-5-8]",2,40,3.19307,0.975,0.571906,2,0.5,1989,1662
3651,362.538,ga_tcheby_proxy,mesh9,2,0,0,"[2-1-0]",2,44,3.22898,0.97,0.569024,2,0.5,1990,1662
3652,362.799,ga_tcheby_proxy,mesh9,0,3,0,"[0-3]",1,20,1.59654,0.975,0.537906,1,0.5,1991,1662
3653,362.834,ga_tcheby_proxy,mesh9,1,4,1,"[]",0,0,0,0,0,0,0.5,1991,1663
3654,362.855,ga_tcheby_proxy,mesh9,7,0,1,"[]",0,0,0,0,0,0,0.5,1991,1664
3655,362.916,ga_tcheby_proxy,mesh9,7,5,1,"[]",0,0,0,0,0,0,0.5,1991,1665
3656,363.001,ga_tcheby_proxy,mesh9,1,6,0,"[1-0-3-6]",3,62,4.80756,0.97,0.566102,3,0.5,1992,1665
3657,363.146,ga_tcheby_proxy,mesh9,2,3,0,"[2-1-0-3]",3,64,4.82552,0.97,0.57047,3,0.5,1993,1665
3658,363.192,ga_tcheby_proxy,mesh9,0,4,1,"[]",0,0,0,0,0,0,0.5,1993,1666
3659,363.197,ga_tcheby_proxy,mesh9,3,2,1,"[]",0,0,0,0,0,0,0.5,1993,1667
3660,363.223,ga_tcheby_proxy,mesh9,5,4,1,"[]",0,0,0,0,0,0,0.5,1993,1668
3661,363.239,ga_tcheby_proxy,mesh9,0,1,1,"[]",0,0,0,0,0,0,0.5,1993,1669
3662,363.647,ga_tcheby_proxy,mesh9,0,6,0,"[0-3-6]",2,40,3.19307,0.975,0.567568,2,0.5,1994,1669
3663,363.736,ga_tcheby_proxy,mesh9,4,2,0,"[4-5-2]",2,42,3.21103,0.97,0.581699,2,0.5,1995,1669
3664,363.854,ga_tcheby_proxy,mesh9,1,5,0,"[1-2-5]",2,42,3.21103,0.97,0.576159,2,0.5,1996,1669
3665,363.948,ga_tcheby_proxy,mesh9,0,7,0,"[0-3-6-7]",3,62,4.80756,0.97,0.569024,3,0.5,1997,1669
3666,364.023,ga_tcheby_proxy,mesh9,8,0,0,"[8-5-4-3-0]",4,84,6.42205,0.97,0.580328,4,0.5,1998,1669
3667,364.23,ga_tcheby_proxy,mesh9,4,5,0,"[4-5]",1,22,1.61449,0.97,0.583062,1,0.5,1999,1669
3668,364.344,ga_tcheby_proxy,mesh9,3,0,0,"[3-0]",1,20,1.59654,0.975,0.581699,1,0.5,2000,1669
3669,364.448,ga_tcheby_proxy,mesh9,5,0,0,"[5-4-1-0]",3,64,4.82552,0.97,0.581699,3,0.5,2001,1669
3670,364.578,ga_tcheby_proxy,mesh9,1,5,0,"[1-2-5]",2,42,3.21103,0.97,0.577558,2,0.5,2002,1669
3671,364.627,ga_tcheby_proxy,mesh9,5,6,1,"[]",0,0,0,0,0,0,0.5,2002,1670
3672,364.698,ga_tcheby_proxy,mesh9,8,5,0,"[8-5]",1,20,1.59654,0.975,0.577558,1,0.5,2003,1670
3673,364.746,ga_tcheby_proxy,mesh9,5,7,1,"[]",0,0,0,0,0,0,0.5,2003,1671
3674,364.784,ga_tcheby_proxy,mesh9,0,3,1,"[]",0,0,0,0,0,0,0.5,2003,1672
3675,364.79,ga_tcheby_proxy,mesh9,8,1,1,"[]",0,0,0,0,0,0,0.5,2003,1673
3676,364.828,ga_tcheby_proxy,mesh9,2,4,1,"[]",0,0,0,0,0,0,0.5,2003,1674
3677,364.924,ga_tcheby_proxy,mesh9,7,3,0,"[7-4-3]",2,42,3.21103,0.97,0.577558,2,0.5,2004,1674
3678,364.98,ga_tcheby_proxy,mesh9,6,8,1,"[]",0,0,0,0,0,0,0.5,2004,1675
3679,364.99,ga_tcheby_proxy,mesh9,7,3,1,"[]",0,0,0,0,0,0,0.5,2004,1676
3680,365.011,ga_tcheby_proxy,mesh9,5,2,1,"[]",0,0,0,0,0,0,0.5,2004,1677
3681,365.108,ga_tcheby_proxy,mesh9,5,6,0,"[5-8-7-6]",3,64,4.82552,0.97,0.573333,3,0.5,2005,1677
3682,365.225,ga_tcheby_proxy,mesh9,3,6,0,"[3-6]",1,20,1.59654,0.975,0.57047,1,0.5,2006,1677
3683,365.481,ga_tcheby_proxy,mesh9,3,4,0,"[3-4]",1,22,1.61449,0.97,0.57047,1,0.5,2007,1677
3684,365.622,ga_tcheby_proxy,mesh9,8,3,0,"[8-5-4-3]",3,64,4.82552,0.97,0.578947,3,0.5,2008,1677
3685,365.81,ga_tcheby_proxy,mesh9,7,6,0,"[7-6]",1,22,1.61449,0.97,0.531136,1,0.5,2009,1677
3686,365.828,ga_tcheby_proxy,mesh9,4,3,1,"[]",0,0,0,0,0,0,0.5,2009,1678
3687,366.151,ga_tcheby_proxy,mesh9,7,6,0,"[7-6]",1,22,1.61449,0.97,0.532847,1,0.5,2010,1678
3688,366.271,ga_tcheby_proxy,mesh9,8,7,0,"[8-7]",1,22,1.61449,0.97,0.558621,1,0.5,2011,1678
3689,366.4,ga_tcheby_proxy,mesh9,6,0,0,"[6-3-0]",2,40,3.19307,0.975,0.583062,2,0.5,2012,1678
3690,366.48,ga_tcheby_proxy,mesh9,1,7,0,"[1-4-7]",2,40,3.19307,0.975,0.57047,2,0.5,2013,1678
3691,366.84,ga_tcheby_proxy,mesh9,4,5,0,"[4-5]",1,22,1.61449,0.97,0.584416,1,0.5,2014,1678
3692,366.943,ga_tcheby_proxy,mesh9,7,5,0,"[7-8-5]",2,42,3.21103,0.97,0.580328,2,0.5,2015,1678
3693,366.977,ga_tcheby_proxy,mesh9,5,0,1,"[]",0,0,0,0,0,0,0.5,2015,1679
3694,367.006,ga_tcheby_proxy,mesh9,0,6,1,"[]",0,0,0,0,0,0,0.5,2015,1680
3695,367.022,ga_tcheby_proxy,mesh9,3,6,1,"[]",0,0,0,0,0,0,0.5,2015,1681
3696,367.108,ga_tcheby_proxy,mesh9,8,1,0,"[8-7-4-1]",3,62,4.80756,0.97,0.583062,3,0.5,2016,1681
3697,367.146,ga_tcheby_proxy,mesh9,0,7,1,"[]",0,0,0,0,0,0,0.5,2016,1682
3698,367.28,ga_tcheby_proxy,mesh9,1,4,0,"[1-4]",1,20,1.59654,0.975,0.566102,1,0.5,2017,1682
3699,367.405,ga_tcheby_proxy,mesh9,0,5,0,"[0-1-2-5]",3,64,4.82552,0.97,0.578947,3,0.5,2018,1682
3700,367.431,ga_tcheby_proxy,mesh9,8,1,1,"[]",0,0,0,0,0,0,0.5,2018,1683
3701,367.701,ga_tcheby_proxy,mesh9,0,1,0,"[0-1]",1,22,1.61449,0.97,0.550877,1,0.5,2019,1683
3702,367.79,ga_tcheby_proxy,mesh9,3,6,0,"[3-6]",1,20,1.59654,0.975,0.571906,1,0.5,2020,1683
3703,367.922,ga_tcheby_proxy,mesh9,0,7,0,"[0-1-4-7]",3,62,4.80756,0.97,0.571906,3,0.5,2021,1683
3704,368.107,ga_tcheby_proxy,mesh9,5,3,0,"[5-4-3]",2,44,3.22898,0.97,0.577558,2,0.5,2022,1683
3705,368.144,ga_tcheby_proxy,mesh9,7,0,1,"[]",0,0,0,0,0,0,0.5,2022,1684
3706,368.149,ga_tcheby_proxy,mesh9,1,5,1,"[]",0,0,0,0,0,0,0.5,2022,1685
3707,368.159,ga_tcheby_proxy,mesh9,7,1,1,"[]",0,0,0,0,0,0,0.5,2022,1686
3708,368.248,ga_tcheby_proxy,mesh9,2,3,0,"[2-1-0-3]",3,64,4.82552,0.97,0.571906,3,0.5,2023,1686
3709,368.44,ga_tcheby_proxy,mesh9,0,4,0,"[0-1-4]",2,42,3.21103,0.97,0.569024,2,0.5,2024,1686
3710,368.545,ga_tcheby_proxy,mesh9,0,8,0,"[0-1-2-5-8]",4,84,6.42205,0.97,0.580328,4,0.5,2025,1686
3711,368.728,ga_tcheby_proxy,mesh9,2,7,0,"[2-1-4-7]",3,62,4.80756,0.97,0.573333,3,0.5,2026,1686
3712,368.804,ga_tcheby_proxy,mesh9,5,1,0,"[5-4-1]",2,42,3.21103,0.97,0.584416,2,0.5,2027,1686
3713,368.828,ga_tcheby_proxy,mesh9,0,3,1,"[]",0,0,0,0,0,0,0.5,2027,1687
3714,368.943,ga_tcheby_proxy,mesh9,7,4,0,"[7-4]",1,20,1.59654,0.975,0.580328,1,0.5,2028,1687
3715,368.945,ga_tcheby_proxy,mesh9,8,5,0,"[8-5]",1,20,1.666,0.93288,0.581699,1,0.5,2029,1687
3716,369.032,ga_tcheby_proxy,mesh9,2,0,0,"[2-1-0]",2,44,3.33225,0.909281,0.574751,2,0.5,2030,1687
3717,369.13,ga_tcheby_proxy,mesh9,3,6,0,"[3-6]",1,20,1.59654,0.975,0.573333,1,0.5,2031,1687
3718,369.353,ga_tcheby_proxy,mesh9,8,2,0,"[8-5-2]",2,40,3.19307,0.975,0.583062,2,0.5,2032,1687
3719,369.357,ga_tcheby_proxy,mesh9,8,0,0,"[8-7-4-3-0]",4,84,6.83926,0.908436,0.588235,4,0.5,2033,1687
3720,369.501,ga_tcheby_proxy,mesh9,3,1,0,"[3-4-1]",2,42,3.21103,0.97,0.585761,2,0.5,2034,1687
3721,369.522,ga_tcheby_proxy,mesh9,2,4,1,"[]",0,0,0,0,0,0,0.5,2034,1688
3722,369.566,ga_tcheby_proxy,mesh9,6,5,1,"[]",0,0,0,0,0,0,0.5,2034,1689
3723,369.617,ga_tcheby_proxy,mesh9,0,2,1,"[]",0,0,0,0,0,0,0.5,2034,1690
3724,369.65,ga_tcheby_proxy,mesh9,1,3,1,"[]",0,0,0,0,0,0,0.5,2034,1691
3725,369.744,ga_tcheby_proxy,mesh9,3,8,0,"[3-4-7-8]",3,64,4.82552,0.97,0.581699,3,0.5,2035,1691
3726,369.823,ga_tcheby_proxy,mesh9,1,5,0,"[1-2-5]",2,42,3.21103,0.97,0.581699,2,0.5,2036,1691
3727,370.03,ga_tcheby_proxy,mesh9,3,7,0,"[3-6-7]",2,42,3.21103,0.97,0.574751,2,0.5,2037,1691
3728,370.033,ga_tcheby_proxy,mesh9,8,2,0,"[8-5-2]",2,40,3.34235,0.929701,0.584416,2,0.5,2038,1691
3729,370.169,ga_tcheby_proxy,mesh9,5,8,0,"[5-8]",1,20,1.59654,0.975,0.576159,1,0.5,2039,1691
3730,370.366,ga_tcheby_proxy,mesh9,7,8,0,"[7-8]",1,22,1.61449,0.97,0.583062,1,0.5,2040,1691
3731,370.389,ga_tcheby_proxy,mesh9,8,4,1,"[]",0,0,0,0,0,0,0.5,2040,1692
3732,370.395,ga_tcheby_proxy,mesh9,2,1,1,"[]",0,0,0,0,0,0,0.5,2040,1693
3733,370.546,ga_tcheby_proxy,mesh9,5,6,0,"[5-8-7-6]",3,64,4.82552,0.97,0.577558,3,0.5,2041,1693
3734,370.55,ga_tcheby_proxy,mesh9,1,4,0,"[1-4]",1,20,1.71196,0.906955,0.571906,1,0.5,2042,1693
3735,370.741,ga_tcheby_proxy,mesh9,8,7,0,"[8-7]",1,22,1.61449,0.97,0.564626,1,0.5,2043,1693
3736,370.766,ga_tcheby_proxy,mesh9,2,7,1,"[]",0,0,0,0,0,0,0.5,2043,1694
3737,370.774,ga_tcheby_proxy,mesh9,0,5,1,"[]",0,0,0,0,0,0,0.5,2043,1695
3738,370.907,ga_tcheby_proxy,mesh9,5,4,0,"[5-4]",1,22,1.61449,0.97,0.580328,1,0.5,2044,1695
3739,371.13,ga_tcheby_proxy,mesh9,4,3,0,"[4-3]",1,22,1.61449,0.97,0.578947,1,0.5,2045,1695
3740,371.221,ga_tcheby_proxy,mesh9,3,5,0,"[3-4-5]",2,44,3.22898,0.97,0.585761,2,0.5,2046,1695
3741,371.289,ga_tcheby_proxy,mesh9,1,8,0,"[1-4-5-8]",3,62,4.90611,0.921117,0.587097,3,0.5,2047,1695
3742,371.572,ga_tcheby_proxy,mesh9,5,0,0,"[5-4-3-0]",3,64,4.82552,0.97,0.585761,3,0.5,2048,1695
3743,371.626,ga_tcheby_proxy,mesh9,2,3,1,"[]",0,0,0,0,0,0,0.5,2048,1696
3744,371.679,ga_tcheby_proxy,mesh9,3,2,1,"[]",0,0,0,0,0,0,0.5,2048,1697
3745,371.776,ga_tcheby_proxy,mesh9,0,4,0,"[0-1-4]",2,42,3.21103,0.97,0.574751,2,0.5,2049,1697
3746,371.838,ga_tcheby_proxy,mesh9,0,7,0,"[0-3-4-7]",3,62,4.94423,0.918735,0.576159,3,0.5,2050,1697
3747,371.853,ga_tcheby_proxy,mesh9,4,0,1,"[]",0,0,0,0,0,0,0.5,2050,1698
3748,371.996,ga_tcheby_proxy,mesh9,7,0,0,"[7-6-3-0]",3,62,4.80756,0.97,0.587097,3,0.5,2051,1698
3749,372.023,ga_tcheby_proxy,mesh9,1,5,1,"[]",0,0,0,0,0,0,0.5,2051,1699
3750,372.512,ga_tcheby_proxy,mesh9,4,0,0,"[4-1-0]",2,42,3.21103,0.97,0.587097,2,0.5,2052,1699
3751,372.6,ga_tcheby_proxy,mesh9,0,2,0,"[0-1-2]",2,44,3.22898,0.97,0.583062,2,0.5,2053,1699
3752,372.683,ga_tcheby_proxy,mesh9,8,6,0,"[8-7-6]",2,44,3.22898,0.97,0.566102,2,0.5,2054,1699
3753,372.85,ga_tcheby_proxy,mesh9,6,8,0,"[6-7-8]",2,44,3.22898,0.97,0.584416,2,0.5,2055,1699
3754,372.918,ga_tcheby_proxy,mesh9,4,1,0,"[4-1]",1,20,1.59654,0.975,0.588424,1,0.5,2056,1699
3755,373.124,ga_tcheby_proxy,mesh9,2,8,0,"[2-5-8]",2,40,3.19307,0.975,0.580328,2,0.5,2057,1699
3756,373.29,ga_tcheby_proxy,mesh9,6,7,0,"[6-7]",1,22,1.61449,0.97,0.567568,1,0.5,2058,1699
3757,373.377,ga_tcheby_proxy,mesh9,3,4,0,"[3-4]",1,22,1.61449,0.97,0.577558,1,0.5,2059,1699
3758,373.382,ga_tcheby_proxy,mesh9,8,7,1,"[]",0,0,0,0,0,0,0.5,2059,1700
3759,373.398,ga_tcheby_proxy,mesh9,3,0,1,"[]",0,0,0,0,0,0,0.5,2059,1701
3760,373.441,ga_tcheby_proxy,mesh9,7,2,1,"[]",0,0,0,0,0,0,0.5,2059,1702
3761,373.444,ga_tcheby_proxy,mesh9,3,6,1,"[]",0,0,0,0,0,0,0.5,2059,1703
3762,373.478,ga_tcheby_proxy,mesh9,5,7,1,"[]",0,0,0,0,0,0,0.5,2059,1704
3763,373.865,ga_tcheby_proxy,mesh9,7,1,0,"[7-4-1]",2,40,3.19307,0.975,0.589744,2,0.5,2060,1704
3764,373.952,ga_tcheby_proxy,mesh9,1,4,0,"[1-4]",1,20,1.59654,0.975,0.576159,1,0.5,2061,1704
3765,374.228,ga_tcheby_proxy,mesh9,0,4,0,"[0-1-4]",2,42,3.21103,0.97,0.577558,2,0.5,2062,1704
3766,374.236,ga_tcheby_proxy,mesh9,5,1,1,"[]",0,0,0,0,0,0,0.5,2062,1705
3767,374.246,ga_tcheby_proxy,mesh9,3,4,1,"[]",0,0,0,0,0,0,0.5,2062,1706
3768,374.331,ga_tcheby_proxy,mesh9,7,5,0,"[7-8-5]",2,42,3.21103,0.97,0.585761,2,0.5,2063,1706
3769,374.447,ga_tcheby_proxy,mesh9,3,0,0,"[3-0]",1,20,1.59654,0.975,0.588424,1,0.5,2064,1706
3770,374.514,ga_tcheby_proxy,mesh9,2,1,0,"[2-5-4-1]",3,62,4.80756,0.97,0.591054,3,0.5,2065,1706
3771,374.637,ga_tcheby_proxy,mesh9,7,3,0,"[7-6-3]",2,42,3.21103,0.97,0.581699,2,0.5,2066,1706
3772,374.674,ga_tcheby_proxy,mesh9,1,4,1,"[]",0,0,0,0,0,0,0.5,2066,1707
3773,374.739,ga_tcheby_proxy,mesh9,8,5,1,"[]",0,0,0,0,0,0,0.5,2066,1708
3774,374.753,ga_tcheby_proxy,mesh9,3,1,1,"[]",0,0,0,0,0,0,0.5,2066,1709
3775,374.787,ga_tcheby_proxy,mesh9,1,3,1,"[]",0,0,0,0,0,0,0.5,2066,1710
3776,374.925,ga_tcheby_proxy,mesh9,7,2,0,"[7-8-5-2]",3,62,4.80756,0.97,0.587097,3,0.5,2067,1710
3777,374.996,ga_tcheby_proxy,mesh9,6,0,0,"[6-3-0]",2,40,3.29483,0.91451,0.589744,2,0.5,2068,1710
3778,375.062,ga_tcheby_proxy,mesh9,6,3,0,"[6-3]",1,20,1.63979,0.948336,0.584416,1,0.5,2069,1710
3779,375.242,ga_tcheby_proxy,mesh9,3,7,0,"[3-6-7]",2,42,3.21103,0.97,0.576159,2,0.5,2070,1710
3780,375.396,ga_tcheby_proxy,mesh9,2,0,0,"[2-1-0]",2,44,3.22898,0.97,0.576159,2,0.5,2071,1710
3781,375.475,ga_tcheby_proxy,mesh9,1,8,0,"[1-4-5-8]",3,62,4.80756,0.97,0.588424,3,0.5,2072,1710
3782,375.657,ga_tcheby_proxy,mesh9,3,5,0,"[3-4-5]",2,44,3.22898,0.97,0.589744,2,0.5,2073,1710
3783,375.744,ga_tcheby_proxy,mesh9,8,2,0,"[8-5-2]",2,40,3.19307,0.975,0.588424,2,0.5,2074,1710
3784,375.827,ga_tcheby_proxy,mesh9,8,6,0,"[8-7-6]",2,44,3.30773,0.922999,0.567568,2,0.5,2075,1710
3785,375.859,ga_tcheby_proxy,mesh9,5,4,1,"[]",0,0,0,0,0,0,0.5,2075,1711
3786,375.973,ga_tcheby_proxy,mesh9,4,7,0,"[4-7]",1,20,1.59654,0.975,0.577558,1,0.5,2076,1711
3787,376.07,ga_tcheby_proxy,mesh9,3,4,0,"[3-4]",1,22,1.61449,0.97,0.580328,1,0.5,2077,1711
3788,376.097,ga_tcheby_proxy,mesh9,5,4,1,"[]",0,0,0,0,0,0,0.5,2077,1712
3789,376.155,ga_tcheby_proxy,mesh9,1,4,1,"[]",0,0,0,0,0,0,0.5,2077,1713
3790,376.225,ga_tcheby_proxy,mesh9,0,7,0,"[0-3-6-7]",3,62,4.80756,0.97,0.577558,3,0.5,2078,1713
3791,376.364,ga_tcheby_proxy,mesh9,8,4,0,"[8-7-4]",2,42,3.21103,0.97,0.584416,2,0.5,2079,1713
3792,376.394,ga_tcheby_proxy,mesh9,1,5,1,"[]",0,0,0,0,0,0,0.5,2079,1714
3793,376.501,ga_tcheby_proxy,mesh9,2,8,0,"[2-5-8]",2,40,3.19307,0.975,0.583062,2,0.5,2080,1714
3794,376.556,ga_tcheby_proxy,mesh9,3,0,1,"[]",0,0,0,0,0,0,0.5,2080,1715
3795,376.724,ga_tcheby_proxy,mesh9,2,3,0,"[2-1-0-3]",3,64,4.82552,0.97,0.577558,3,0.5,2081,1715
3796,376.822,ga_tcheby_proxy,mesh9,7,8,0,"[7-8]",1,22,1.61449,0.97,0.588424,1,0.5,2082,1715
3797,376.914,ga_tcheby_proxy,mesh9,0,7,0,"[0-3-6-7]",3,62,4.80756,0.97,0.578947,3,0.5,2083,1715
3798,376.931,ga_tcheby_proxy,mesh9,5,3,1,"[]",0,0,0,0,0,0,0.5,2083,1716
3799,376.992,ga_tcheby_proxy,mesh9,4,5,1,"[]",0,0,0,0,0,0,0.5,2083,1717
3800,377.002,ga_tcheby_proxy,mesh9,3,5,1,"[]",0,0,0,0,0,0,0.5,2083,1718
3801,377.025,ga_tcheby_proxy,mesh9,3,0,1,"[]",0,0,0,0,0,0,0.5,2083,1719
3802,377.142,ga_tcheby_proxy,mesh9,0,1,0,"[0-1]",1,22,1.61449,0.97,0.561644,1,0.5,2084,1719
3803,377.181,ga_tcheby_proxy,mesh9,6,0,1,"[]",0,0,0,0,0,0,0.5,2084,1720
3804,377.195,ga_tcheby_proxy,mesh9,7,6,1,"[]",0,0,0,0,0,0,0.5,2084,1721
3805,377.201,ga_tcheby_proxy,mesh9,3,1,1,"[]",0,0,0,0,0,0,0.5,2084,1722
3806,377.266,ga_tcheby_proxy,mesh9,4,7,0,"[4-5-8-7]",3,64,4.97387,0.911825,0.591054,3,0.5,2085,1722
3807,377.268,ga_tcheby_proxy,mesh9,1,3,1,"[]",0,0,0,0,0,0,0.5,2085,1723
3808,377.423,ga_tcheby_proxy,mesh9,3,4,0,"[3-4]",1,22,1.61449,0.97,0.581699,1,0.5,2086,1723
3809,377.502,ga_tcheby_proxy,mesh9,0,3,0,"[0-3]",1,20,1.59654,0.975,0.554007,1,0.5,2087,1723
3810,378.022,ga_tcheby_proxy,mesh9,6,5,0,"[6-7-8-5]",3,64,4.82552,0.97,0.589744,3,0.5,2088,1723
3811,378.149,ga_tcheby_proxy,mesh9,7,8,0,"[7-8]",1,22,1.61449,0.97,0.591054,1,0.5,2089,1723
3812,378.37,ga_tcheby_proxy,mesh9,2,7,0,"[2-1-4-7]",3,62,4.80756,0.97,0.580328,3,0.5,2090,1723
3813,378.388,ga_tcheby_proxy,mesh9,7,6,1,"[]",0,0,0,0,0,0,0.5,2090,1724
3814,378.633,ga_tcheby_proxy,mesh9,6,4,0,"[6-7-4]",2,42,3.21103,0.97,0.585761,2,0.5,2091,1724
3815,378.872,ga_tcheby_proxy,mesh9,5,4,0,"[5-4]",1,22,1.61449,0.97,0.584416,1,0.5,2092,1724
3816,378.887,ga_tcheby_proxy,mesh9,8,4,1,"[]",0,0,0,0,0,0,0.5,2092,1725
3817,378.916,ga_tcheby_proxy,mesh9,3,4,1,"[]",0,0,0,0,0,0,0.5,2092,1726
3818,378.989,ga_tcheby_proxy,mesh9,3,2,0,"[3-0-1-2]",3,64,5.01375,0.902112,0.591054,3,0.5,2093,1726
3819,379.026,ga_tcheby_proxy,mesh9,1,0,1,"[]",0,0,0,0,0,0,0.5,2093,1727
3820,379.044,ga_tcheby_proxy,mesh9,1,3,1,"[]",0,0,0,0,0,0,0.5,2093,1728
3821,379.439,ga_tcheby_proxy,mesh9,0,5,0,"[0-1-2-5]",3,64,4.82552,0.97,0.585761,3,0.5,2094,1728
3822,379.567,ga_tcheby_proxy,mesh9,8,1,0,"[8-5-2-1]",3,62,4.80756,0.97,0.591054,3,0.5,2095,1728
3823,379.648,ga_tcheby_proxy,mesh9,4,6,0,"[4-7-6]",2,42,3.21103,0.97,0.580328,2,0.5,2096,1728
3824,379.71,ga_tcheby_proxy,mesh9,2,8,1,"[]",0,0,0,0,0,0,0.5,2096,1729
3825,379.724,ga_tcheby_proxy,mesh9,3,2,1,"[]",0,0,0,0,0,0,0.5,2096,1730
3826,379.775,ga_tcheby_proxy,mesh9,8,7,1,"[]",0,0,0,0,0,0,0.5,2096,1731
3827,380.084,ga_tcheby_proxy,mesh9,1,5,0,"[1-2-5]",2,42,3.21103,0.97,0.587097,2,0.5,2097,1731
3828,380.235,ga_tcheby_proxy,mesh9,2,3,0,"[2-1-0-3]",3,64,4.82552,0.97,0.581699,3,0.5,2098,1731
3829,380.347,ga_tcheby_proxy,mesh9,3,8,0,"[3-4-7-8]",3,64,4.82552,0.97,0.592357,3,0.5,2099,1731
3830,380.398,ga_tcheby_proxy,mesh9,5,4,1,"[]",0,0,0,0,0,0,0.5,2099,1732
3831,380.43,ga_tcheby_proxy,mesh9,4,2,1,"[]",0,0,0,0,0,0,0.5,2099,1733
3832,380.481,ga_tcheby_proxy,mesh9,5,8,1,"[]",0,0,0,0,0,0,0.5,2099,1734
3833,380.505,ga_tcheby_proxy,mesh9,4,6,1,"[]",0,0,0,0,0,0,0.5,2099,1735
3834,380.569,ga_tcheby_proxy,mesh9,7,1,0,"[7-4-1]",2,40,3.25022,0.940081,0.592357,2,0.5,2100,1735
3835,380.63,ga_tcheby_proxy,mesh9,0,5,1,"[]",0,0,0,0,0,0,0.5,2100,1736
3836,380.661,ga_tcheby_proxy,mesh9,1,8,1,"[]",0,0,0,0,0,0,0.5,2100,1737
3837,380.704,ga_tcheby_proxy,mesh9,7,3,1,"[]",0,0,0,0,0,0,0.5,2100,1738
3838,380.721,ga_tcheby_proxy,mesh9,4,0,1,"[]",0,0,0,0,0,0,0.5,2100,1739
3839,380.828,ga_tcheby_proxy,mesh9,3,1,0,"[3-0-1]",2,42,3.21103,0.97,0.592357,2,0.5,2101,1739
3840,381.17,ga_tcheby_proxy,mesh9,6,7,0,"[6-7]",1,22,1.61449,0.97,0.576159,1,0.5,2102,1739
3841,381.197,ga_tcheby_proxy,mesh9,3,8,1,"[]",0,0,0,0,0,0,0.5,2102,1740
3842,381.404,ga_tcheby_proxy,mesh9,6,3,0,"[6-3]",1,20,1.59654,0.975,0.585761,1,0.5,2103,1740
3843,381.623,ga_tcheby_proxy,mesh9,3,8,0,"[3-4-5-8]",3,64,4.82552,0.97,0.592357,3,0.5,2104,1740
3844,381.78,ga_tcheby_proxy,mesh9,2,5,0,"[2-5]",1,20,1.59654,0.975,0.574751,1,0.5,2105,1740
3845,381.804,ga_tcheby_proxy,mesh9,0,1,1,"[]",0,0,0,0,0,0,0.5,2105,1741
3846,381.806,ga_tcheby_proxy,mesh9,6,0,1,"[]",0,0,0,0,0,0,0.5,2105,1742
3847,381.876,ga_tcheby_proxy,mesh9,6,4,0,"[6-7-4]",2,42,3.21103,0.97,0.588424,2,0.5,2106,1742
3848,381.881,ga_tcheby_proxy,mesh9,5,8,1,"[]",0,0,0,0,0,0,0.5,2106,1743
3849,382.004,ga_tcheby_proxy,mesh9,6,3,0,"[6-3]",1,20,1.59654,0.975,0.587097,1,0.5,2107,1743
3850,382.222,ga_tcheby_proxy,mesh9,5,3,0,"[5-4-3]",2,44,3.22898,0.97,0.585761,2,0.5,2108,1743
3851,382.293,ga_tcheby_proxy,mesh9,6,1,0,"[6-3-0-1]",3,62,4.80756,0.97,0.593651,3,0.5,2109,1743
3852,382.335,ga_tcheby_proxy,mesh9,6,8,1,"[]",0,0,0,0,0,0,0.5,2109,1744
3853,382.375,ga_tcheby_proxy,mesh9,0,5,1,"[]",0,0,0,0,0,0,0.5,2109,1745
3854,382.423,ga_tcheby_proxy,mesh9,0,7,1,"[]",0,0,0,0,0,0,0.5,2109,1746
3855,382.467,ga_tcheby_proxy,mesh9,8,0,1,"[]",0,0,0,0,0,0,0.5,2109,1747
3856,382.494,ga_tcheby_proxy,mesh9,5,8,1,"[]",0,0,0,0,0,0,0.5,2109,1748
3857,382.515,ga_tcheby_proxy,mesh9,2,7,1,"[]",0,0,0,0,0,0,0.5,2109,1749
3858,382.53,ga_tcheby_proxy,mesh9,1,0,1,"[]",0,0,0,0,0,0,0.5,2109,1750
3859,382.615,ga_tcheby_proxy,mesh9,2,0,0,"[2-1-0]",2,44,3.22898,0.97,0.583062,2,0.5,2110,1750
3860,382.623,ga_tcheby_proxy,mesh9,0,1,1,"[]",0,0,0,0,0,0,0.5,2110,1751
3861,382.913,ga_tcheby_proxy,mesh9,1,0,0,"[1-0]",1,22,1.61449,0.97,0.56314,1,0.5,2111,1751
3862,382.928,ga_tcheby_proxy,mesh9,6,5,1,"[]",0,0,0,0,0,0,0.5,2111,1752
3863,383.021,ga_tcheby_proxy,mesh9,2,3,0,"[2-1-0-3]",3,64,4.82552,0.97,0.584416,3,0.5,2112,1752
3864,383.044,ga_tcheby_proxy,mesh9,4,2,1,"[]",0,0,0,0,0,0,0.5,2112,1753
3865,383.1,ga_tcheby_proxy,mesh9,1,7,1,"[]",0,0,0,0,0,0,0.5,2112,1754
3866,383.154,ga_tcheby_proxy,mesh9,6,8,1,"[]",0,0,0,0,0,0,0.5,2112,1755
3867,383.171,ga_tcheby_proxy,mesh9,4,3,1,"[]",0,0,0,0,0,0,0.5,2112,1756
3868,383.226,ga_tcheby_proxy,mesh9,2,6,1,"[]",0,0,0,0,0,0,0.5,2112,1757
3869,383.243,ga_tcheby_proxy,mesh9,6,4,1,"[]",0,0,0,0,0,0,0.5,2112,1758
3870,383.263,ga_tcheby_proxy,mesh9,2,0,1,"[]",0,0,0,0,0,0,0.5,2112,1759
3871,383.305,ga_tcheby_proxy,mesh9,1,2,1,"[]",0,0,0,0,0,0,0.5,2112,1760
3872,383.435,ga_tcheby_proxy,mesh9,2,8,0,"[2-5-8]",2,40,3.19307,0.975,0.587097,2,0.5,2113,1760
3873,383.752,ga_tcheby_proxy,mesh9,4,6,0,"[4-3-6]",2,42,3.21103,0.97,0.583062,2,0.5,2114,1760
3874,383.941,ga_tcheby_proxy,mesh9,1,6,0,"[1-0-3-6]",3,62,4.80756,0.97,0.581699,3,0.5,2115,1760
3875,383.947,ga_tcheby_proxy,mesh9,6,2,1,"[]",0,0,0,0,0,0,0.5,2115,1761
3876,384.212,ga_tcheby_proxy,mesh9,0,5,0,"[0-1-2-5]",3,64,4.82552,0.97,0.588424,3,0.5,2116,1761
3877,384.231,ga_tcheby_proxy,mesh9,4,7,1,"[]",0,0,0,0,0,0,0.5,2116,1762
3878,384.277,ga_tcheby_proxy,mesh9,6,2,1,"[]",0,0,0,0,0,0,0.5,2116,1763
3879,384.294,ga_tcheby_proxy,mesh9,2,5,1,"[]",0,0,0,0,0,0,0.5,2116,1764
3880,384.33,ga_tcheby_proxy,mesh9,4,7,1,"[]",0,0,0,0,0,0,0.5,2116,1765
3881,384.353,ga_tcheby_proxy,mesh9,4,7,1,"[]",0,0,0,0,0,0,0.5,2116,1766
3882,384.473,ga_tcheby_proxy,mesh9,7,1,0,"[7-4-1]",2,40,3.19307,0.975,0.593651,2,0.5,2117,1766
3883,384.614,ga_tcheby_proxy,mesh9,4,8,0,"[4-7-8]",2,42,3.21103,0.97,0.593651,2,0.5,2118,1766
3884,384.679,ga_tcheby_proxy,mesh9,3,5,0,"[3-4-1-2-5]",4,84,6.58932,0.902069,0.594937,4,0.5,2119,1766
3885,384.686,ga_tcheby_proxy,mesh9,4,5,1,"[]",0,0,0,0,0,0,0.5,2119,1767
3886,384.83,ga_tcheby_proxy,mesh9,2,6,0,"[2-1-4-7-6]",4,84,6.42205,0.97,0.585761,4,0.5,2120,1767
3887,385.102,ga_tcheby_proxy,mesh9,4,8,0,"[4-5-8]",2,42,3.21103,0.97,0.593651,2,0.5,2121,1767
3888,385.285,ga_tcheby_proxy,mesh9,4,7,0,"[4-7]",1,20,1.59654,0.975,0.585761,1,0.5,2122,1767
3889,385.288,ga_tcheby_proxy,mesh9,3,7,0,"[3-6-7]",2,42,3.34259,0.93022,0.584967,2,0.5,2123,1767
3890,385.602,ga_tcheby_proxy,mesh9,3,1,0,"[3-0-1]",2,42,3.21103,0.97,0.594937,2,0.5,2124,1767
3891,385.723,ga_tcheby_proxy,mesh9,1,3,0,"[1-0-3]",2,42,3.21103,0.97,0.567568,2,0.5,2125,1767
3892,385.724,ga_tcheby_proxy,mesh9,1,8,0,"[1-2-5-8]",3,62,4.86851,0.957409,0.594855,3,0.5,2126,1767
3893,385.891,ga_tcheby_proxy,mesh9,4,6,0,"[4-3-6]",2,42,3.21103,0.97,0.584416,2,0.5,2127,1767
3894,385.892,ga_tcheby_proxy,mesh9,7,0,0,"[7-4-3-0]",3,62,4.87068,0.95694,0.596215,3,0.5,2128,1767
3895,385.905,ga_tcheby_proxy,mesh9,0,5,1,"[]",0,0,0,0,0,0,0.5,2128,1768
3896,385.914,ga_tcheby_proxy,mesh9,1,3,1,"[]",0,0,0,0,0,0,0.5,2128,1769
3897,385.954,ga_tcheby_proxy,mesh9,4,1,1,"[]",0,0,0,0,0,0,0.5,2128,1770
3898,385.988,ga_tcheby_proxy,mesh9,8,7,1,"[]",0,0,0,0,0,0,0.5,2128,1771
3899,385.988,ga_tcheby_proxy,mesh9,4,2,1,"[]",0,0,0,0,0,0,0.5,2128,1772
3900,386.071,ga_tcheby_proxy,mesh9,6,4,0,"[6-3-4]",2,42,3.21103,0.97,0.589744,2,0.5,2129,1772
3901,386.079,ga_tcheby_proxy,mesh9,8,5,1,"[]",0,0,0,0,0,0,0.5,2129,1773
3902,386.083,ga_tcheby_proxy,mesh9,5,4,1,"[]",0,0,0,0,0,0,0.5,2129,1774
3903,386.121,ga_tcheby_proxy,mesh9,5,7,1,"[]",0,0,0,0,0,0,0.5,2129,1775
3904,386.31,ga_tcheby_proxy,mesh9,6,3,0,"[6-3]",1,20,1.59654,0.975,0.591054,1,0.5,2130,1775
3905,386.48,ga_tcheby_proxy,mesh9,2,5,0,"[2-5]",1,20,1.59654,0.975,0.581699,1,0.5,2131,1775
3906,386.521,ga_tcheby_proxy,mesh9,0,1,1,"[]",0,0,0,0,0,0,0.5,2131,1776
3907,386.617,ga_tcheby_proxy,mesh9,4,5,0,"[4-5]",1,22,1.61449,0.97,0.594937,1,0.5,2132,1776
3908,386.626,ga_tcheby_proxy,mesh9,5,6,1,"[]",0,0,0,0,0,0,0.5,2132,1777
3909,386.726,ga_tcheby_proxy,mesh9,0,6,0,"[0-3-6]",2,40,3.19307,0.975,0.585761,2,0.5,2133,1777
3910,386.764,ga_tcheby_proxy,mesh9,6,4,1,"[]",0,0,0,0,0,0,0.5,2133,1778
3911,386.801,ga_tcheby_proxy,mesh9,8,0,1,"[]",0,0,0,0,0,0,0.5,2133,1779
3912,386.87,ga_tcheby_proxy,mesh9,5,2,0,"[5-2]",1,20,1.59654,0.975,0.589744,1,0.5,2134,1779
3913,386.91,ga_tcheby_proxy,mesh9,3,6,1,"[]",0,0,0,0,0,0,0.5,2134,1780
3914,387.741,ga_tcheby_proxy,mesh9,6,4,0,"[6-7-4]",2,42,3.21103,0.97,0.592357,2,0.5,2135,1780
3915,387.885,ga_tcheby_proxy,mesh9,5,2,0,"[5-2]",1,20,1.59654,0.975,0.591054,1,0.5,2136,1780
3916,387.935,ga_tcheby_proxy,mesh9,4,1,1,"[]",0,0,0,0,0,0,0.5,2136,1781
3917,387.95,ga_tcheby_proxy,mesh9,3,8,1,"[]",0,0,0,0,0,0,0.5,2136,1782
3918,387.955,ga_tcheby_proxy,mesh9,8,1,1,"[]",0,0,0,0,0,0,0.5,2136,1783
3919,388.011,ga_tcheby_proxy,mesh9,8,0,1,"[]",0,0,0,0,0,0,0.5,2136,1784
3920,388.278,ga_tcheby_proxy,mesh9,5,2,0,"[5-2]",1,20,1.59654,0.975,0.592357,1,0.5,2137,1784
3921,388.344,ga_tcheby_proxy,mesh9,0,4,0,"[0-3-4]",2,42,3.30005,0.917198,0.588424,2,0.5,2138,1784
3922,388.514,ga_tcheby_proxy,mesh9,3,5,0,"[3-4-5]",2,44,3.22898,0.97,0.596215,2,0.5,2139,1784
3923,388.518,ga_tcheby_proxy,mesh9,2,7,0,"[2-5-4-7]",3,62,5.13108,0.906775,0.590909,3,0.5,2140,1784
3924,388.632,ga_tcheby_proxy,mesh9,8,1,0,"[8-5-2-1]",3,62,4.80756,0.97,0.593651,3,0.5,2141,1784
3925,388.722,ga_tcheby_proxy,mesh9,1,8,0,"[1-2-5-8]",3,62,4.80756,0.97,0.592357,3,0.5,2142,1784
3926,388.725,ga_tcheby_proxy,mesh9,8,3,0,"[8-5-4-3]",3,64,5.08818,0.917505,0.593651,3,0.5,2143,1784
3927,388.726,ga_tcheby_proxy,mesh9,8,2,0,"[8-5-2]",2,40,3.40469,0.91092,0.608414,2,0.5,2144,1784
3928,388.833,ga_tcheby_proxy,mesh9,2,5,0,"[2-5]",1,20,1.59654,0.975,0.585761,1,0.5,2145,1784
3929,389.208,ga_tcheby_proxy,mesh9,1,3,0,"[1-0-3]",2,42,3.21103,0.97,0.569024,2,0.5,2146,1784
3930,389.233,ga_tcheby_proxy,mesh9,3,1,1,"[]",0,0,0,0,0,0,0.5,2146,1785
3931,389.307,ga_tcheby_proxy,mesh9,2,7,0,"[2-1-4-7]",3,62,4.80756,0.97,0.588424,3,0.5,2147,1785
3932,389.47,ga_tcheby_proxy,mesh9,4,6,0,"[4-3-6]",2,42,3.21103,0.97,0.588424,2,0.5,2148,1785
3933,389.556,ga_tcheby_proxy,mesh9,0,7,0,"[0-3-6-7]",3,62,4.80756,0.97,0.588424,3,0.5,2149,1785
3934,389.568,ga_tcheby_proxy,mesh9,7,0,1,"[]",0,0,0,0,0,0,0.5,2149,1786
3935,389.978,ga_tcheby_proxy,mesh9,5,3,0,"[5-4-3]",2,44,3.22898,0.97,0.589744,2,0.5,2150,1786
3936,390.052,ga_tcheby_proxy,mesh9,6,1,0,"[6-3-4-1]",3,62,4.80756,0.97,0.596215,3,0.5,2151,1786
3937,390.174,ga_tcheby_proxy,mesh9,2,8,0,"[2-5-8]",2,40,3.19307,0.975,0.592357,2,0.5,2152,1786
3938,390.215,ga_tcheby_proxy,mesh9,7,4,1,"[]",0,0,0,0,0,0,0.5,2152,1787
3939,390.328,ga_tcheby_proxy,mesh9,4,0,0,"[4-1-0]",2,42,3.21103,0.97,0.597484,2,0.5,2153,1787
3940,390.413,ga_tcheby_proxy,mesh9,5,2,0,"[5-2]",1,20,1.59654,0.975,0.596215,1,0.5,2154,1787
3941,390.478,ga_tcheby_proxy,mesh9,8,2,0,"[8-5-2]",2,40,3.33341,0.916893,0.597484,2,0.5,2155,1787
3942,390.554,ga_tcheby_proxy,mesh9,4,1,0,"[4-1]",1,20,1.59654,0.975,0.598746,1,0.5,2156,1787
3943,390.598,ga_tcheby_proxy,mesh9,7,8,1,"[]",0,0,0,0,0,0,0.5,2156,1788
3944,390.668,ga_tcheby_proxy,mesh9,1,0,0,"[1-0]",1,22,1.61449,0.97,0.571906,1,0.5,2157,1788
3945,390.843,ga_tcheby_proxy,mesh9,0,7,0,"[0-3-6-7]",3,62,4.80756,0.97,0.589744,3,0.5,2158,1788
3946,390.948,ga_tcheby_proxy,mesh9,5,3,0,"[5-4-3]",2,44,3.22898,0.97,0.591054,2,0.5,2159,1788
3947,391.022,ga_tcheby_proxy,mesh9,2,6,0,"[2-5-4-7-6]",4,84,6.42205,0.97,0.592357,4,0.5,2160,1788
3948,391.032,ga_tcheby_proxy,mesh9,6,8,1,"[]",0,0,0,0,0,0,0.5,2160,1789
3949,391.204,ga_tcheby_proxy,mesh9,7,0,0,"[7-6-3-0]",3,62,4.80756,0.97,0.597484,3,0.5,2161,1789
3950,391.302,ga_tcheby_proxy,mesh9,3,4,0,"[3-4]",1,22,1.61449,0.97,0.592357,1,0.5,2162,1789
3951,391.307,ga_tcheby_proxy,mesh9,0,1,1,"[]",0,0,0,0,0,0,0.5,2162,1790
3952,391.41,ga_tcheby_proxy,mesh9,4,0,0,"[4-3-0]",2,42,3.21103,0.97,0.598746,2,0.5,2163,1790
3953,391.531,ga_tcheby_proxy,mesh9,2,5,0,"[2-5]",1,20,1.59654,0.975,0.589744,1,0.5,2164,1790
3954,391.611,ga_tcheby_proxy,mesh9,2,4,0,"[2-1-4]",2,42,3.21103,0.97,0.589744,2,0.5,2165,1790
3955,391.645,ga_tcheby_proxy,mesh9,1,3,1,"[]",0,0,0,0,0,0,0.5,2165,1791
3956,391.891,ga_tcheby_proxy,mesh9,3,4,0,"[3-4]",1,22,1.61449,0.97,0.593651,1,0.5,2166,1791
3957,392.187,ga_tcheby_proxy,mesh9,3,6,0,"[3-6]",1,20,1.59654,0.975,0.591054,1,0.5,2167,1791
3958,392.342,ga_tcheby_proxy,mesh9,8,0,0,"[8-5-2-1-0]",4,84,6.42205,0.97,0.598746,4,0.5,2168,1791
3959,392.352,ga_tcheby_proxy,mesh9,0,3,1,"[]",0,0,0,0,0,0,0.5,2168,1792
3960,392.539,ga_tcheby_proxy,mesh9,5,2,0,"[5-2]",1,20,1.59654,0.975,0.6,1,0.5,2169,1792
3961,392.593,ga_tcheby_proxy,mesh9,5,8,1,"[]",0,0,0,0,0,0,0.5,2169,1793
3962,392.73,ga_tcheby_proxy,mesh9,1,2,0,"[1-2]",1,22,1.61449,0.97,0.593651,1,0.5,2170,1793
3963,393.061,ga_tcheby_proxy,mesh9,4,8,0,"[4-7-8]",2,42,3.21103,0.97,0.594937,2,0.5,2171,1793
3964,393.066,ga_tcheby_proxy,mesh9,8,0,0,"[8-5-4-1-0]",4,84,6.89377,0.901107,0.6,4,0.5,2172,1793
3965,393.124,ga_tcheby_proxy,mesh9,4,5,1,"[]",0,0,0,0,0,0,0.5,2172,1794
3966,393.161,ga_tcheby_proxy,mesh9,0,6,1,"[]",0,0,0,0,0,0,0.5,2172,1795
3967,393.452,ga_tcheby_proxy,mesh9,5,0,0,"[5-4-3-0]",3,64,4.82552,0.97,0.6,3,0.5,2173,1795
3968,393.59,ga_tcheby_proxy,mesh9,8,6,0,"[8-7-6]",2,44,3.22898,0.97,0.571906,2,0.5,2174,1795
3969,393.962,ga_tcheby_proxy,mesh9,8,2,0,"[8-5-2]",2,40,3.19307,0.975,0.601246,2,0.5,2175,1795
3970,394.235,ga_tcheby_proxy,mesh9,3,4,0,"[3-4]",1,22,1.61449,0.97,0.594937,1,0.5,2176,1795
3971,394.549,ga_tcheby_proxy,mesh9,3,2,0,"[3-4-1-2]",3,64,4.82552,0.97,0.601246,3,0.5,2177,1795
3972,394.578,ga_tcheby_proxy,mesh9,3,8,1,"[]",0,0,0,0,0,0,0.5,2177,1796
3973,394.793,ga_tcheby_proxy,mesh9,8,1,0,"[8-5-4-1]",3,62,4.80756,0.97,0.602484,3,0.5,2178,1796
3974,395.181,ga_tcheby_proxy,mesh9,2,4,0,"[2-1-4]",2,42,3.21103,0.97,0.592357,2,0.5,2179,1796
3975,395.268,ga_tcheby_proxy,mesh9,5,3,0,"[5-4-3]",2,44,3.22898,0.97,0.597484,2,0.5,2180,1796
3976,395.347,ga_tcheby_proxy,mesh9,2,1,0,"[2-1]",1,22,1.61449,0.97,0.593651,1,0.5,2181,1796
3977,395.641,ga_tcheby_proxy,mesh9,7,6,0,"[7-6]",1,22,1.61449,0.97,0.550877,1,0.5,2182,1796
3978,395.674,ga_tcheby_proxy,mesh9,7,4,1,"[]",0,0,0,0,0,0,0.5,2182,1797
3979,395.896,ga_tcheby_proxy,mesh9,6,7,0,"[6-7]",1,22,1.61449,0.97,0.584416,1,0.5,2183,1797
3980,395.896,ga_tcheby_proxy,mesh9,7,8,0,"[7-8]",1,22,1.62904,0.960962,0.596215,1,0.5,2184,1797
3981,395.931,ga_tcheby_proxy,mesh9,3,1,1,"[]",0,0,0,0,0,0,0.5,2184,1798
3982,395.993,ga_tcheby_proxy,mesh9,8,7,1,"[]",0,0,0,0,0,0,0.5,2184,1799
3983,395.996,ga_tcheby_proxy,mesh9,3,0,1,"[]",0,0,0,0,0,0,0.5,2184,1800
3984,396.338,ga_tcheby_proxy,mesh9,0,8,0,"[0-1-2-5-8]",4,84,6.42205,0.97,0.596215,4,0.5,2185,1800
3985,396.607,ga_tcheby_proxy,mesh9,6,1,0,"[6-3-0-1]",3,62,4.80756,0.97,0.601246,3,0.5,2186,1800
3986,396.809,ga_tcheby_proxy,mesh9,4,5,0,"[4-5]",1,22,1.61449,0.97,0.597484,1,0.5,2187,1800
3987,396.965,ga_tcheby_proxy,mesh9,0,1,0,"[0-1]",1,22,1.61449,0.97,0.574751,1,0.5,2188,1800
3988,397.102,ga_tcheby_proxy,mesh9,8,1,0,"[8-5-2-1]",3,62,4.80756,0.97,0.602484,3,0.5,2189,1800
3989,397.239,ga_tcheby_proxy,mesh9,1,2,0,"[1-2]",1,22,1.61449,0.97,0.597484,1,0.5,2190,1800
3990,397.294,ga_tcheby_proxy,mesh9,5,8,1,"[]",0,0,0,0,0,0,0.5,2190,1801
3991,397.326,ga_tcheby_proxy,mesh9,3,1,1,"[]",0,0,0,0,0,0,0.5,2190,1802
3992,397.391,ga_tcheby_proxy,mesh9,5,3,0,"[5-4-3]",2,44,3.31941,0.916409,0.598746,2,0.5,2191,1802
3993,397.45,ga_tcheby_proxy,mesh9,4,8,1,"[]",0,0,0,0,0,0,0.5,2191,1803
3994,397.452,ga_tcheby_proxy,mesh9,6,8,1,"[]",0,0,0,0,0,0,0.5,2191,1804
3995,397.752,ga_tcheby_proxy,mesh9,0,1,0,"[0-1]",1,22,1.61449,0.97,0.576159,1,0.5,2192,1804
3996,397.798,ga_tcheby_proxy,mesh9,5,1,1,"[]",0,0,0,0,0,0,0.5,2192,1805
3997,397.815,ga_tcheby_proxy,mesh9,8,6,1,"[]",0,0,0,0,0,0,0.5,2192,1806
3998,397.978,ga_tcheby_proxy,mesh9,1,8,0,"[1-4-7-8]",3,62,4.80756,0.97,0.597484,3,0.5,2193,1806
3999,398.11,ga_tcheby_proxy,mesh9,8,0,0,"[8-7-4-3-0]",4,84,6.42205,0.97,0.602484,4,0.5,2194,1806
4000,398.15,ga_tcheby_proxy,mesh9,8,5,1,"[]",0,0,0,0,0,0,0.5,2194,1807
4001,398.256,ga_tcheby_proxy,mesh9,4,1,0,"[4-1]",1,20,1.59654,0.975,0.603715,1,0.5,2195,1807
4002,398.452,ga_tcheby_proxy,mesh9,8,3,0,"[8-7-6-3]",3,64,4.82552,0.97,0.596215,3,0.5,2196,1807
4003,398.481,ga_tcheby_proxy,mesh9,1,7,1,"[]",0,0,0,0,0,0,0.5,2196,1808
4004,398.631,ga_tcheby_proxy,mesh9,1,4,0,"[1-4]",1,20,1.59654,0.975,0.588424,1,0.5,2197,1808
4005,398.639,ga_tcheby_proxy,mesh9,0,5,1,"[]",0,0,0,0,0,0,0.5,2197,1809
4006,398.783,ga_tcheby_proxy,mesh9,8,7,0,"[8-7]",1,22,1.61449,0.97,0.576159,1,0.5,2198,1809
4007,398.899,ga_tcheby_proxy,mesh9,6,3,0,"[6-3]",1,20,1.59654,0.975,0.597484,1,0.5,2199,1809
4008,399.024,ga_tcheby_proxy,mesh9,4,2,0,"[4-5-2]",2,42,3.21103,0.97,0.603715,2,0.5,2200,1809
4009,399.024,ga_tcheby_proxy,mesh9,3,1,0,"[3-4-1]",2,42,3.23954,0.961117,0.604938,2,0.5,2201,1809
4010,399.265,ga_tcheby_proxy,mesh9,4,0,0,"[4-3-0]",2,42,3.21103,0.97,0.603715,2,0.5,2202,1809
4011,399.281,ga_tcheby_proxy,mesh9,1,8,1,"[]",0,0,0,0,0,0,0.5,2202,1810
4012,399.314,ga_tcheby_proxy,mesh9,1,7,1,"[]",0,0,0,0,0,0,0.5,2202,1811
4013,399.547,ga_tcheby_proxy,mesh9,3,8,0,"[3-4-7-8]",3,64,4.82552,0.97,0.598746,3,0.5,2203,1811
4014,399.551,ga_tcheby_proxy,mesh9,3,4,0,"[3-4]",1,22,1.71896,0.908686,0.603774,1,0.5,2204,1811
4015,399.611,ga_tcheby_proxy,mesh9,1,7,1,"[]",0,0,0,0,0,0,0.5,2204,1812
4016,399.681,ga_tcheby_proxy,mesh9,7,0,0,"[7-4-3-0]",3,62,4.80756,0.97,0.604938,3,0.5,2205,1812
4017,399.703,ga_tcheby_proxy,mesh9,8,0,1,"[]",0,0,0,0,0,0,0.5,2205,1813
4018,399.746,ga_tcheby_proxy,mesh9,3,6,1,"[]",0,0,0,0,0,0,0.5,2205,1814
4019,399.925,ga_tcheby_proxy,mesh9,7,1,0,"[7-4-1]",2,40,3.19307,0.975,0.606154,2,0.5,2206,1814
4020,400.001,ga_tcheby_proxy,mesh9,0,4,0,"[0-1-4]",2,42,3.21103,0.97,0.589744,2,0.5,2207,1814
4021,400.169,ga_tcheby_proxy,mesh9,3,5,0,"[3-4-5]",2,44,3.22898,0.97,0.601246,2,0.5,2208,1814
4022,400.279,ga_tcheby_proxy,mesh9,3,1,0,"[3-0-1]",2,42,3.21103,0.97,0.606154,2,0.5,2209,1814
4023,400.472,ga_tcheby_proxy,mesh9,1,7,0,"[1-4-7]",2,40,3.19307,0.975,0.594937,2,0.5,2210,1814
4024,400.554,ga_tcheby_proxy,mesh9,6,1,0,"[6-3-4-1]",3,62,4.80756,0.97,0.607362,3,0.5,2211,1814
4025,400.567,ga_tcheby_proxy,mesh9,6,8,1,"[]",0,0,0,0,0,0,0.5,2211,1815
4026,400.62,ga_tcheby_proxy,mesh9,7,1,1,"[]",0,0,0,0,0,0,0.5,2211,1816
4027,400.686,ga_tcheby_proxy,mesh9,7,2,0,"[7-8-5-2]",3,62,4.91196,0.908656,0.604938,3,0.5,2212,1816
4028,400.755,ga_tcheby_proxy,mesh9,2,1,0,"[2-1]",1,22,1.70028,0.919014,0.596215,1,0.5,2213,1816
4029,401.091,ga_tcheby_proxy,mesh9,6,5,0,"[6-7-4-5]",3,64,4.82552,0.97,0.601246,3,0.5,2214,1816
4030,401.189,ga_tcheby_proxy,mesh9,1,3,0,"[1-0-3]",2,42,3.21103,0.97,0.576159,2,0.5,2215,1816
4031,401.24,ga_tcheby_proxy,mesh9,3,5,1,"[]",0,0,0,0,0,0,0.5,2215,1817
4032,401.254,ga_tcheby_proxy,mesh9,3,1,1,"[]",0,0,0,0,0,0,0.5,2215,1818
4033,401.334,ga_tcheby_proxy,mesh9,8,2,0,"[8-5-2]",2,40,3.19307,0.975,0.606154,2,0.5,2216,1818
4034,401.351,ga_tcheby_proxy,mesh9,8,1,1,"[]",0,0,0,0,0,0,0.5,2216,1819
4035,401.369,ga_tcheby_proxy,mesh9,3,8,1,"[]",0,0,0,0,0,0,0.5,2216,1820
4036,401.431,ga_tcheby_proxy,mesh9,5,3,1,"[]",0,0,0,0,0,0,0.5,2216,1821
4037,401.478,ga_tcheby_proxy,mesh9,5,1,1,"[]",0,0,0,0,0,0,0.5,2216,1822
4038,401.576,ga_tcheby_proxy,mesh9,4,7,0,"[4-7]",1,20,1.59654,0.975,0.596215,1,0.5,2217,1822
4039,401.58,ga_tcheby_proxy,mesh9,5,0,0,"[5-2-1-0]",3,64,5.17449,0.9013,0.607362,3,0.5,2218,1822
4040,401.674,ga_tcheby_proxy,mesh9,8,5,0,"[8-5]",1,20,1.59654,0.975,0.606154,1,0.5,2219,1822
4041,401.844,ga_tcheby_proxy,mesh9,8,6,0,"[8-7-6]",2,44,3.22898,0.97,0.577558,2,0.5,2220,1822
4042,401.972,ga_tcheby_proxy,mesh9,8,1,0,"[8-5-4-1]",3,62,4.80756,0.97,0.608563,3,0.5,2221,1822
4043,402.031,ga_tcheby_proxy,mesh9,8,7,1,"[]",0,0,0,0,0,0,0.5,2221,1823
4044,402.044,ga_tcheby_proxy,mesh9,5,7,1,"[]",0,0,0,0,0,0,0.5,2221,1824
4045,402.107,ga_tcheby_proxy,mesh9,3,1,0,"[3-4-1]",2,42,3.40704,0.900124,0.609756,2,0.5,2222,1824
4046,402.138,ga_tcheby_proxy,mesh9,7,3,1,"[]",0,0,0,0,0,0,0.5,2222,1825
4047,402.214,ga_tcheby_proxy,mesh9,1,0,0,"[1-0]",1,22,1.61449,0.97,0.578947,1,0.5,2223,1825
4048,402.267,ga_tcheby_proxy,mesh9,1,6,1,"[]",0,0,0,0,0,0,0.5,2223,1826
4049,402.339,ga_tcheby_proxy,mesh9,0,4,1,"[]",0,0,0,0,0,0,0.5,2223,1827
4050,402.471,ga_tcheby_proxy,mesh9,6,2,0,"[6-3-0-1-2]",4,84,6.42205,0.97,0.607362,4,0.5,2224,1827
4051,402.503,ga_tcheby_proxy,mesh9,6,3,1,"[]",0,0,0,0,0,0,0.5,2224,1828
4052,402.505,ga_tcheby_proxy,mesh9,5,7,1,"[]",0,0,0,0,0,0,0.5,2224,1829
4053,402.684,ga_tcheby_proxy,mesh9,7,8,0,"[7-8]",1,22,1.61449,0.97,0.601246,1,0.5,2225,1829
4054,402.777,ga_tcheby_proxy,mesh9,3,5,0,"[3-4-5]",2,44,3.22898,0.97,0.604938,2,0.5,2226,1829
4055,402.787,ga_tcheby_proxy,mesh9,0,7,1,"[]",0,0,0,0,0,0,0.5,2226,1830
4056,402.833,ga_tcheby_proxy,mesh9,0,2,1,"[]",0,0,0,0,0,0,0.5,2226,1831
4057,402.943,ga_tcheby_proxy,mesh9,2,0,0,"[2-1-0]",2,44,3.22898,0.97,0.598746,2,0.5,2227,1831
4058,403.118,ga_tcheby_proxy,mesh9,7,0,0,"[7-6-3-0]",3,62,4.80756,0.97,0.608563,3,0.5,2228,1831
4059,403.363,ga_tcheby_proxy,mesh9,6,0,0,"[6-3-0]",2,40,3.19307,0.975,0.609756,2,0.5,2229,1831
4060,403.544,ga_tcheby_proxy,mesh9,8,3,0,"[8-7-4-3]",3,64,4.82552,0.97,0.601246,3,0.5,2230,1831
4061,403.807,ga_tcheby_proxy,mesh9,5,2,0,"[5-2]",1,20,1.59654,0.975,0.608563,1,0.5,2231,1831
4062,403.809,ga_tcheby_proxy,mesh9,4,5,0,"[4-5]",1,22,1.67401,0.934052,0.603715,1,0.5,2232,1831
4063,403.81,ga_tcheby_proxy,mesh9,1,0,0,"[1-0]",1,22,1.69938,0.919523,0.581699,1,0.5,2233,1831
4064,403.953,ga_tcheby_proxy,mesh9,7,4,0,"[7-4]",1,20,1.59654,0.975,0.6,1,0.5,2234,1831
4065,403.994,ga_tcheby_proxy,mesh9,2,4,1,"[]",0,0,0,0,0,0,0.5,2234,1832
4066,404.046,ga_tcheby_proxy,mesh9,3,7,1,"[]",0,0,0,0,0,0,0.5,2234,1833
4067,404.25,ga_tcheby_proxy,mesh9,8,1,0,"[8-5-2-1]",3,62,4.80756,0.97,0.609756,3,0.5,2235,1833
4068,404.291,ga_tcheby_proxy,mesh9,5,4,1,"[]",0,0,0,0,0,0,0.5,2235,1834
4069,404.312,ga_tcheby_proxy,mesh9,1,3,1,"[]",0,0,0,0,0,0,0.5,2235,1835
4070,404.38,ga_tcheby_proxy,mesh9,6,5,0,"[6-3-0-1-2-5]",5,104,8.28824,0.901044,0.610942,5,0.5,2236,1835
4071,404.416,ga_tcheby_proxy,mesh9,8,0,1,"[]",0,0,0,0,0,0,0.5,2236,1836
4072,404.476,ga_tcheby_proxy,mesh9,6,4,0,"[6-3-4]",2,42,3.31729,0.907633,0.606154,2,0.5,2237,1836
4073,404.483,ga_tcheby_proxy,mesh9,7,1,1,"[]",0,0,0,0,0,0,0.5,2237,1837
4074,404.733,ga_tcheby_proxy,mesh9,4,7,0,"[4-7]",1,20,1.59654,0.975,0.597484,1,0.5,2238,1837
4075,404.904,ga_tcheby_proxy,mesh9,5,0,0,"[5-4-1-0]",3,64,4.82552,0.97,0.610942,3,0.5,2239,1837
4076,404.909,ga_tcheby_proxy,mesh9,2,0,1,"[]",0,0,0,0,0,0,0.5,2239,1838
4077,405,ga_tcheby_proxy,mesh9,4,6,0,"[4-7-6]",2,42,3.21103,0.97,0.598746,2,0.5,2240,1838
4078,405.067,ga_tcheby_proxy,mesh9,3,0,1,"[]",0,0,0,0,0,0,0.5,2240,1839
4079,405.217,ga_tcheby_proxy,mesh9,2,1,0,"[2-1]",1,22,1.61449,0.97,0.601246,1,0.5,2241,1839
4080,405.33,ga_tcheby_proxy,mesh9,3,7,0,"[3-6-7]",2,42,3.21103,0.97,0.592357,2,0.5,2242,1839
4081,405.452,ga_tcheby_proxy,mesh9,3,5,0,"[3-4-5]",2,44,3.22898,0.97,0.607362,2,0.5,2243,1839
4082,405.467,ga_tcheby_proxy,mesh9,1,6,1,"[]",0,0,0,0,0,0,0.5,2243,1840
4083,405.524,ga_tcheby_proxy,mesh9,6,1,1,"[]",0,0,0,0,0,0,0.5,2243,1841
4084,405.64,ga_tcheby_proxy,mesh9,7,1,0,"[7-4-1]",2,40,3.19307,0.975,0.612121,2,0.5,2244,1841
4085,405.711,ga_tcheby_proxy,mesh9,4,0,0,"[4-3-0]",2,42,3.21103,0.97,0.612121,2,0.5,2245,1841
4086,405.808,ga_tcheby_proxy,mesh9,6,3,0,"[6-3]",1,20,1.59654,0.975,0.606154,1,0.5,2246,1841
4087,405.845,ga_tcheby_proxy,mesh9,6,2,1,"[]",0,0,0,0,0,0,0.5,2246,1842
4088,405.905,ga_tcheby_proxy,mesh9,3,4,0,"[3-0-1-4]",3,62,5.07211,0.902857,0.613293,3,0.5,2247,1842
4089,405.957,ga_tcheby_proxy,mesh9,6,1,1,"[]",0,0,0,0,0,0,0.5,2247,1843
4090,406.039,ga_tcheby_proxy,mesh9,8,2,0,"[8-5-2]",2,40,3.19307,0.975,0.610942,2,0.5,2248,1843
4091,406.556,ga_tcheby_proxy,mesh9,0,3,0,"[0-3]",1,20,1.59654,0.975,0.57047,1,0.5,2249,1843
4092,406.677,ga_tcheby_proxy,mesh9,1,7,0,"[1-4-7]",2,40,3.19307,0.975,0.6,2,0.5,2250,1843
4093,406.886,ga_tcheby_proxy,mesh9,8,1,0,"[8-5-2-1]",3,62,4.80756,0.97,0.612121,3,0.5,2251,1843
4094,407.073,ga_tcheby_proxy,mesh9,4,3,0,"[4-3]",1,22,1.61449,0.97,0.603715,1,0.5,2252,1843
4095,407.077,ga_tcheby_proxy,mesh9,4,6,1,"[]",0,0,0,0,0,0,0.5,2252,1844
4096,407.377,ga_tcheby_proxy,mesh9,2,7,0,"[2-5-8-7]",3,62,4.80756,0.97,0.594937,3,0.5,2253,1844
4097,407.457,ga_tcheby_proxy,mesh9,7,2,0,"[7-4-5-2]",3,62,4.80756,0.97,0.613293,3,0.5,2254,1844
4098,407.52,ga_tcheby_proxy,mesh9,7,5,1,"[]",0,0,0,0,0,0,0.5,2254,1845
4099,407.85,ga_tcheby_proxy,mesh9,6,2,0,"[6-3-4-1-2]",4,84,6.42205,0.97,0.613293,4,0.5,2255,1845
4100,407.865,ga_tcheby_proxy,mesh9,5,7,1,"[]",0,0,0,0,0,0,0.5,2255,1846
4101,408.035,ga_tcheby_proxy,mesh9,6,5,0,"[6-7-4-5]",3,64,4.82552,0.97,0.607362,3,0.5,2256,1846
4102,408.053,ga_tcheby_proxy,mesh9,3,5,1,"[]",0,0,0,0,0,0,0.5,2256,1847
4103,408.081,ga_tcheby_proxy,mesh9,7,3,1,"[]",0,0,0,0,0,0,0.5,2256,1848
4104,408.11,ga_tcheby_proxy,mesh9,7,6,1,"[]",0,0,0,0,0,0,0.5,2256,1849
4105,408.142,ga_tcheby_proxy,mesh9,5,8,1,"[]",0,0,0,0,0,0,0.5,2256,1850
4106,408.153,ga_tcheby_proxy,mesh9,6,1,1,"[]",0,0,0,0,0,0,0.5,2256,1851
4107,408.179,ga_tcheby_proxy,mesh9,6,8,1,"[]",0,0,0,0,0,0,0.5,2256,1852
4108,408.195,ga_tcheby_proxy,mesh9,0,7,1,"[]",0,0,0,0,0,0,0.5,2256,1853
4109,408.209,ga_tcheby_proxy,mesh9,0,8,1,"[]",0,0,0,0,0,0,0.5,2256,1854
4110,408.266,ga_tcheby_proxy,mesh9,7,0,1,"[]",0,0,0,0,0,0,0.5,2256,1855
4111,408.414,ga_tcheby_proxy,mesh9,0,7,0,"[0-3-6-7]",3,62,4.80756,0.97,0.593651,3,0.5,2257,1855
4112,408.611,ga_tcheby_proxy,mesh9,0,6,0,"[0-3-6]",2,40,3.19307,0.975,0.594937,2,0.5,2258,1855
4113,408.666,ga_tcheby_proxy,mesh9,5,6,1,"[]",0,0,0,0,0,0,0.5,2258,1856
4114,408.667,ga_tcheby_proxy,mesh9,0,4,1,"[]",0,0,0,0,0,0,0.5,2258,1857
4115,408.67,ga_tcheby_proxy,mesh9,3,1,1,"[]",0,0,0,0,0,0,0.5,2258,1858
4116,408.76,ga_tcheby_proxy,mesh9,1,3,0,"[1-0-3]",2,42,3.21103,0.97,0.584416,2,0.5,2259,1858
4117,408.766,ga_tcheby_proxy,mesh9,1,6,1,"[]",0,0,0,0,0,0,0.5,2259,1859
4118,408.827,ga_tcheby_proxy,mesh9,2,6,0,"[2-1-0-3-6]",4,84,6.80829,0.90096,0.603715,4,0.5,2260,1859
4119,408.843,ga_tcheby_proxy,mesh9,1,2,1,"[]",0,0,0,0,0,0,0.5,2260,1860
4120,409.038,ga_tcheby_proxy,mesh9,1,7,0,"[1-4-7]",2,40,3.19307,0.975,0.601246,2,0.5,2261,1860
4121,409.074,ga_tcheby_proxy,mesh9,8,1,1,"[]",0,0,0,0,0,0,0.5,2261,1861
4122,409.088,ga_tcheby_proxy,mesh9,6,3,1,"[]",0,0,0,0,0,0,0.5,2261,1862
4123,409.218,ga_tcheby_proxy,mesh9,0,3,0,"[0-3]",1,20,1.59654,0.975,0.577558,1,0.5,2262,1862
4124,409.482,ga_tcheby_proxy,mesh9,0,3,0,"[0-3]",1,20,1.59654,0.975,0.578947,1,0.5,2263,1862
4125,409.511,ga_tcheby_proxy,mesh9,0,6,1,"[]",0,0,0,0,0,0,0.5,2263,1863
4126,409.585,ga_tcheby_proxy,mesh9,1,5,0,"[1-4-5]",2,42,3.21103,0.97,0.608563,2,0.5,2264,1863
4127,409.636,ga_tcheby_proxy,mesh9,0,3,1,"[]",0,0,0,0,0,0,0.5,2264,1864
4128,409.74,ga_tcheby_proxy,mesh9,6,4,0,"[6-7-4]",2,42,3.21103,0.97,0.604938,2,0.5,2265,1864
4129,409.786,ga_tcheby_proxy,mesh9,4,6,1,"[]",0,0,0,0,0,0,0.5,2265,1865
4130,409.838,ga_tcheby_proxy,mesh9,0,6,1,"[]",0,0,0,0,0,0,0.5,2265,1866
4131,409.953,ga_tcheby_proxy,mesh9,4,1,0,"[4-1]",1,20,1.59654,0.975,0.614458,1,0.5,2266,1866
4132,410.009,ga_tcheby_proxy,mesh9,8,4,1,"[]",0,0,0,0,0,0,0.5,2266,1867
4133,410.032,ga_tcheby_proxy,mesh9,2,7,1,"[]",0,0,0,0,0,0,0.5,2266,1868
4134,410.04,ga_tcheby_proxy,mesh9,7,6,1,"[]",0,0,0,0,0,0,0.5,2266,1869
4135,410.04,ga_tcheby_proxy,mesh9,1,4,1,"[]",0,0,0,0,0,0,0.5,2266,1870
4136,410.07,ga_tcheby_proxy,mesh9,1,2,1,"[]",0,0,0,0,0,0,0.5,2266,1871
4137,410.091,ga_tcheby_proxy,mesh9,2,0,1,"[]",0,0,0,0,0,0,0.5,2266,1872
4138,410.1,ga_tcheby_proxy,mesh9,2,7,1,"[]",0,0,0,0,0,0,0.5,2266,1873
4139,410.145,ga_tcheby_proxy,mesh9,0,4,1,"[]",0,0,0,0,0,0,0.5,2266,1874
4140,410.213,ga_tcheby_proxy,mesh9,2,0,1,"[]",0,0,0,0,0,0,0.5,2266,1875
4141,410.722,ga_tcheby_proxy,mesh9,5,7,0,"[5-8-7]",2,42,3.21103,0.97,0.596215,2,0.5,2267,1875
4142,410.735,ga_tcheby_proxy,mesh9,5,7,1,"[]",0,0,0,0,0,0,0.5,2267,1876
4143,410.811,ga_tcheby_proxy,mesh9,3,7,0,"[3-6-7]",2,42,3.21103,0.97,0.597484,2,0.5,2268,1876
4144,410.864,ga_tcheby_proxy,mesh9,6,1,1,"[]",0,0,0,0,0,0,0.5,2268,1877
4145,410.901,ga_tcheby_proxy,mesh9,4,3,1,"[]",0,0,0,0,0,0,0.5,2268,1878
4146,410.902,ga_tcheby_proxy,mesh9,0,5,1,"[]",0,0,0,0,0,0,0.5,2268,1879
4147,411.185,ga_tcheby_proxy,mesh9,6,8,0,"[6-7-8]",2,44,3.22898,0.97,0.602484,2,0.5,2269,1879
4148,411.199,ga_tcheby_proxy,mesh9,8,3,1,"[]",0,0,0,0,0,0,0.5,2269,1880
4149,411.638,ga_tcheby_proxy,mesh9,1,4,0,"[1-4]",1,20,1.59654,0.975,0.597484,1,0.5,2270,1880
4150,411.875,ga_tcheby_proxy,mesh9,3,1,0,"[3-0-1]",2,42,3.21103,0.97,0.614458,2,0.5,2271,1880
4151,411.907,ga_tcheby_proxy,mesh9,1,3,1,"[]",0,0,0,0,0,0,0.5,2271,1881
4152,412.02,ga_tcheby_proxy,mesh9,0,4,0,"[0-1-4]",2,42,3.21103,0.97,0.598746,2,0.5,2272,1881
4153,412.069,ga_tcheby_proxy,mesh9,6,3,0,"[6-3]",1,20,1.59654,0.975,0.608563,1,0.5,2273,1881
4154,412.087,ga_tcheby_proxy,mesh9,2,4,1,"[]",0,0,0,0,0,0,0.5,2273,1882
4155,412.234,ga_tcheby_proxy,mesh9,1,0,0,"[1-0]",1,22,1.61449,0.97,0.587097,1,0.5,2274,1882
4156,412.261,ga_tcheby_proxy,mesh9,3,7,1,"[]",0,0,0,0,0,0,0.5,2274,1883
4157,412.267,ga_tcheby_proxy,mesh9,4,2,1,"[]",0,0,0,0,0,0,0.5,2274,1884
4158,412.365,ga_tcheby_proxy,mesh9,5,2,0,"[5-2]",1,20,1.59654,0.975,0.614458,1,0.5,2275,1884
4159,412.434,ga_tcheby_proxy,mesh9,3,0,0,"[3-0]",1,20,1.59654,0.975,0.615616,1,0.5,2276,1884
4160,412.665,ga_tcheby_proxy,mesh9,6,3,0,"[6-3]",1,20,1.59654,0.975,0.609756,1,0.5,2277,1884
4161,412.79,ga_tcheby_proxy,mesh9,7,4,0,"[7-4]",1,20,1.59654,0.975,0.606154,1,0.5,2278,1884
4162,412.81,ga_tcheby_proxy,mesh9,7,1,1,"[]",0,0,0,0,0,0,0.5,2278,1885
4163,412.998,ga_tcheby_proxy,mesh9,2,6,0,"[2-5-8-7-6]",4,84,6.42205,0.97,0.597484,4,0.5,2279,1885
4164,413.062,ga_tcheby_proxy,mesh9,3,7,1,"[]",0,0,0,0,0,0,0.5,2279,1886
4165,413.069,ga_tcheby_proxy,mesh9,3,6,1,"[]",0,0,0,0,0,0,0.5,2279,1887
4166,413.198,ga_tcheby_proxy,mesh9,3,4,0,"[3-4]",1,22,1.61449,0.97,0.609756,1,0.5,2280,1887
4167,413.218,ga_tcheby_proxy,mesh9,2,5,1,"[]",0,0,0,0,0,0,0.5,2280,1888
4168,413.282,ga_tcheby_proxy,mesh9,7,2,0,"[7-4-1-2]",3,62,4.8545,0.941428,0.615616,3,0.5,2281,1888
4169,413.454,ga_tcheby_proxy,mesh9,6,0,0,"[6-3-0]",2,40,3.19307,0.975,0.616766,2,0.5,2282,1888
4170,413.492,ga_tcheby_proxy,mesh9,0,4,1,"[]",0,0,0,0,0,0,0.5,2282,1889
4171,413.501,ga_tcheby_proxy,mesh9,8,4,1,"[]",0,0,0,0,0,0,0.5,2282,1890
4172,413.518,ga_tcheby_proxy,mesh9,6,1,1,"[]",0,0,0,0,0,0,0.5,2282,1891
4173,413.846,ga_tcheby_proxy,mesh9,3,7,0,"[3-6-7]",2,42,3.21103,0.97,0.598746,2,0.5,2283,1891
4174,413.868,ga_tcheby_proxy,mesh9,2,5,1,"[]",0,0,0,0,0,0,0.5,2283,1892
4175,414.001,ga_tcheby_proxy,mesh9,1,3,0,"[1-0-3]",2,42,3.21103,0.97,0.588424,2,0.5,2284,1892
4176,414.033,ga_tcheby_proxy,mesh9,7,1,1,"[]",0,0,0,0,0,0,0.5,2284,1893
4177,414.122,ga_tcheby_proxy,mesh9,6,8,0,"[6-7-8]",2,44,3.22898,0.97,0.603715,2,0.5,2285,1893
4178,414.144,ga_tcheby_proxy,mesh9,8,3,1,"[]",0,0,0,0,0,0,0.5,2285,1894
4179,414.149,ga_tcheby_proxy,mesh9,6,0,1,"[]",0,0,0,0,0,0,0.5,2285,1895
4180,414.3,ga_tcheby_proxy,mesh9,0,1,0,"[0-1]",1,22,1.61449,0.97,0.587097,1,0.5,2286,1895
4181,414.533,ga_tcheby_proxy,mesh9,5,7,0,"[5-8-7]",2,42,3.21103,0.97,0.598746,2,0.5,2287,1895
4182,414.838,ga_tcheby_proxy,mesh9,8,5,0,"[8-5]",1,20,1.59654,0.975,0.612121,1,0.5,2288,1895
4183,414.856,ga_tcheby_proxy,mesh9,2,3,1,"[]",0,0,0,0,0,0,0.5,2288,1896
4184,414.899,ga_tcheby_proxy,mesh9,5,0,1,"[]",0,0,0,0,0,0,0.5,2288,1897
4185,415.022,ga_tcheby_proxy,mesh9,1,2,0,"[1-2]",1,22,1.61449,0.97,0.603715,1,0.5,2289,1897
4186,415.124,ga_tcheby_proxy,mesh9,2,1,0,"[2-1]",1,22,1.61449,0.97,0.604938,1,0.5,2290,1897
4187,415.14,ga_tcheby_proxy,mesh9,3,0,1,"[]",0,0,0,0,0,0,0.5,2290,1898
4188,415.354,ga_tcheby_proxy,mesh9,6,3,0,"[6-3]",1,20,1.59654,0.975,0.612121,1,0.5,2291,1898
4189,415.399,ga_tcheby_proxy,mesh9,3,5,1,"[]",0,0,0,0,0,0,0.5,2291,1899
4190,415.417,ga_tcheby_proxy,mesh9,7,5,1,"[]",0,0,0,0,0,0,0.5,2291,1900
4191,415.457,ga_tcheby_proxy,mesh9,8,3,1,"[]",0,0,0,0,0,0,0.5,2291,1901
4192,415.49,ga_tcheby_proxy,mesh9,6,8,1,"[]",0,0,0,0,0,0,0.5,2291,1902
4193,415.495,ga_tcheby_proxy,mesh9,1,4,1,"[]",0,0,0,0,0,0,0.5,2291,1903
4194,415.516,ga_tcheby_proxy,mesh9,8,1,1,"[]",0,0,0,0,0,0,0.5,2291,1904
4195,415.543,ga_tcheby_proxy,mesh9,5,3,1,"[]",0,0,0,0,0,0,0.5,2291,1905
4196,415.572,ga_tcheby_proxy,mesh9,8,0,1,"[]",0,0,0,0,0,0,0.5,2291,1906
4197,415.888,ga_tcheby_proxy,mesh9,0,5,0,"[0-1-2-5]",3,64,4.82552,0.97,0.604938,3,0.5,2292,1906
4198,415.9,ga_tcheby_proxy,mesh9,1,8,1,"[]",0,0,0,0,0,0,0.5,2292,1907
4199,416.327,ga_tcheby_proxy,mesh9,2,8,0,"[2-5-8]",2,40,3.19307,0.975,0.6,2,0.5,2293,1907
4200,416.349,ga_tcheby_proxy,mesh9,3,0,1,"[]",0,0,0,0,0,0,0.5,2293,1908
4201,416.369,ga_tcheby_proxy,mesh9,0,7,1,"[]",0,0,0,0,0,0,0.5,2293,1909
4202,416.656,ga_tcheby_proxy,mesh9,2,7,0,"[2-5-8-7]",3,62,4.80756,0.97,0.601246,3,0.5,2294,1909
4203,416.684,ga_tcheby_proxy,mesh9,7,8,1,"[]",0,0,0,0,0,0,0.5,2294,1910
4204,416.762,ga_tcheby_proxy,mesh9,7,5,0,"[7-4-5]",2,42,3.21103,0.97,0.609756,2,0.5,2295,1910
4205,416.866,ga_tcheby_proxy,mesh9,3,0,0,"[3-0]",1,20,1.59654,0.975,0.61791,1,0.5,2296,1910
4206,417.006,ga_tcheby_proxy,mesh9,1,6,0,"[1-0-3-6]",3,62,4.80756,0.97,0.6,3,0.5,2297,1910
4207,417.233,ga_tcheby_proxy,mesh9,1,0,0,"[1-0]",1,22,1.61449,0.97,0.591054,1,0.5,2298,1910
4208,417.27,ga_tcheby_proxy,mesh9,4,5,1,"[]",0,0,0,0,0,0,0.5,2298,1911
4209,417.271,ga_tcheby_proxy,mesh9,5,2,1,"[]",0,0,0,0,0,0,0.5,2298,1912
4210,417.55,ga_tcheby_proxy,mesh9,4,7,0,"[4-7]",1,20,1.59654,0.975,0.602484,1,0.5,2299,1912
4211,417.617,ga_tcheby_proxy,mesh9,2,0,0,"[2-1-0]",2,44,3.36137,0.927537,0.606154,2,0.5,2300,1912
4212,417.806,ga_tcheby_proxy,mesh9,6,2,0,"[6-7-8-5-2]",4,84,6.42205,0.97,0.615616,4,0.5,2301,1912
4213,417.817,ga_tcheby_proxy,mesh9,1,7,1,"[]",0,0,0,0,0,0,0.5,2301,1913
4214,417.921,ga_tcheby_proxy,mesh9,2,4,0,"[2-5-4]",2,42,3.21103,0.97,0.602484,2,0.5,2302,1913
4215,418.078,ga_tcheby_proxy,mesh9,3,5,0,"[3-4-5]",2,44,3.22898,0.97,0.610942,2,0.5,2303,1913
4216,418.078,ga_tcheby_proxy,mesh9,3,8,0,"[3-6-7-8]",3,64,4.86645,0.961471,0.606154,3,0.5,2304,1913
4217,418.475,ga_tcheby_proxy,mesh9,7,0,0,"[7-4-1-0]",3,62,4.80756,0.97,0.616766,3,0.5,2305,1913
4218,418.723,ga_tcheby_proxy,mesh9,3,0,0,"[3-0]",1,20,1.59654,0.975,0.619048,1,0.5,2306,1913
4219,418.82,ga_tcheby_proxy,mesh9,0,1,0,"[0-1]",1,22,1.61449,0.97,0.589744,1,0.5,2307,1913
4220,418.921,ga_tcheby_proxy,mesh9,5,0,0,"[5-2-1-0]",3,64,4.82552,0.97,0.616766,3,0.5,2308,1913
4221,419.245,ga_tcheby_proxy,mesh9,0,2,0,"[0-1-2]",2,44,3.22898,0.97,0.606154,2,0.5,2309,1913
4222,419.486,ga_tcheby_proxy,mesh9,4,6,0,"[4-7-6]",2,42,3.21103,0.97,0.603715,2,0.5,2310,1913
4223,419.489,ga_tcheby_proxy,mesh9,2,6,0,"[2-5-4-3-6]",4,84,6.78997,0.9149,0.608696,4,0.5,2311,1913
4224,419.498,ga_tcheby_proxy,mesh9,5,1,1,"[]",0,0,0,0,0,0,0.5,2311,1914
4225,419.741,ga_tcheby_proxy,mesh9,5,0,0,"[5-2-1-0]",3,64,4.82552,0.97,0.61791,3,0.5,2312,1914
4226,419.805,ga_tcheby_proxy,mesh9,2,3,0,"[2-5-8-7-6-3]",5,104,8.24224,0.901978,0.613293,5,0.5,2313,1914
4227,420.019,ga_tcheby_proxy,mesh9,8,1,0,"[8-7-4-1]",3,62,4.80756,0.97,0.61791,3,0.5,2314,1914
4228,420.028,ga_tcheby_proxy,mesh9,1,2,1,"[]",0,0,0,0,0,0,0.5,2314,1915
4229,420.238,ga_tcheby_proxy,mesh9,2,5,0,"[2-5]",1,20,1.59654,0.975,0.603715,1,0.5,2315,1915
4230,420.24,ga_tcheby_proxy,mesh9,8,5,0,"[8-5]",1,20,1.64107,0.94757,0.614458,1,0.5,2316,1915
4231,420.262,ga_tcheby_proxy,mesh9,0,6,1,"[]",0,0,0,0,0,0,0.5,2316,1916
4232,420.438,ga_tcheby_proxy,mesh9,7,6,0,"[7-6]",1,22,1.61449,0.97,0.56314,1,0.5,2317,1916
4233,420.489,ga_tcheby_proxy,mesh9,1,6,1,"[]",0,0,0,0,0,0,0.5,2317,1917
4234,420.514,ga_tcheby_proxy,mesh9,4,1,1,"[]",0,0,0,0,0,0,0.5,2317,1918
4235,420.615,ga_tcheby_proxy,mesh9,5,2,0,"[5-2]",1,20,1.59654,0.975,0.619048,1,0.5,2318,1918
4236,420.68,ga_tcheby_proxy,mesh9,2,1,0,"[2-5-4-1]",3,62,4.99397,0.906405,0.619048,3,0.5,2319,1918
4237,420.746,ga_tcheby_proxy,mesh9,8,5,0,"[8-5]",1,20,1.59654,0.975,0.615616,1,0.5,2320,1918
4238,420.871,ga_tcheby_proxy,mesh9,2,7,0,"[2-5-4-7]",3,62,4.80756,0.97,0.606154,3,0.5,2321,1918
4239,420.872,ga_tcheby_proxy,mesh9,7,5,0,"[7-4-5]",2,42,3.24083,0.960717,0.612121,2,0.5,2322,1918
4240,420.876,ga_tcheby_proxy,mesh9,8,6,0,"[8-7-6]",2,44,3.46492,0.900198,0.595469,2,0.5,2323,1918
4241,420.899,ga_tcheby_proxy,mesh9,1,7,1,"[]",0,0,0,0,0,0,0.5,2323,1919
4242,420.972,ga_tcheby_proxy,mesh9,3,5,0,"[3-4-1-2-5]",4,84,6.43186,0.963886,0.620178,4,0.5,2324,1919
4243,421.081,ga_tcheby_proxy,mesh9,4,5,0,"[4-5]",1,22,1.61449,0.97,0.613293,1,0.5,2325,1919
4244,421.139,ga_tcheby_proxy,mesh9,7,8,1,"[]",0,0,0,0,0,0,0.5,2325,1920
4245,421.175,ga_tcheby_proxy,mesh9,1,2,1,"[]",0,0,0,0,0,0,0.5,2325,1921
4246,421.243,ga_tcheby_proxy,mesh9,0,6,0,"[0-1-4-3-6]",4,84,6.43175,0.963957,0.606154,4,0.5,2326,1921
4247,421.337,ga_tcheby_proxy,mesh9,1,5,0,"[1-2-5]",2,42,3.21103,0.97,0.608563,2,0.5,2327,1921
4248,421.38,ga_tcheby_proxy,mesh9,7,0,1,"[]",0,0,0,0,0,0,0.5,2327,1922
4249,421.454,ga_tcheby_proxy,mesh9,2,5,0,"[2-5]",1,20,1.59654,0.975,0.609756,1,0.5,2328,1922
4250,421.523,ga_tcheby_proxy,mesh9,5,3,0,"[5-4-3]",2,44,3.41262,0.905038,0.607362,2,0.5,2329,1922
4251,421.573,ga_tcheby_proxy,mesh9,8,3,1,"[]",0,0,0,0,0,0,0.5,2329,1923
4252,422.122,ga_tcheby_proxy,mesh9,1,5,0,"[1-2-5]",2,42,3.21103,0.97,0.610942,2,0.5,2330,1923
4253,422.199,ga_tcheby_proxy,mesh9,1,0,0,"[1-0]",1,22,1.72159,0.907171,0.597484,1,0.5,2331,1923
4254,422.261,ga_tcheby_proxy,mesh9,4,5,1,"[]",0,0,0,0,0,0,0.5,2331,1924
4255,422.322,ga_tcheby_proxy,mesh9,7,2,0,"[7-8-5-2]",3,62,4.99666,0.900287,0.620178,3,0.5,2332,1924
4256,422.356,ga_tcheby_proxy,mesh9,6,2,1,"[]",0,0,0,0,0,0,0.5,2332,1925
4257,422.512,ga_tcheby_proxy,mesh9,8,6,0,"[8-7-6]",2,44,3.22898,0.97,0.591054,2,0.5,2333,1925
4258,422.605,ga_tcheby_proxy,mesh9,2,3,0,"[2-1-4-3]",3,64,4.82552,0.97,0.609756,3,0.5,2334,1925
4259,422.692,ga_tcheby_proxy,mesh9,8,1,0,"[8-7-4-1]",3,62,4.80756,0.97,0.621302,3,0.5,2335,1925
4260,422.716,ga_tcheby_proxy,mesh9,1,5,1,"[]",0,0,0,0,0,0,0.5,2335,1926
4261,422.726,ga_tcheby_proxy,mesh9,4,3,1,"[]",0,0,0,0,0,0,0.5,2335,1927
4262,422.792,ga_tcheby_proxy,mesh9,3,7,1,"[]",0,0,0,0,0,0,0.5,2335,1928
4263,422.875,ga_tcheby_proxy,mesh9,5,7,0,"[5-8-7]",2,42,3.21103,0.97,0.603715,2,0.5,2336,1928
4264,422.978,ga_tcheby_proxy,mesh9,7,0,0,"[7-4-3-0]",3,62,4.80756,0.97,0.620178,3,0.5,2337,1928
4265,423.005,ga_tcheby_proxy,mesh9,3,8,1,"[]",0,0,0,0,0,0,0.5,2337,1929
4266,423.328,ga_tcheby_proxy,mesh9,7,5,0,"[7-4-5]",2,42,3.21103,0.97,0.615616,2,0.5,2338,1929
4267,423.415,ga_tcheby_proxy,mesh9,8,2,0,"[8-5-2]",2,40,3.19307,0.975,0.621302,2,0.5,2339,1929
4268,423.439,ga_tcheby_proxy,mesh9,0,2,1,"[]",0,0,0,0,0,0,0.5,2339,1930
4269,423.48,ga_tcheby_proxy,mesh9,7,8,1,"[]",0,0,0,0,0,0,0.5,2339,1931
4270,423.565,ga_tcheby_proxy,mesh9,3,2,0,"[3-4-5-2]",3,64,4.82552,0.97,0.622419,3,0.5,2340,1931
4271,423.786,ga_tcheby_proxy,mesh9,7,8,0,"[7-8]",1,22,1.61449,0.97,0.608563,1,0.5,2341,1931
4272,423.9,ga_tcheby_proxy,mesh9,5,1,0,"[5-4-1]",2,42,3.21103,0.97,0.622419,2,0.5,2342,1931
4273,424.004,ga_tcheby_proxy,mesh9,2,6,0,"[2-1-4-7-6]",4,84,6.42205,0.97,0.610942,4,0.5,2343,1931
4274,424.341,ga_tcheby_proxy,mesh9,2,4,0,"[2-5-4]",2,42,3.21103,0.97,0.612121,2,0.5,2344,1931
4275,424.469,ga_tcheby_proxy,mesh9,6,7,0,"[6-7]",1,22,1.61449,0.97,0.6,1,0.5,2345,1931
4276,424.633,ga_tcheby_proxy,mesh9,0,5,0,"[0-1-2-5]",3,64,4.82552,0.97,0.613293,3,0.5,2346,1931
4277,424.757,ga_tcheby_proxy,mesh9,8,6,0,"[8-7-6]",2,44,3.22898,0.97,0.594937,2,0.5,2347,1931
4278,424.841,ga_tcheby_proxy,mesh9,7,4,0,"[7-4]",1,20,1.59654,0.975,0.616766,1,0.5,2348,1931
4279,424.864,ga_tcheby_proxy,mesh9,5,6,1,"[]",0,0,0,0,0,0,0.5,2348,1932
4280,425.037,ga_tcheby_proxy,mesh9,1,2,0,"[1-2]",1,22,1.61449,0.97,0.612121,1,0.5,2349,1932
4281,425.139,ga_tcheby_proxy,mesh9,1,5,0,"[1-2-5]",2,42,3.21103,0.97,0.614458,2,0.5,2350,1932
4282,425.29,ga_tcheby_proxy,mesh9,3,4,0,"[3-4]",1,22,1.61449,0.97,0.614458,1,0.5,2351,1932
4283,425.378,ga_tcheby_proxy,mesh9,1,6,0,"[1-0-3-6]",3,62,4.80756,0.97,0.604938,3,0.5,2352,1932
4284,425.434,ga_tcheby_proxy,mesh9,7,4,1,"[]",0,0,0,0,0,0,0.5,2352,1933
4285,425.619,ga_tcheby_proxy,mesh9,2,8,0,"[2-5-8]",2,40,3.19307,0.975,0.615616,2,0.5,2353,1933
4286,425.668,ga_tcheby_proxy,mesh9,1,8,1,"[]",0,0,0,0,0,0,0.5,2353,1934
4287,425.675,ga_tcheby_proxy,mesh9,6,2,1,"[]",0,0,0,0,0,0,0.5,2353,1935
4288,425.692,ga_tcheby_proxy,mesh9,7,0,1,"[]",0,0,0,0,0,0,0.5,2353,1936
4289,425.742,ga_tcheby_proxy,mesh9,4,0,1,"[]",0,0,0,0,0,0,0.5,2353,1937
4290,425.751,ga_tcheby_proxy,mesh9,1,8,1,"[]",0,0,0,0,0,0,0.5,2353,1938
4291,425.752,ga_tcheby_proxy,mesh9,0,8,1,"[]",0,0,0,0,0,0,0.5,2353,1939
4292,425.877,ga_tcheby_proxy,mesh9,2,8,0,"[2-5-8]",2,40,3.19307,0.975,0.616766,2,0.5,2354,1939
4293,425.913,ga_tcheby_proxy,mesh9,6,4,1,"[]",0,0,0,0,0,0,0.5,2354,1940
4294,426.028,ga_tcheby_proxy,mesh9,1,6,0,"[1-0-3-6]",3,62,4.80756,0.97,0.606154,3,0.5,2355,1940
4295,426.158,ga_tcheby_proxy,mesh9,5,6,0,"[5-8-7-6]",3,64,4.82552,0.97,0.607362,3,0.5,2356,1940
4296,426.159,ga_tcheby_proxy,mesh9,2,8,0,"[2-5-8]",2,40,3.28764,0.945847,0.61976,2,0.5,2357,1940
4297,426.33,ga_tcheby_proxy,mesh9,0,5,0,"[0-3-4-5]",3,64,4.82552,0.97,0.616766,3,0.5,2358,1940
4298,426.371,ga_tcheby_proxy,mesh9,5,7,1,"[]",0,0,0,0,0,0,0.5,2358,1941
4299,426.584,ga_tcheby_proxy,mesh9,8,6,0,"[8-7-6]",2,44,3.22898,0.97,0.597484,2,0.5,2359,1941
4300,426.624,ga_tcheby_proxy,mesh9,2,1,1,"[]",0,0,0,0,0,0,0.5,2359,1942
4301,426.777,ga_tcheby_proxy,mesh9,1,5,0,"[1-4-5]",2,42,3.21103,0.97,0.61791,2,0.5,2360,1942
4302,426.851,ga_tcheby_proxy,mesh9,1,3,0,"[1-0-3]",2,42,3.21103,0.97,0.601246,2,0.5,2361,1942
4303,426.853,ga_tcheby_proxy,mesh9,2,7,0,"[2-1-4-7]",3,62,5.02238,0.927342,0.613982,3,0.5,2362,1942
4304,426.865,ga_tcheby_proxy,mesh9,5,0,1,"[]",0,0,0,0,0,0,0.5,2362,1943
4305,426.952,ga_tcheby_proxy,mesh9,5,1,0,"[5-4-1]",2,42,3.21103,0.97,0.623529,2,0.5,2363,1943
4306,427.061,ga_tcheby_proxy,mesh9,5,8,0,"[5-8]",1,20,1.59654,0.975,0.609756,1,0.5,2364,1943
4307,427.065,ga_tcheby_proxy,mesh9,8,4,0,"[8-5-4]",2,42,3.44339,0.90051,0.621538,2,0.5,2365,1943
4308,427.12,ga_tcheby_proxy,mesh9,3,8,1,"[]",0,0,0,0,0,0,0.5,2365,1944
4309,427.144,ga_tcheby_proxy,mesh9,7,0,1,"[]",0,0,0,0,0,0,0.5,2365,1945
4310,427.157,ga_tcheby_proxy,mesh9,8,1,1,"[]",0,0,0,0,0,0,0.5,2365,1946
4311,427.16,ga_tcheby_proxy,mesh9,6,2,1,"[]",0,0,0,0,0,0,0.5,2365,1947
4312,427.354,ga_tcheby_proxy,mesh9,5,6,0,"[5-8-7-6]",3,64,4.82552,0.97,0.610942,3,0.5,2366,1947
4313,427.609,ga_tcheby_proxy,mesh9,7,6,0,"[7-6]",1,22,1.61449,0.97,0.574751,1,0.5,2367,1947
4314,427.628,ga_tcheby_proxy,mesh9,5,1,1,"[]",0,0,0,0,0,0,0.5,2367,1948
4315,427.704,ga_tcheby_proxy,mesh9,8,3,0,"[8-7-6-3]",3,64,4.82552,0.97,0.614458,3,0.5,2368,1948
4316,427.763,ga_tcheby_proxy,mesh9,2,5,0,"[2-5]",1,20,1.6973,0.915067,0.619048,1,0.5,2369,1948
4317,427.768,ga_tcheby_proxy,mesh9,5,3,1,"[]",0,0,0,0,0,0,0.5,2369,1949
4318,427.793,ga_tcheby_proxy,mesh9,2,5,1,"[]",0,0,0,0,0,0,0.5,2369,1950
4319,427.827,ga_tcheby_proxy,mesh9,4,3,1,"[]",0,0,0,0,0,0,0.5,2369,1951
4320,427.93,ga_tcheby_proxy,mesh9,8,3,0,"[8-7-6-3]",3,64,4.82552,0.97,0.615616,3,0.5,2370,1951
4321,428.09,ga_tcheby_proxy,mesh9,1,4,0,"[1-4]",1,20,1.59654,0.975,0.606154,1,0.5,2371,1951
4322,428.117,ga_tcheby_proxy,mesh9,7,3,1,"[]",0,0,0,0,0,0,0.5,2371,1952
4323,428.186,ga_tcheby_proxy,mesh9,8,6,0,"[8-5-2-1-0-3-6]",6,124,9.84311,0.91676,0.623529,6,0.5,2372,1952
4324,428.519,ga_tcheby_proxy,mesh9,0,1,0,"[0-1]",1,22,1.61449,0.97,0.594937,1,0.5,2373,1952
4325,428.774,ga_tcheby_proxy,mesh9,0,6,0,"[0-3-6]",2,40,3.19307,0.975,0.608563,2,0.5,2374,1952
4326,429.078,ga_tcheby_proxy,mesh9,6,5,0,"[6-3-4-5]",3,64,4.82552,0.97,0.619048,3,0.5,2375,1952
4327,429.235,ga_tcheby_proxy,mesh9,3,6,0,"[3-6]",1,20,1.59654,0.975,0.609756,1,0.5,2376,1952
4328,429.31,ga_tcheby_proxy,mesh9,8,5,0,"[8-5]",1,20,1.59654,0.975,0.621302,1,0.5,2377,1952
4329,429.427,ga_tcheby_proxy,mesh9,7,5,0,"[7-4-5]",2,42,3.21103,0.97,0.620178,2,0.5,2378,1952
4330,429.693,ga_tcheby_proxy,mesh9,7,3,0,"[7-6-3]",2,42,3.21103,0.97,0.61791,2,0.5,2379,1952
4331,429.895,ga_tcheby_proxy,mesh9,7,8,0,"[7-8]",1,22,1.61449,0.97,0.609756,1,0.5,2380,1952
4332,430.043,ga_tcheby_proxy,mesh9,5,8,0,"[5-8]",1,20,1.59654,0.975,0.612121,1,0.5,2381,1952
4333,430.158,ga_tcheby_proxy,mesh9,8,6,0,"[8-7-6]",2,44,3.22898,0.97,0.602484,2,0.5,2382,1952
4334,430.26,ga_tcheby_proxy,mesh9,4,0,0,"[4-3-0]",2,42,3.21103,0.97,0.621302,2,0.5,2383,1952
4335,430.342,ga_tcheby_proxy,mesh9,6,5,0,"[6-3-4-5]",3,64,4.82552,0.97,0.621302,3,0.5,2384,1952
4336,430.394,ga_tcheby_proxy,mesh9,6,7,1,"[]",0,0,0,0,0,0,0.5,2384,1953
4337,430.424,ga_tcheby_proxy,mesh9,7,2,1,"[]",0,0,0,0,0,0,0.5,2384,1954
4338,430.489,ga_tcheby_proxy,mesh9,5,8,0,"[5-2-1-4-7-8]",5,104,8.24387,0.923274,0.624633,5,0.5,2385,1954
4339,430.501,ga_tcheby_proxy,mesh9,8,3,1,"[]",0,0,0,0,0,0,0.5,2385,1955
4340,430.514,ga_tcheby_proxy,mesh9,4,8,1,"[]",0,0,0,0,0,0,0.5,2385,1956
4341,430.612,ga_tcheby_proxy,mesh9,0,3,0,"[0-3]",1,20,1.59654,0.975,0.591054,1,0.5,2386,1956
4342,430.876,ga_tcheby_proxy,mesh9,0,7,0,"[0-1-4-7]",3,62,4.80756,0.97,0.609756,3,0.5,2387,1956
4343,430.907,ga_tcheby_proxy,mesh9,5,8,1,"[]",0,0,0,0,0,0,0.5,2387,1957
4344,431.326,ga_tcheby_proxy,mesh9,3,8,0,"[3-6-7-8]",3,64,4.82552,0.97,0.612121,3,0.5,2388,1957
4345,431.354,ga_tcheby_proxy,mesh9,2,7,1,"[]",0,0,0,0,0,0,0.5,2388,1958
4346,431.379,ga_tcheby_proxy,mesh9,0,2,1,"[]",0,0,0,0,0,0,0.5,2388,1959
4347,431.552,ga_tcheby_proxy,mesh9,7,8,0,"[7-8]",1,22,1.61449,0.97,0.613293,1,0.5,2389,1959
4348,431.586,ga_tcheby_proxy,mesh9,8,3,1,"[]",0,0,0,0,0,0,0.5,2389,1960
4349,431.841,ga_tcheby_proxy,mesh9,0,7,0,"[0-1-4-7]",3,62,4.80756,0.97,0.610942,3,0.5,2390,1960
4350,431.841,ga_tcheby_proxy,mesh9,6,8,0,"[6-7-8]",2,44,3.23221,0.96899,0.614458,2,0.5,2391,1960
4351,431.963,ga_tcheby_proxy,mesh9,4,7,0,"[4-7]",1,20,1.59654,0.975,0.612121,1,0.5,2392,1960
4352,432.018,ga_tcheby_proxy,mesh9,1,0,1,"[]",0,0,0,0,0,0,0.5,2392,1961
4353,432.191,ga_tcheby_proxy,mesh9,0,4,0,"[0-1-4]",2,42,3.21103,0.97,0.610942,2,0.5,2393,1961
4354,432.233,ga_tcheby_proxy,mesh9,5,6,1,"[]",0,0,0,0,0,0,0.5,2393,1962
4355,432.327,ga_tcheby_proxy,mesh9,2,5,0,"[2-5]",1,20,1.59654,0.975,0.620178,1,0.5,2394,1962
4356,432.416,ga_tcheby_proxy,mesh9,7,3,0,"[7-4-3]",2,42,3.21103,0.97,0.619048,2,0.5,2395,1962
4357,432.642,ga_tcheby_proxy,mesh9,0,8,0,"[0-1-4-7-8]",4,84,6.42205,0.97,0.615616,4,0.5,2396,1962
4358,432.661,ga_tcheby_proxy,mesh9,8,0,1,"[]",0,0,0,0,0,0,0.5,2396,1963
4359,432.731,ga_tcheby_proxy,mesh9,2,7,0,"[2-5-4-7]",3,62,4.90659,0.916035,0.621302,3,0.5,2397,1963
4360,432.807,ga_tcheby_proxy,mesh9,0,6,0,"[0-3-6]",2,40,3.19307,0.975,0.612121,2,0.5,2398,1963
4361,432.854,ga_tcheby_proxy,mesh9,4,6,1,"[]",0,0,0,0,0,0,0.5,2398,1964
4362,432.905,ga_tcheby_proxy,mesh9,2,3,1,"[]",0,0,0,0,0,0,0.5,2398,1965
4363,432.966,ga_tcheby_proxy,mesh9,1,3,1,"[]",0,0,0,0,0,0,0.5,2398,1966
4364,433.366,ga_tcheby_proxy,mesh9,2,0,0,"[2-1-0]",2,44,3.22898,0.97,0.615616,2,0.5,2399,1966
4365,433.368,ga_tcheby_proxy,mesh9,0,7,0,"[0-3-6-7]",3,62,4.97112,0.93638,0.615152,3,0.5,2400,1966
4366,433.914,ga_tcheby_proxy,mesh9,3,4,0,"[3-4]",1,22,1.61449,0.97,0.619048,1,0.5,2401,1966
4367,433.925,ga_tcheby_proxy,mesh9,1,8,1,"[]",0,0,0,0,0,0,0.5,2401,1967
4368,433.991,ga_tcheby_proxy,mesh9,4,2,0,"[4-5-2]",2,42,3.23822,0.958068,0.625731,2,0.5,2402,1967
4369,434.266,ga_tcheby_proxy,mesh9,4,0,0,"[4-3-0]",2,42,3.21103,0.97,0.622419,2,0.5,2403,1967
4370,434.545,ga_tcheby_proxy,mesh9,7,4,0,"[7-4]",1,20,1.59654,0.975,0.620178,1,0.5,2404,1967
4371,434.567,ga_tcheby_proxy,mesh9,4,5,1,"[]",0,0,0,0,0,0,0.5,2404,1968
4372,434.647,ga_tcheby_proxy,mesh9,1,4,0,"[1-4]",1,20,1.59654,0.975,0.613293,1,0.5,2405,1968
4373,434.651,ga_tcheby_proxy,mesh9,3,7,0,"[3-6-7]",2,42,3.41014,0.911721,0.620061,2,0.5,2406,1968
4374,434.765,ga_tcheby_proxy,mesh9,7,0,0,"[7-6-3-0]",3,62,4.80756,0.97,0.623529,3,0.5,2407,1968
4375,434.841,ga_tcheby_proxy,mesh9,2,4,0,"[2-5-4]",2,42,3.21103,0.97,0.622419,2,0.5,2408,1968
4376,434.935,ga_tcheby_proxy,mesh9,7,3,0,"[7-4-3]",2,42,3.21103,0.97,0.621302,2,0.5,2409,1968
4377,434.962,ga_tcheby_proxy,mesh9,3,7,1,"[]",0,0,0,0,0,0,0.5,2409,1969
4378,435.05,ga_tcheby_proxy,mesh9,4,1,0,"[4-1]",1,20,1.59654,0.975,0.624633,1,0.5,2410,1969
4379,435.289,ga_tcheby_proxy,mesh9,6,1,0,"[6-3-0-1]",3,62,4.80756,0.97,0.624633,3,0.5,2411,1969
4380,435.336,ga_tcheby_proxy,mesh9,8,7,1,"[]",0,0,0,0,0,0,0.5,2411,1970
4381,435.436,ga_tcheby_proxy,mesh9,8,3,0,"[8-7-6-3]",3,64,4.82552,0.97,0.622419,3,0.5,2412,1970
4382,435.556,ga_tcheby_proxy,mesh9,7,1,0,"[7-4-1]",2,40,3.19307,0.975,0.625731,2,0.5,2413,1970
4383,435.609,ga_tcheby_proxy,mesh9,3,1,1,"[]",0,0,0,0,0,0,0.5,2413,1971
4384,435.63,ga_tcheby_proxy,mesh9,2,4,1,"[]",0,0,0,0,0,0,0.5,2413,1972
4385,435.784,ga_tcheby_proxy,mesh9,6,1,0,"[6-3-0-1]",3,62,4.80756,0.97,0.625731,3,0.5,2414,1972
4386,435.891,ga_tcheby_proxy,mesh9,7,0,0,"[7-6-3-0]",3,62,4.80756,0.97,0.626822,3,0.5,2415,1972
4387,435.899,ga_tcheby_proxy,mesh9,0,4,1,"[]",0,0,0,0,0,0,0.5,2415,1973
4388,435.945,ga_tcheby_proxy,mesh9,1,8,1,"[]",0,0,0,0,0,0,0.5,2415,1974
4389,435.959,ga_tcheby_proxy,mesh9,5,8,1,"[]",0,0,0,0,0,0,0.5,2415,1975
4390,435.984,ga_tcheby_proxy,mesh9,0,8,1,"[]",0,0,0,0,0,0,0.5,2415,1976
4391,436.006,ga_tcheby_proxy,mesh9,3,7,1,"[]",0,0,0,0,0,0,0.5,2415,1977
4392,436.018,ga_tcheby_proxy,mesh9,1,3,1,"[]",0,0,0,0,0,0,0.5,2415,1978
4393,436.216,ga_tcheby_proxy,mesh9,6,0,0,"[6-3-0]",2,40,3.19307,0.975,0.627907,2,0.5,2416,1978
4394,436.43,ga_tcheby_proxy,mesh9,1,0,0,"[1-0]",1,22,1.61449,0.97,0.604938,1,0.5,2417,1978
4395,436.446,ga_tcheby_proxy,mesh9,7,0,1,"[]",0,0,0,0,0,0,0.5,2417,1979
4396,436.512,ga_tcheby_proxy,mesh9,5,3,1,"[]",0,0,0,0,0,0,0.5,2417,1980
4397,436.936,ga_tcheby_proxy,mesh9,5,3,0,"[5-4-3]",2,44,3.22898,0.97,0.615616,2,0.5,2418,1980
4398,437.033,ga_tcheby_proxy,mesh9,2,1,0,"[2-1]",1,22,1.61449,0.97,0.616766,1,0.5,2419,1980
4399,437.187,ga_tcheby_proxy,mesh9,4,0,0,"[4-1-0]",2,42,3.21103,0.97,0.626822,2,0.5,2420,1980
4400,437.277,ga_tcheby_proxy,mesh9,3,0,0,"[3-0]",1,20,1.59654,0.975,0.628986,1,0.5,2421,1980
4401,437.414,ga_tcheby_proxy,mesh9,2,3,0,"[2-1-0-3]",3,64,4.82552,0.97,0.61791,3,0.5,2422,1980
4402,437.425,ga_tcheby_proxy,mesh9,0,3,1,"[]",0,0,0,0,0,0,0.5,2422,1981
4403,437.601,ga_tcheby_proxy,mesh9,2,5,0,"[2-5]",1,20,1.59654,0.975,0.623529,1,0.5,2423,1981
4404,437.617,ga_tcheby_proxy,mesh9,7,1,1,"[]",0,0,0,0,0,0,0.5,2423,1982
4405,437.786,ga_tcheby_proxy,mesh9,6,2,0,"[6-3-4-5-2]",4,84,6.42205,0.97,0.626822,4,0.5,2424,1982
4406,437.836,ga_tcheby_proxy,mesh9,7,1,1,"[]",0,0,0,0,0,0,0.5,2424,1983
4407,437.845,ga_tcheby_proxy,mesh9,8,1,1,"[]",0,0,0,0,0,0,0.5,2424,1984
4408,437.857,ga_tcheby_proxy,mesh9,2,5,1,"[]",0,0,0,0,0,0,0.5,2424,1985
4409,438.083,ga_tcheby_proxy,mesh9,3,1,0,"[3-4-1]",2,42,3.21103,0.97,0.627907,2,0.5,2425,1985
4410,438.122,ga_tcheby_proxy,mesh9,5,6,1,"[]",0,0,0,0,0,0,0.5,2425,1986
4411,438.214,ga_tcheby_proxy,mesh9,4,6,0,"[4-7-6]",2,42,3.21103,0.97,0.615616,2,0.5,2426,1986
4412,438.534,ga_tcheby_proxy,mesh9,8,0,0,"[8-5-2-1-0]",4,84,6.42205,0.97,0.627907,4,0.5,2427,1986
4413,438.732,ga_tcheby_proxy,mesh9,2,0,0,"[2-1-0]",2,44,3.22898,0.97,0.620178,2,0.5,2428,1986
4414,438.771,ga_tcheby_proxy,mesh9,5,6,1,"[]",0,0,0,0,0,0,0.5,2428,1987
4415,439.066,ga_tcheby_proxy,mesh9,8,3,0,"[8-7-4-3]",3,64,4.82552,0.97,0.623529,3,0.5,2429,1987
4416,439.122,ga_tcheby_proxy,mesh9,7,8,1,"[]",0,0,0,0,0,0,0.5,2429,1988
4417,439.259,ga_tcheby_proxy,mesh9,3,4,0,"[3-4]",1,22,1.61449,0.97,0.622419,1,0.5,2430,1988
4418,439.276,ga_tcheby_proxy,mesh9,2,1,1,"[]",0,0,0,0,0,0,0.5,2430,1989
4419,439.402,ga_tcheby_proxy,mesh9,4,7,0,"[4-7]",1,20,1.59654,0.975,0.616766,1,0.5,2431,1989
4420,439.588,ga_tcheby_proxy,mesh9,4,2,0,"[4-1-2]",2,42,3.21103,0.97,0.628986,2,0.5,2432,1989
4421,440.083,ga_tcheby_proxy,mesh9,0,1,0,"[0-1]",1,22,1.61449,0.97,0.603715,1,0.5,2433,1989
4422,440.124,ga_tcheby_proxy,mesh9,0,1,1,"[]",0,0,0,0,0,0,0.5,2433,1990
4423,440.385,ga_tcheby_proxy,mesh9,2,0,0,"[2-1-0]",2,44,3.22898,0.97,0.621302,2,0.5,2434,1990
4424,440.399,ga_tcheby_proxy,mesh9,0,1,1,"[]",0,0,0,0,0,0,0.5,2434,1991
4425,440.421,ga_tcheby_proxy,mesh9,8,3,1,"[]",0,0,0,0,0,0,0.5,2434,1992
4426,440.435,ga_tcheby_proxy,mesh9,2,6,1,"[]",0,0,0,0,0,0,0.5,2434,1993
4427,440.648,ga_tcheby_proxy,mesh9,8,5,0,"[8-5]",1,20,1.59654,0.975,0.623529,1,0.5,2435,1993
4428,440.722,ga_tcheby_proxy,mesh9,1,0,0,"[1-0]",1,22,1.63257,0.958789,0.612121,1,0.5,2436,1993
4429,441.318,ga_tcheby_proxy,mesh9,7,0,0,"[7-4-1-0]",3,62,4.80756,0.97,0.630058,3,0.5,2437,1993
4430,441.36,ga_tcheby_proxy,mesh9,0,2,1,"[]",0,0,0,0,0,0,0.5,2437,1994
4431,441.369,ga_tcheby_proxy,mesh9,3,6,1,"[]",0,0,0,0,0,0,0.5,2437,1995
4432,441.511,ga_tcheby_proxy,mesh9,4,2,0,"[4-5-2]",2,42,3.21103,0.97,0.628986,2,0.5,2438,1995
4433,441.598,ga_tcheby_proxy,mesh9,0,4,0,"[0-1-4]",2,42,3.21103,0.97,0.614458,2,0.5,2439,1995
4434,441.811,ga_tcheby_proxy,mesh9,6,4,0,"[6-7-4]",2,42,3.21103,0.97,0.625731,2,0.5,2440,1995
4435,441.903,ga_tcheby_proxy,mesh9,7,3,0,"[7-4-3]",2,42,3.21103,0.97,0.626822,2,0.5,2441,1995
4436,442.003,ga_tcheby_proxy,mesh9,8,7,0,"[8-7]",1,22,1.61449,0.97,0.606154,1,0.5,2442,1995
4437,442.008,ga_tcheby_proxy,mesh9,3,2,1,"[]",0,0,0,0,0,0,0.5,2442,1996
4438,442.143,ga_tcheby_proxy,mesh9,3,2,0,"[3-4-5-2]",3,64,4.82552,0.97,0.630058,3,0.5,2443,1996
4439,442.175,ga_tcheby_proxy,mesh9,3,8,1,"[]",0,0,0,0,0,0,0.5,2443,1997
4440,442.325,ga_tcheby_proxy,mesh9,5,4,0,"[5-4]",1,22,1.61449,0.97,0.616766,1,0.5,2444,1997
4441,442.413,ga_tcheby_proxy,mesh9,2,0,0,"[2-1-0]",2,44,3.22898,0.97,0.622419,2,0.5,2445,1997
4442,442.437,ga_tcheby_proxy,mesh9,8,5,1,"[]",0,0,0,0,0,0,0.5,2445,1998
4443,442.512,ga_tcheby_proxy,mesh9,7,4,0,"[7-4]",1,20,1.59654,0.975,0.627907,1,0.5,2446,1998
4444,442.587,ga_tcheby_proxy,mesh9,0,6,0,"[0-3-6]",2,40,3.19307,0.975,0.615616,2,0.5,2447,1998
4445,442.63,ga_tcheby_proxy,mesh9,0,4,1,"[]",0,0,0,0,0,0,0.5,2447,1999
4446,442.992,ga_tcheby_proxy,mesh9,4,6,0,"[4-7-6]",2,42,3.21103,0.97,0.61791,2,0.5,2448,1999
4447,443.095,ga_tcheby_proxy,mesh9,3,0,0,"[3-0]",1,20,1.59654,0.975,0.630058,1,0.5,2449,1999
4448,443.353,ga_tcheby_proxy,mesh9,2,4,0,"[2-1-4]",2,42,3.21103,0.97,0.623529,2,0.5,2450,1999
4449,443.546,ga_tcheby_proxy,mesh9,3,0,0,"[3-0]",1,20,1.59654,0.975,0.631124,1,0.5,2451,1999
4450,443.69,ga_tcheby_proxy,mesh9,4,1,0,"[4-1]",1,20,1.59654,0.975,0.631124,1,0.5,2452,1999
4451,443.708,ga_tcheby_proxy,mesh9,3,5,1,"[]",0,0,0,0,0,0,0.5,2452,2000
4452,443.712,ga_tcheby_proxy,mesh9,4,0,1,"[]",0,0,0,0,0,0,0.5,2452,2001
4453,443.813,ga_tcheby_proxy,mesh9,7,1,0,"[7-4-1]",2,40,3.19307,0.975,0.632184,2,0.5,2453,2001
4454,443.849,ga_tcheby_proxy,mesh9,1,8,1,"[]",0,0,0,0,0,0,0.5,2453,2002
4455,444.088,ga_tcheby_proxy,mesh9,6,5,0,"[6-7-8-5]",3,64,4.82552,0.97,0.624633,3,0.5,2454,2002
4456,444.142,ga_tcheby_proxy,mesh9,2,4,1,"[]",0,0,0,0,0,0,0.5,2454,2003
4457,444.175,ga_tcheby_proxy,mesh9,7,2,1,"[]",0,0,0,0,0,0,0.5,2454,2004
4458,444.456,ga_tcheby_proxy,mesh9,6,0,0,"[6-3-0]",2,40,3.19307,0.975,0.632184,2,0.5,2455,2004
4459,444.508,ga_tcheby_proxy,mesh9,8,4,1,"[]",0,0,0,0,0,0,0.5,2455,2005
4460,444.676,ga_tcheby_proxy,mesh9,1,2,0,"[1-2]",1,22,1.61449,0.97,0.615616,1,0.5,2456,2005
4461,444.686,ga_tcheby_proxy,mesh9,0,3,1,"[]",0,0,0,0,0,0,0.5,2456,2006
4462,444.743,ga_tcheby_proxy,mesh9,6,7,0,"[6-7]",1,22,1.68496,0.927722,0.608563,1,0.5,2457,2006
4463,444.851,ga_tcheby_proxy,mesh9,5,2,0,"[5-2]",1,20,1.59654,0.975,0.631124,1,0.5,2458,2006
4464,444.885,ga_tcheby_proxy,mesh9,1,5,1,"[]",0,0,0,0,0,0,0.5,2458,2007
4465,444.891,ga_tcheby_proxy,mesh9,2,3,1,"[]",0,0,0,0,0,0,0.5,2458,2008
4466,444.938,ga_tcheby_proxy,mesh9,6,2,1,"[]",0,0,0,0,0,0,0.5,2458,2009
4467,445.217,ga_tcheby_proxy,mesh9,0,8,0,"[0-3-6-7-8]",4,84,6.42205,0.97,0.61791,4,0.5,2459,2009
4468,445.253,ga_tcheby_proxy,mesh9,8,5,1,"[]",0,0,0,0,0,0,0.5,2459,2010
4469,445.362,ga_tcheby_proxy,mesh9,4,6,0,"[4-3-6]",2,42,3.21103,0.97,0.619048,2,0.5,2460,2010
4470,445.589,ga_tcheby_proxy,mesh9,0,4,0,"[0-1-4]",2,42,3.21103,0.97,0.616766,2,0.5,2461,2010
4471,445.838,ga_tcheby_proxy,mesh9,8,7,0,"[8-7]",1,22,1.61449,0.97,0.607362,1,0.5,2462,2010
4472,445.954,ga_tcheby_proxy,mesh9,7,2,0,"[7-8-5-2]",3,62,4.80756,0.97,0.632184,3,0.5,2463,2010
4473,445.981,ga_tcheby_proxy,mesh9,8,7,1,"[]",0,0,0,0,0,0,0.5,2463,2011
4474,446.013,ga_tcheby_proxy,mesh9,3,5,1,"[]",0,0,0,0,0,0,0.5,2463,2012
4475,446.053,ga_tcheby_proxy,mesh9,5,1,1,"[]",0,0,0,0,0,0,0.5,2463,2013
4476,446.076,ga_tcheby_proxy,mesh9,3,1,1,"[]",0,0,0,0,0,0,0.5,2463,2014
4477,446.119,ga_tcheby_proxy,mesh9,1,8,1,"[]",0,0,0,0,0,0,0.5,2463,2015
4478,446.155,ga_tcheby_proxy,mesh9,0,2,1,"[]",0,0,0,0,0,0,0.5,2463,2016
4479,446.182,ga_tcheby_proxy,mesh9,8,7,1,"[]",0,0,0,0,0,0,0.5,2463,2017
4480,446.226,ga_tcheby_proxy,mesh9,1,6,1,"[]",0,0,0,0,0,0,0.5,2463,2018
4481,446.341,ga_tcheby_proxy,mesh9,1,8,0,"[1-4-7-8]",3,62,4.80756,0.97,0.620178,3,0.5,2464,2018
4482,446.345,ga_tcheby_proxy,mesh9,1,4,0,"[1-4]",1,20,1.68965,0.919358,0.619048,1,0.5,2465,2018
4483,446.385,ga_tcheby_proxy,mesh9,2,8,1,"[]",0,0,0,0,0,0,0.5,2465,2019
4484,446.585,ga_tcheby_proxy,mesh9,0,1,0,"[0-1]",1,22,1.61449,0.97,0.607362,1,0.5,2466,2019
4485,446.63,ga_tcheby_proxy,mesh9,4,7,1,"[]",0,0,0,0,0,0,0.5,2466,2020
4486,446.686,ga_tcheby_proxy,mesh9,0,7,1,"[]",0,0,0,0,0,0,0.5,2466,2021
4487,446.835,ga_tcheby_proxy,mesh9,7,1,0,"[7-4-1]",2,40,3.19307,0.975,0.633238,2,0.5,2467,2021
4488,446.908,ga_tcheby_proxy,mesh9,3,1,0,"[3-4-1]",2,42,3.24735,0.94774,0.634286,2,0.5,2468,2021
4489,446.917,ga_tcheby_proxy,mesh9,3,5,1,"[]",0,0,0,0,0,0,0.5,2468,2022
4490,446.966,ga_tcheby_proxy,mesh9,1,7,1,"[]",0,0,0,0,0,0,0.5,2468,2023
4491,446.993,ga_tcheby_proxy,mesh9,3,4,1,"[]",0,0,0,0,0,0,0.5,2468,2024
4492,447.035,ga_tcheby_proxy,mesh9,0,4,1,"[]",0,0,0,0,0,0,0.5,2468,2025
4493,447.102,ga_tcheby_proxy,mesh9,8,7,0,"[8-7]",1,22,1.61449,0.97,0.608563,1,0.5,2469,2025
4494,447.159,ga_tcheby_proxy,mesh9,0,1,1,"[]",0,0,0,0,0,0,0.5,2469,2026
4495,447.262,ga_tcheby_proxy,mesh9,1,7,0,"[1-4-7]",2,40,3.19307,0.975,0.620178,2,0.5,2470,2026
4496,447.367,ga_tcheby_proxy,mesh9,8,4,0,"[8-5-4]",2,42,3.21103,0.97,0.626822,2,0.5,2471,2026
4497,447.483,ga_tcheby_proxy,mesh9,7,8,0,"[7-8]",1,22,1.61449,0.97,0.621302,1,0.5,2472,2026
4498,447.514,ga_tcheby_proxy,mesh9,5,2,1,"[]",0,0,0,0,0,0,0.5,2472,2027
4499,447.562,ga_tcheby_proxy,mesh9,4,8,1,"[]",0,0,0,0,0,0,0.5,2472,2028
4500,447.745,ga_tcheby_proxy,mesh9,8,3,0,"[8-5-4-3]",3,64,4.82552,0.97,0.627907,3,0.5,2473,2028
4501,447.834,ga_tcheby_proxy,mesh9,6,0,0,"[6-3-0]",2,40,3.19307,0.975,0.633238,2,0.5,2474,2028
4502,447.904,ga_tcheby_proxy,mesh9,2,6,0,"[2-5-4-7-6]",4,84,6.44863,0.953611,0.624633,4,0.5,2475,2028
4503,447.995,ga_tcheby_proxy,mesh9,8,7,0,"[8-7]",1,22,1.61449,0.97,0.609756,1,0.5,2476,2028
4504,448.024,ga_tcheby_proxy,mesh9,8,1,1,"[]",0,0,0,0,0,0,0.5,2476,2029
4505,448.074,ga_tcheby_proxy,mesh9,2,7,1,"[]",0,0,0,0,0,0,0.5,2476,2030
4506,448.106,ga_tcheby_proxy,mesh9,7,4,1,"[]",0,0,0,0,0,0,0.5,2476,2031
4507,448.691,ga_tcheby_proxy,mesh9,2,0,0,"[2-1-0]",2,44,3.22898,0.97,0.624633,2,0.5,2477,2031
4508,448.714,ga_tcheby_proxy,mesh9,6,7,1,"[]",0,0,0,0,0,0,0.5,2477,2032
4509,448.775,ga_tcheby_proxy,mesh9,7,8,0,"[7-8]",1,22,1.70974,0.913719,0.622419,1,0.5,2478,2032
4510,448.817,ga_tcheby_proxy,mesh9,6,0,1,"[]",0,0,0,0,0,0,0.5,2478,2033
4511,448.832,ga_tcheby_proxy,mesh9,3,1,1,"[]",0,0,0,0,0,0,0.5,2478,2034
4512,448.837,ga_tcheby_proxy,mesh9,8,3,1,"[]",0,0,0,0,0,0,0.5,2478,2035
4513,449.049,ga_tcheby_proxy,mesh9,6,4,0,"[6-3-4]",2,42,3.21103,0.97,0.630058,2,0.5,2479,2035
4514,449.082,ga_tcheby_proxy,mesh9,8,3,1,"[]",0,0,0,0,0,0,0.5,2479,2036
4515,449.111,ga_tcheby_proxy,mesh9,0,8,1,"[]",0,0,0,0,0,0,0.5,2479,2037
4516,449.179,ga_tcheby_proxy,mesh9,4,3,0,"[4-1-0-3]",3,62,5.03693,0.902659,0.635328,3,0.5,2480,2037
4517,449.272,ga_tcheby_proxy,mesh9,4,7,0,"[4-7]",1,20,1.59654,0.975,0.622419,1,0.5,2481,2037
4518,449.278,ga_tcheby_proxy,mesh9,7,0,1,"[]",0,0,0,0,0,0,0.5,2481,2038
4519,449.3,ga_tcheby_proxy,mesh9,7,0,1,"[]",0,0,0,0,0,0,0.5,2481,2039
4520,449.323,ga_tcheby_proxy,mesh9,5,8,1,"[]",0,0,0,0,0,0,0.5,2481,2040
4521,449.348,ga_tcheby_proxy,mesh9,1,7,1,"[]",0,0,0,0,0,0,0.5,2481,2041
4522,449.386,ga_tcheby_proxy,mesh9,5,2,1,"[]",0,0,0,0,0,0,0.5,2481,2042
4523,449.49,ga_tcheby_proxy,mesh9,6,4,0,"[6-7-4]",2,42,3.21103,0.97,0.631124,2,0.5,2482,2042
4524,449.593,ga_tcheby_proxy,mesh9,4,2,0,"[4-5-2]",2,42,3.21103,0.97,0.633238,2,0.5,2483,2042
4525,449.646,ga_tcheby_proxy,mesh9,7,2,1,"[]",0,0,0,0,0,0,0.5,2483,2043
4526,449.831,ga_tcheby_proxy,mesh9,6,8,0,"[6-7-8]",2,44,3.22898,0.97,0.623529,2,0.5,2484,2043
4527,449.944,ga_tcheby_proxy,mesh9,5,3,0,"[5-4-3]",2,44,3.22898,0.97,0.621302,2,0.5,2485,2043
4528,450.036,ga_tcheby_proxy,mesh9,7,1,0,"[7-4-1]",2,40,3.19307,0.975,0.636364,2,0.5,2486,2043
4529,450.188,ga_tcheby_proxy,mesh9,3,2,0,"[3-4-5-2]",3,64,4.82552,0.97,0.634286,3,0.5,2487,2043
4530,450.33,ga_tcheby_proxy,mesh9,5,4,0,"[5-4]",1,22,1.61449,0.97,0.622419,1,0.5,2488,2043
4531,450.392,ga_tcheby_proxy,mesh9,6,8,1,"[]",0,0,0,0,0,0,0.5,2488,2044
4532,450.505,ga_tcheby_proxy,mesh9,3,0,0,"[3-0]",1,20,1.59654,0.975,0.634286,1,0.5,2489,2044
4533,450.579,ga_tcheby_proxy,mesh9,3,5,0,"[3-4-5]",2,44,3.22898,0.97,0.628986,2,0.5,2490,2044
4534,450.691,ga_tcheby_proxy,mesh9,4,3,0,"[4-3]",1,22,1.61449,0.97,0.622419,1,0.5,2491,2044
4535,450.694,ga_tcheby_proxy,mesh9,5,7,0,"[5-8-7]",2,42,3.39161,0.916772,0.624615,2,0.5,2492,2044
4536,450.705,ga_tcheby_proxy,mesh9,1,5,1,"[]",0,0,0,0,0,0,0.5,2492,2045
4537,450.823,ga_tcheby_proxy,mesh9,1,0,0,"[1-0]",1,22,1.61449,0.97,0.61791,1,0.5,2493,2045
4538,450.825,ga_tcheby_proxy,mesh9,0,2,0,"[0-1-2]",2,44,3.37599,0.925675,0.616766,2,0.5,2494,2045
4539,450.832,ga_tcheby_proxy,mesh9,7,4,1,"[]",0,0,0,0,0,0,0.5,2494,2046
4540,450.838,ga_tcheby_proxy,mesh9,1,2,1,"[]",0,0,0,0,0,0,0.5,2494,2047
4541,450.848,ga_tcheby_proxy,mesh9,8,1,1,"[]",0,0,0,0,0,0,0.5,2494,2048
4542,451.216,ga_tcheby_proxy,mesh9,8,4,0,"[8-5-4]",2,42,3.21103,0.97,0.628986,2,0.5,2495,2048
4543,451.321,ga_tcheby_proxy,mesh9,5,3,0,"[5-4-3]",2,44,3.22898,0.97,0.624633,2,0.5,2496,2048
4544,451.372,ga_tcheby_proxy,mesh9,3,2,1,"[]",0,0,0,0,0,0,0.5,2496,2049
4545,451.435,ga_tcheby_proxy,mesh9,2,7,0,"[2-5-8-7]",3,62,4.99662,0.907268,0.625731,3,0.5,2497,2049
4546,451.569,ga_tcheby_proxy,mesh9,7,0,0,"[7-4-3-0]",3,62,4.80756,0.97,0.635328,3,0.5,2498,2049
4547,451.582,ga_tcheby_proxy,mesh9,3,7,1,"[]",0,0,0,0,0,0,0.5,2498,2050
4548,451.604,ga_tcheby_proxy,mesh9,6,0,1,"[]",0,0,0,0,0,0,0.5,2498,2051
4549,451.769,ga_tcheby_proxy,mesh9,7,3,0,"[7-6-3]",2,42,3.21103,0.97,0.631124,2,0.5,2499,2051
4550,451.843,ga_tcheby_proxy,mesh9,3,0,0,"[3-0]",1,20,1.59654,0.975,0.636364,1,0.5,2500,2051
4551,452.063,ga_tcheby_proxy,mesh9,7,5,0,"[7-8-5]",2,42,3.21103,0.97,0.630058,2,0.5,2501,2051
4552,452.121,ga_tcheby_proxy,mesh9,2,5,0,"[2-5]",1,20,1.61235,0.965079,0.626822,1,0.5,2502,2051
4553,452.235,ga_tcheby_proxy,mesh9,4,8,0,"[4-7-8]",2,42,3.21103,0.97,0.625731,2,0.5,2503,2051
4554,452.394,ga_tcheby_proxy,mesh9,8,0,0,"[8-5-2-1-0]",4,84,6.42205,0.97,0.635328,4,0.5,2504,2051
4555,452.487,ga_tcheby_proxy,mesh9,6,0,0,"[6-3-0]",2,40,3.19307,0.975,0.637394,2,0.5,2505,2051
4556,452.624,ga_tcheby_proxy,mesh9,0,8,0,"[0-3-6-7-8]",4,84,6.42205,0.97,0.626822,4,0.5,2506,2051
4557,452.636,ga_tcheby_proxy,mesh9,6,8,1,"[]",0,0,0,0,0,0,0.5,2506,2052
4558,452.736,ga_tcheby_proxy,mesh9,0,1,0,"[0-1]",1,22,1.61449,0.97,0.609756,1,0.5,2507,2052
4559,452.887,ga_tcheby_proxy,mesh9,7,2,0,"[7-4-5-2]",3,62,4.80756,0.97,0.636364,3,0.5,2508,2052
4560,452.945,ga_tcheby_proxy,mesh9,0,7,1,"[]",0,0,0,0,0,0,0.5,2508,2053
4561,453.004,ga_tcheby_proxy,mesh9,7,8,0,"[7-4-5-8]",3,62,5.02521,0.905823,0.635328,3,0.5,2509,2053
4562,453.183,ga_tcheby_proxy,mesh9,6,1,0,"[6-7-4-1]",3,62,4.80756,0.97,0.637394,3,0.5,2510,2053
4563,453.287,ga_tcheby_proxy,mesh9,3,2,0,"[3-4-5-2]",3,64,4.82552,0.97,0.637394,3,0.5,2511,2053
4564,453.311,ga_tcheby_proxy,mesh9,8,1,1,"[]",0,0,0,0,0,0,0.5,2511,2054
4565,453.376,ga_tcheby_proxy,mesh9,5,7,1,"[]",0,0,0,0,0,0,0.5,2511,2055
4566,453.468,ga_tcheby_proxy,mesh9,5,7,0,"[5-8-7]",2,42,3.21103,0.97,0.616766,2,0.5,2512,2055
4567,453.534,ga_tcheby_proxy,mesh9,7,1,0,"[7-4-1]",2,40,3.19307,0.975,0.638418,2,0.5,2513,2055
4568,453.697,ga_tcheby_proxy,mesh9,5,4,0,"[5-4]",1,22,1.61449,0.97,0.625731,1,0.5,2514,2055
4569,453.733,ga_tcheby_proxy,mesh9,2,5,1,"[]",0,0,0,0,0,0,0.5,2514,2056
4570,453.792,ga_tcheby_proxy,mesh9,3,5,1,"[]",0,0,0,0,0,0,0.5,2514,2057
4571,453.973,ga_tcheby_proxy,mesh9,2,3,0,"[2-1-4-3]",3,64,4.82552,0.97,0.626822,3,0.5,2515,2057
4572,454.228,ga_tcheby_proxy,mesh9,8,4,0,"[8-5-4]",2,42,3.21103,0.97,0.632184,2,0.5,2516,2057
4573,454.376,ga_tcheby_proxy,mesh9,8,7,0,"[8-7]",1,22,1.61449,0.97,0.614458,1,0.5,2517,2057
4574,454.528,ga_tcheby_proxy,mesh9,0,3,0,"[0-3]",1,20,1.59654,0.975,0.601246,1,0.5,2518,2057
4575,454.551,ga_tcheby_proxy,mesh9,1,8,1,"[]",0,0,0,0,0,0,0.5,2518,2058
4576,454.628,ga_tcheby_proxy,mesh9,8,5,0,"[8-5]",1,20,1.59654,0.975,0.633238,1,0.5,2519,2058
4577,454.784,ga_tcheby_proxy,mesh9,5,2,0,"[5-2]",1,20,1.59654,0.975,0.638418,1,0.5,2520,2058
4578,454.864,ga_tcheby_proxy,mesh9,7,8,0,"[7-8]",1,22,1.64279,0.952567,0.627907,1,0.5,2521,2058
4579,454.908,ga_tcheby_proxy,mesh9,0,2,1,"[]",0,0,0,0,0,0,0.5,2521,2059
4580,455.282,ga_tcheby_proxy,mesh9,4,0,0,"[4-3-0]",2,42,3.21103,0.97,0.638418,2,0.5,2522,2059
4581,455.364,ga_tcheby_proxy,mesh9,8,1,0,"[8-5-2-1]",3,62,4.80756,0.97,0.639437,3,0.5,2523,2059
4582,455.397,ga_tcheby_proxy,mesh9,4,2,1,"[]",0,0,0,0,0,0,0.5,2523,2060
4583,455.649,ga_tcheby_proxy,mesh9,0,8,0,"[0-1-2-5-8]",4,84,6.42205,0.97,0.627907,4,0.5,2524,2060
4584,455.721,ga_tcheby_proxy,mesh9,3,2,0,"[3-6-7-8-5-2]",5,104,8.01859,0.97,0.640449,5,0.5,2525,2060
4585,455.808,ga_tcheby_proxy,mesh9,8,1,0,"[8-5-4-1]",3,62,4.80756,0.97,0.639437,3,0.5,2526,2060
4586,455.888,ga_tcheby_proxy,mesh9,7,4,0,"[7-4]",1,20,1.59654,0.975,0.638418,1,0.5,2527,2060
4587,455.91,ga_tcheby_proxy,mesh9,2,5,1,"[]",0,0,0,0,0,0,0.5,2527,2061
4588,455.924,ga_tcheby_proxy,mesh9,0,2,1,"[]",0,0,0,0,0,0,0.5,2527,2062
4589,456.09,ga_tcheby_proxy,mesh9,4,7,0,"[4-7]",1,20,1.59654,0.975,0.624633,1,0.5,2528,2062
4590,456.183,ga_tcheby_proxy,mesh9,0,3,0,"[0-3]",1,20,1.59654,0.975,0.602484,1,0.5,2529,2062
4591,456.246,ga_tcheby_proxy,mesh9,5,6,1,"[]",0,0,0,0,0,0,0.5,2529,2063
4592,456.518,ga_tcheby_proxy,mesh9,8,0,0,"[8-5-4-3-0]",4,84,6.42205,0.97,0.639437,4,0.5,2530,2063
4593,456.542,ga_tcheby_proxy,mesh9,4,6,1,"[]",0,0,0,0,0,0,0.5,2530,2064
4594,456.602,ga_tcheby_proxy,mesh9,0,5,1,"[]",0,0,0,0,0,0,0.5,2530,2065
4595,456.669,ga_tcheby_proxy,mesh9,2,1,0,"[2-1]",1,22,1.68272,0.92901,0.628986,1,0.5,2531,2065
4596,456.732,ga_tcheby_proxy,mesh9,8,7,0,"[8-7]",1,22,1.64885,0.948919,0.615616,1,0.5,2532,2065
4597,457.017,ga_tcheby_proxy,mesh9,0,3,0,"[0-3]",1,20,1.59654,0.975,0.603715,1,0.5,2533,2065
4598,457.083,ga_tcheby_proxy,mesh9,3,4,0,"[3-4]",1,22,1.61449,0.97,0.630058,1,0.5,2534,2065
4599,457.109,ga_tcheby_proxy,mesh9,0,5,1,"[]",0,0,0,0,0,0,0.5,2534,2066
4600,457.22,ga_tcheby_proxy,mesh9,6,0,0,"[6-3-0]",2,40,3.19307,0.975,0.640449,2,0.5,2535,2066
4601,457.304,ga_tcheby_proxy,mesh9,1,4,0,"[1-4]",1,20,1.59654,0.975,0.622419,1,0.5,2536,2066
4602,457.532,ga_tcheby_proxy,mesh9,6,1,0,"[6-3-4-1]",3,62,4.80756,0.97,0.640449,3,0.5,2537,2066
4603,457.539,ga_tcheby_proxy,mesh9,4,8,1,"[]",0,0,0,0,0,0,0.5,2537,2067
4604,457.587,ga_tcheby_proxy,mesh9,7,4,1,"[]",0,0,0,0,0,0,0.5,2537,2068
4605,457.685,ga_tcheby_proxy,mesh9,5,3,0,"[5-4-3]",2,44,3.22898,0.97,0.630058,2,0.5,2538,2068
4606,458.015,ga_tcheby_proxy,mesh9,8,4,0,"[8-5-4]",2,42,3.21103,0.97,0.638418,2,0.5,2539,2068
4607,458.035,ga_tcheby_proxy,mesh9,4,8,1,"[]",0,0,0,0,0,0,0.5,2539,2069
4608,458.2,ga_tcheby_proxy,mesh9,8,7,0,"[8-7]",1,22,1.61449,0.97,0.616766,1,0.5,2540,2069
4609,458.411,ga_tcheby_proxy,mesh9,1,6,0,"[1-0-3-6]",3,62,4.80756,0.97,0.621302,3,0.5,2541,2069
4610,458.461,ga_tcheby_proxy,mesh9,1,5,1,"[]",0,0,0,0,0,0,0.5,2541,2070
4611,458.68,ga_tcheby_proxy,mesh9,6,4,0,"[6-3-4]",2,42,3.21103,0.97,0.635328,2,0.5,2542,2070
4612,458.907,ga_tcheby_proxy,mesh9,5,0,0,"[5-2-1-0]",3,64,4.82552,0.97,0.641457,3,0.5,2543,2070
4613,458.95,ga_tcheby_proxy,mesh9,1,7,1,"[]",0,0,0,0,0,0,0.5,2543,2071
4614,459.088,ga_tcheby_proxy,mesh9,1,5,0,"[1-2-5]",2,42,3.21103,0.97,0.628986,2,0.5,2544,2071
4615,459.107,ga_tcheby_proxy,mesh9,2,3,1,"[]",0,0,0,0,0,0,0.5,2544,2072
4616,459.122,ga_tcheby_proxy,mesh9,2,6,1,"[]",0,0,0,0,0,0,0.5,2544,2073
4617,459.46,ga_tcheby_proxy,mesh9,6,1,0,"[6-3-4-1]",3,62,4.80756,0.97,0.641457,3,0.5,2545,2073
4618,459.492,ga_tcheby_proxy,mesh9,1,3,1,"[]",0,0,0,0,0,0,0.5,2545,2074
4619,459.534,ga_tcheby_proxy,mesh9,1,6,1,"[]",0,0,0,0,0,0,0.5,2545,2075
4620,459.579,ga_tcheby_proxy,mesh9,2,3,1,"[]",0,0,0,0,0,0,0.5,2545,2076
4621,459.624,ga_tcheby_proxy,mesh9,1,6,1,"[]",0,0,0,0,0,0,0.5,2545,2077
4622,459.744,ga_tcheby_proxy,mesh9,5,8,0,"[5-8]",1,20,1.59654,0.975,0.619048,1,0.5,2546,2077
4623,460.087,ga_tcheby_proxy,mesh9,2,7,0,"[2-5-8-7]",3,62,4.80756,0.97,0.630058,3,0.5,2547,2077
4624,460.132,ga_tcheby_proxy,mesh9,0,2,1,"[]",0,0,0,0,0,0,0.5,2547,2078
4625,460.488,ga_tcheby_proxy,mesh9,5,0,0,"[5-4-3-0]",3,64,4.82552,0.97,0.641457,3,0.5,2548,2078
4626,460.549,ga_tcheby_proxy,mesh9,7,6,0,"[7-6]",1,22,1.63913,0.954787,0.591054,1,0.5,2549,2078
4627,460.558,ga_tcheby_proxy,mesh9,0,2,1,"[]",0,0,0,0,0,0,0.5,2549,2079
4628,460.623,ga_tcheby_proxy,mesh9,7,1,0,"[7-4-1]",2,40,3.27749,0.924283,0.642458,2,0.5,2550,2079
4629,460.852,ga_tcheby_proxy,mesh9,3,6,0,"[3-6]",1,20,1.59654,0.975,0.622419,1,0.5,2551,2079
4630,460.865,ga_tcheby_proxy,mesh9,2,4,1,"[]",0,0,0,0,0,0,0.5,2551,2080
4631,460.889,ga_tcheby_proxy,mesh9,8,0,1,"[]",0,0,0,0,0,0,0.5,2551,2081
4632,460.892,ga_tcheby_proxy,mesh9,5,7,1,"[]",0,0,0,0,0,0,0.5,2551,2082
4633,460.967,ga_tcheby_proxy,mesh9,2,4,0,"[2-5-4]",2,42,3.2313,0.957448,0.633238,2,0.5,2552,2082
4634,461.135,ga_tcheby_proxy,mesh9,7,8,0,"[7-8]",1,22,1.61449,0.97,0.630058,1,0.5,2553,2082
4635,461.135,ga_tcheby_proxy,mesh9,1,4,0,"[1-4]",1,20,1.61546,0.963151,0.623529,1,0.5,2554,2082
4636,461.495,ga_tcheby_proxy,mesh9,2,6,0,"[2-1-4-7-6]",4,84,6.42205,0.97,0.631124,4,0.5,2555,2082
4637,461.701,ga_tcheby_proxy,mesh9,7,2,0,"[7-8-5-2]",3,62,4.80756,0.97,0.642458,3,0.5,2556,2082
4638,461.708,ga_tcheby_proxy,mesh9,5,2,1,"[]",0,0,0,0,0,0,0.5,2556,2083
4639,461.745,ga_tcheby_proxy,mesh9,5,1,1,"[]",0,0,0,0,0,0,0.5,2556,2084
4640,461.935,ga_tcheby_proxy,mesh9,5,2,0,"[5-2]",1,20,1.59654,0.975,0.643454,1,0.5,2557,2084
4641,461.975,ga_tcheby_proxy,mesh9,6,5,1,"[]",0,0,0,0,0,0,0.5,2557,2085
4642,462.064,ga_tcheby_proxy,mesh9,2,8,0,"[2-5-8]",2,40,3.19307,0.975,0.632184,2,0.5,2558,2085
4643,462.173,ga_tcheby_proxy,mesh9,3,1,0,"[3-0-1]",2,42,3.21103,0.97,0.642458,2,0.5,2559,2085
4644,462.193,ga_tcheby_proxy,mesh9,1,6,1,"[]",0,0,0,0,0,0,0.5,2559,2086
4645,462.396,ga_tcheby_proxy,mesh9,1,3,0,"[1-0-3]",2,42,3.21103,0.97,0.622419,2,0.5,2560,2086
4646,462.41,ga_tcheby_proxy,mesh9,8,3,1,"[]",0,0,0,0,0,0,0.5,2560,2087
4647,462.724,ga_tcheby_proxy,mesh9,7,3,0,"[7-6-3]",2,42,3.21103,0.97,0.637394,2,0.5,2561,2087
4648,462.78,ga_tcheby_proxy,mesh9,3,7,1,"[]",0,0,0,0,0,0,0.5,2561,2088
4649,463.092,ga_tcheby_proxy,mesh9,0,5,0,"[0-1-4-5]",3,64,4.82552,0.97,0.633238,3,0.5,2562,2088
4650,463.229,ga_tcheby_proxy,mesh9,5,1,0,"[5-4-1]",2,42,3.21103,0.97,0.643454,2,0.5,2563,2088
4651,463.264,ga_tcheby_proxy,mesh9,2,3,1,"[]",0,0,0,0,0,0,0.5,2563,2089
4652,463.385,ga_tcheby_proxy,mesh9,6,0,0,"[6-3-0]",2,40,3.19307,0.975,0.643454,2,0.5,2564,2089
4653,463.57,ga_tcheby_proxy,mesh9,6,8,0,"[6-7-8]",2,44,3.22898,0.97,0.632184,2,0.5,2565,2089
4654,463.603,ga_tcheby_proxy,mesh9,2,6,1,"[]",0,0,0,0,0,0,0.5,2565,2090
4655,463.81,ga_tcheby_proxy,mesh9,8,1,0,"[8-5-4-1]",3,62,4.80756,0.97,0.644444,3,0.5,2566,2090
4656,464.061,ga_tcheby_proxy,mesh9,5,1,0,"[5-2-1]",2,42,3.21103,0.97,0.644444,2,0.5,2567,2090
4657,464.167,ga_tcheby_proxy,mesh9,1,2,0,"[1-2]",1,22,1.61449,0.97,0.620178,1,0.5,2568,2090
4658,464.23,ga_tcheby_proxy,mesh9,3,2,1,"[]",0,0,0,0,0,0,0.5,2568,2091
4659,464.237,ga_tcheby_proxy,mesh9,2,0,1,"[]",0,0,0,0,0,0,0.5,2568,2092
4660,464.33,ga_tcheby_proxy,mesh9,1,8,0,"[1-4-7-8]",3,62,4.80756,0.97,0.633238,3,0.5,2569,2092
4661,464.422,ga_tcheby_proxy,mesh9,5,0,0,"[5-4-3-0]",3,64,4.82552,0.97,0.644444,3,0.5,2570,2092
4662,464.431,ga_tcheby_proxy,mesh9,8,4,1,"[]",0,0,0,0,0,0,0.5,2570,2093
4663,464.526,ga_tcheby_proxy,mesh9,1,6,0,"[1-0-3-6]",3,62,4.80756,0.97,0.623529,3,0.5,2571,2093
4664,464.537,ga_tcheby_proxy,mesh9,7,4,1,"[]",0,0,0,0,0,0,0.5,2571,2094
4665,464.556,ga_tcheby_proxy,mesh9,5,1,1,"[]",0,0,0,0,0,0,0.5,2571,2095
4666,464.557,ga_tcheby_proxy,mesh9,6,7,1,"[]",0,0,0,0,0,0,0.5,2571,2096
4667,464.627,ga_tcheby_proxy,mesh9,1,0,0,"[1-0]",1,22,1.69798,0.92042,0.630178,1,0.5,2572,2096
4668,464.776,ga_tcheby_proxy,mesh9,4,5,0,"[4-5]",1,22,1.61449,0.97,0.634286,1,0.5,2573,2096
4669,464.998,ga_tcheby_proxy,mesh9,1,0,0,"[1-0]",1,22,1.61449,0.97,0.625731,1,0.5,2574,2096
4670,465.053,ga_tcheby_proxy,mesh9,7,2,1,"[]",0,0,0,0,0,0,0.5,2574,2097
4671,465.151,ga_tcheby_proxy,mesh9,5,2,0,"[5-2]",1,20,1.59654,0.975,0.645429,1,0.5,2575,2097
4672,465.216,ga_tcheby_proxy,mesh9,1,5,0,"[1-2-5]",2,42,3.33455,0.912146,0.633238,2,0.5,2576,2097
4673,465.24,ga_tcheby_proxy,mesh9,2,4,1,"[]",0,0,0,0,0,0,0.5,2576,2098
4674,465.241,ga_tcheby_proxy,mesh9,0,6,1,"[]",0,0,0,0,0,0,0.5,2576,2099
4675,465.263,ga_tcheby_proxy,mesh9,3,8,1,"[]",0,0,0,0,0,0,0.5,2576,2100
4676,465.311,ga_tcheby_proxy,mesh9,0,6,1,"[]",0,0,0,0,0,0,0.5,2576,2101
4677,465.506,ga_tcheby_proxy,mesh9,1,5,0,"[1-2-5]",2,42,3.21103,0.97,0.634286,2,0.5,2577,2101
4678,465.695,ga_tcheby_proxy,mesh9,7,1,0,"[7-4-1]",2,40,3.19307,0.975,0.645429,2,0.5,2578,2101
4679,465.973,ga_tcheby_proxy,mesh9,5,7,0,"[5-8-7]",2,42,3.21103,0.97,0.622419,2,0.5,2579,2101
4680,466.045,ga_tcheby_proxy,mesh9,4,1,0,"[4-1]",1,20,1.59654,0.975,0.646409,1,0.5,2580,2101
4681,466.071,ga_tcheby_proxy,mesh9,3,0,1,"[]",0,0,0,0,0,0,0.5,2580,2102
4682,466.177,ga_tcheby_proxy,mesh9,5,1,0,"[5-2-1]",2,42,3.21103,0.97,0.646409,2,0.5,2581,2102
4683,466.283,ga_tcheby_proxy,mesh9,8,7,0,"[8-7]",1,22,1.61449,0.97,0.620178,1,0.5,2582,2102
4684,466.467,ga_tcheby_proxy,mesh9,2,7,0,"[2-1-4-7]",3,62,4.80756,0.97,0.634286,3,0.5,2583,2102
4685,466.955,ga_tcheby_proxy,mesh9,7,4,0,"[7-4]",1,20,1.59654,0.975,0.641457,1,0.5,2584,2102
4686,466.98,ga_tcheby_proxy,mesh9,0,5,1,"[]",0,0,0,0,0,0,0.5,2584,2103
4687,466.998,ga_tcheby_proxy,mesh9,2,6,1,"[]",0,0,0,0,0,0,0.5,2584,2104
4688,467.044,ga_tcheby_proxy,mesh9,1,7,1,"[]",0,0,0,0,0,0,0.5,2584,2105
4689,467.147,ga_tcheby_proxy,mesh9,1,6,0,"[1-0-3-6]",3,62,4.80756,0.97,0.626822,3,0.5,2585,2105
4690,467.296,ga_tcheby_proxy,mesh9,5,3,0,"[5-4-3]",2,44,3.22898,0.97,0.637394,2,0.5,2586,2105
4691,467.458,ga_tcheby_proxy,mesh9,5,6,0,"[5-8-7-6]",3,64,4.82552,0.97,0.623529,3,0.5,2587,2105
4692,467.473,ga_tcheby_proxy,mesh9,0,5,1,"[]",0,0,0,0,0,0,0.5,2587,2106
4693,467.53,ga_tcheby_proxy,mesh9,2,1,1,"[]",0,0,0,0,0,0,0.5,2587,2107
4694,467.575,ga_tcheby_proxy,mesh9,4,1,1,"[]",0,0,0,0,0,0,0.5,2587,2108
4695,467.794,ga_tcheby_proxy,mesh9,0,5,0,"[0-1-2-5]",3,64,4.82552,0.97,0.635328,3,0.5,2588,2108
4696,467.884,ga_tcheby_proxy,mesh9,2,1,0,"[2-1]",1,22,1.61449,0.97,0.635328,1,0.5,2589,2108
4697,468.083,ga_tcheby_proxy,mesh9,1,4,0,"[1-4]",1,20,1.59654,0.975,0.628986,1,0.5,2590,2108
4698,468.188,ga_tcheby_proxy,mesh9,7,1,0,"[7-4-1]",2,40,3.19307,0.975,0.647383,2,0.5,2591,2108
4699,468.204,ga_tcheby_proxy,mesh9,5,4,1,"[]",0,0,0,0,0,0,0.5,2591,2109
4700,468.239,ga_tcheby_proxy,mesh9,4,8,1,"[]",0,0,0,0,0,0,0.5,2591,2110
4701,468.242,ga_tcheby_proxy,mesh9,8,1,1,"[]",0,0,0,0,0,0,0.5,2591,2111
4702,468.323,ga_tcheby_proxy,mesh9,1,7,0,"[1-0-3-6-7]",4,84,6.42205,0.97,0.627907,4,0.5,2592,2111
4703,468.372,ga_tcheby_proxy,mesh9,7,5,1,"[]",0,0,0,0,0,0,0.5,2592,2112
4704,468.393,ga_tcheby_proxy,mesh9,5,0,1,"[]",0,0,0,0,0,0,0.5,2592,2113
4705,468.553,ga_tcheby_proxy,mesh9,1,8,0,"[1-4-7-8]",3,62,4.80756,0.97,0.634286,3,0.5,2593,2113
4706,468.639,ga_tcheby_proxy,mesh9,3,8,0,"[3-6-7-8]",3,64,4.82552,0.97,0.635328,3,0.5,2594,2113
4707,468.692,ga_tcheby_proxy,mesh9,6,2,1,"[]",0,0,0,0,0,0,0.5,2594,2114
4708,468.763,ga_tcheby_proxy,mesh9,3,1,0,"[3-4-1]",2,42,3.30838,0.912551,0.648352,2,0.5,2595,2114
4709,468.815,ga_tcheby_proxy,mesh9,4,3,1,"[]",0,0,0,0,0,0,0.5,2595,2115
4710,468.896,ga_tcheby_proxy,mesh9,2,7,0,"[2-5-8-7]",3,62,4.80756,0.97,0.636364,3,0.5,2596,2115
4711,468.896,ga_tcheby_proxy,mesh9,6,0,0,"[6-3-0]",2,40,3.22855,0.963885,0.645429,2,0.5,2597,2115
4712,469.21,ga_tcheby_proxy,mesh9,6,1,0,"[6-3-0-1]",3,62,4.80756,0.97,0.646409,3,0.5,2598,2115
4713,469.243,ga_tcheby_proxy,mesh9,8,4,1,"[]",0,0,0,0,0,0,0.5,2598,2116
4714,469.469,ga_tcheby_proxy,mesh9,0,6,0,"[0-3-6]",2,40,3.19307,0.975,0.627907,2,0.5,2599,2116
4715,469.795,ga_tcheby_proxy,mesh9,3,5,0,"[3-4-5]",2,44,3.22898,0.97,0.635328,2,0.5,2600,2116
4716,469.802,ga_tcheby_proxy,mesh9,3,2,1,"[]",0,0,0,0,0,0,0.5,2600,2117
4717,469.9,ga_tcheby_proxy,mesh9,8,4,0,"[8-5-4]",2,42,3.21103,0.97,0.641457,2,0.5,2601,2117
4718,469.931,ga_tcheby_proxy,mesh9,1,5,1,"[]",0,0,0,0,0,0,0.5,2601,2118
4719,469.964,ga_tcheby_proxy,mesh9,3,1,1,"[]",0,0,0,0,0,0,0.5,2601,2119
4720,470.11,ga_tcheby_proxy,mesh9,7,4,0,"[7-4]",1,20,1.59654,0.975,0.643454,1,0.5,2602,2119
4721,470.359,ga_tcheby_proxy,mesh9,2,3,0,"[2-1-0-3]",3,64,4.82552,0.97,0.636364,3,0.5,2603,2119
4722,470.386,ga_tcheby_proxy,mesh9,0,5,1,"[]",0,0,0,0,0,0,0.5,2603,2120
4723,470.496,ga_tcheby_proxy,mesh9,3,1,0,"[3-0-1]",2,42,3.21103,0.97,0.647383,2,0.5,2604,2120
4724,470.6,ga_tcheby_proxy,mesh9,6,8,0,"[6-7-8]",2,44,3.22898,0.97,0.636364,2,0.5,2605,2120
4725,470.602,ga_tcheby_proxy,mesh9,5,6,0,"[5-8-7-6]",3,64,4.94952,0.944876,0.631268,3,0.5,2606,2120
4726,470.726,ga_tcheby_proxy,mesh9,1,5,0,"[1-4-5]",2,42,3.21103,0.97,0.636364,2,0.5,2607,2120
4727,470.785,ga_tcheby_proxy,mesh9,5,2,0,"[5-2]",1,20,1.59654,0.975,0.647383,1,0.5,2608,2120
4728,470.931,ga_tcheby_proxy,mesh9,2,4,0,"[2-1-4]",2,42,3.21103,0.97,0.637394,2,0.5,2609,2120
4729,470.978,ga_tcheby_proxy,mesh9,4,0,1,"[]",0,0,0,0,0,0,0.5,2609,2121
4730,471.187,ga_tcheby_proxy,mesh9,6,0,0,"[6-3-0]",2,40,3.19307,0.975,0.648352,2,0.5,2610,2121
4731,471.208,ga_tcheby_proxy,mesh9,3,1,1,"[]",0,0,0,0,0,0,0.5,2610,2122
4732,471.374,ga_tcheby_proxy,mesh9,0,5,0,"[0-1-2-5]",3,64,4.82552,0.97,0.637394,3,0.5,2611,2122
4733,471.464,ga_tcheby_proxy,mesh9,5,6,0,"[5-8-7-6]",3,64,4.82552,0.97,0.626822,3,0.5,2612,2122
4734,471.517,ga_tcheby_proxy,mesh9,2,7,1,"[]",0,0,0,0,0,0,0.5,2612,2123
4735,471.573,ga_tcheby_proxy,mesh9,5,2,1,"[]",0,0,0,0,0,0,0.5,2612,2124
4736,471.58,ga_tcheby_proxy,mesh9,5,2,1,"[]",0,0,0,0,0,0,0.5,2612,2125
4737,471.746,ga_tcheby_proxy,mesh9,0,1,0,"[0-1]",1,22,1.61449,0.97,0.619048,1,0.5,2613,2125
4738,471.832,ga_tcheby_proxy,mesh9,0,5,0,"[0-1-2-5]",3,64,4.82552,0.97,0.638418,3,0.5,2614,2125
4739,472.026,ga_tcheby_proxy,mesh9,8,5,0,"[8-5]",1,20,1.59654,0.975,0.642458,1,0.5,2615,2125
4740,472.131,ga_tcheby_proxy,mesh9,1,7,0,"[1-4-7]",2,40,3.19307,0.975,0.633238,2,0.5,2616,2125
4741,472.257,ga_tcheby_proxy,mesh9,5,7,0,"[5-8-7]",2,42,3.21103,0.97,0.627907,2,0.5,2617,2125
4742,472.269,ga_tcheby_proxy,mesh9,7,3,1,"[]",0,0,0,0,0,0,0.5,2617,2126
4743,472.333,ga_tcheby_proxy,mesh9,4,8,0,"[4-5-8]",2,42,3.23833,0.953169,0.637394,2,0.5,2618,2126
4744,472.435,ga_tcheby_proxy,mesh9,6,2,0,"[6-7-4-5-2]",4,84,6.42205,0.97,0.648352,4,0.5,2619,2126
4745,472.447,ga_tcheby_proxy,mesh9,2,1,1,"[]",0,0,0,0,0,0,0.5,2619,2127
4746,472.448,ga_tcheby_proxy,mesh9,2,7,1,"[]",0,0,0,0,0,0,0.5,2619,2128
4747,472.487,ga_tcheby_proxy,mesh9,7,8,1,"[]",0,0,0,0,0,0,0.5,2619,2129
4748,472.602,ga_tcheby_proxy,mesh9,5,6,0,"[5-8-7-6]",3,64,4.82552,0.97,0.630058,3,0.5,2620,2129
4749,472.633,ga_tcheby_proxy,mesh9,8,0,1,"[]",0,0,0,0,0,0,0.5,2620,2130
4750,472.834,ga_tcheby_proxy,mesh9,5,8,0,"[5-8]",1,20,1.59654,0.975,0.631124,1,0.5,2621,2130
4751,472.923,ga_tcheby_proxy,mesh9,1,5,0,"[1-2-5]",2,42,3.21103,0.97,0.639437,2,0.5,2622,2130
4752,472.952,ga_tcheby_proxy,mesh9,3,0,1,"[]",0,0,0,0,0,0,0.5,2622,2131
4753,473.069,ga_tcheby_proxy,mesh9,2,5,0,"[2-5]",1,20,1.59654,0.975,0.640449,1,0.5,2623,2131
4754,473.107,ga_tcheby_proxy,mesh9,5,1,1,"[]",0,0,0,0,0,0,0.5,2623,2132
4755,473.417,ga_tcheby_proxy,mesh9,0,7,0,"[0-3-6-7]",3,62,4.80756,0.97,0.628986,3,0.5,2624,2132
4756,473.557,ga_tcheby_proxy,mesh9,0,8,0,"[0-1-4-7-8]",4,84,6.42205,0.97,0.637394,4,0.5,2625,2132
4757,473.853,ga_tcheby_proxy,mesh9,7,4,0,"[7-4]",1,20,1.59654,0.975,0.645429,1,0.5,2626,2132
4758,474.182,ga_tcheby_proxy,mesh9,2,4,0,"[2-1-4]",2,42,3.21103,0.97,0.638418,2,0.5,2627,2132
4759,474.29,ga_tcheby_proxy,mesh9,1,8,0,"[1-4-7-8]",3,62,4.80756,0.97,0.638418,3,0.5,2628,2132
4760,474.451,ga_tcheby_proxy,mesh9,4,6,0,"[4-7-6]",2,42,3.21103,0.97,0.633238,2,0.5,2629,2132
4761,474.895,ga_tcheby_proxy,mesh9,2,6,0,"[2-1-4-7-6]",4,84,6.42205,0.97,0.639437,4,0.5,2630,2132
4762,474.92,ga_tcheby_proxy,mesh9,7,8,1,"[]",0,0,0,0,0,0,0.5,2630,2133
4763,474.985,ga_tcheby_proxy,mesh9,3,6,0,"[3-6]",1,20,1.59654,0.975,0.630058,1,0.5,2631,2133
4764,475.26,ga_tcheby_proxy,mesh9,0,6,0,"[0-3-6]",2,40,3.19307,0.975,0.631124,2,0.5,2632,2133
4765,475.605,ga_tcheby_proxy,mesh9,8,3,0,"[8-7-6-3]",3,64,4.82552,0.97,0.642458,3,0.5,2633,2133
4766,475.639,ga_tcheby_proxy,mesh9,4,1,1,"[]",0,0,0,0,0,0,0.5,2633,2134
4767,475.678,ga_tcheby_proxy,mesh9,8,2,1,"[]",0,0,0,0,0,0,0.5,2633,2135
4768,476.204,ga_tcheby_proxy,mesh9,0,4,0,"[0-3-4]",2,42,3.21103,0.97,0.636364,2,0.5,2634,2135
4769,476.416,ga_tcheby_proxy,mesh9,3,4,0,"[3-4]",1,22,1.61449,0.97,0.637394,1,0.5,2635,2135
4770,476.6,ga_tcheby_proxy,mesh9,2,8,0,"[2-5-8]",2,40,3.19307,0.975,0.641457,2,0.5,2636,2135
4771,476.628,ga_tcheby_proxy,mesh9,4,0,1,"[]",0,0,0,0,0,0,0.5,2636,2136
4772,476.632,ga_tcheby_proxy,mesh9,6,2,1,"[]",0,0,0,0,0,0,0.5,2636,2137
4773,476.653,ga_tcheby_proxy,mesh9,0,4,1,"[]",0,0,0,0,0,0,0.5,2636,2138
4774,476.907,ga_tcheby_proxy,mesh9,2,7,0,"[2-1-4-7]",3,62,4.80756,0.97,0.640449,3,0.5,2637,2138
4775,476.936,ga_tcheby_proxy,mesh9,6,0,1,"[]",0,0,0,0,0,0,0.5,2637,2139
4776,476.961,ga_tcheby_proxy,mesh9,1,7,1,"[]",0,0,0,0,0,0,0.5,2637,2140
4777,477.106,ga_tcheby_proxy,mesh9,7,3,0,"[7-6-3]",2,42,3.21103,0.97,0.643454,2,0.5,2638,2140
4778,477.108,ga_tcheby_proxy,mesh9,8,6,0,"[8-7-6]",2,44,3.38211,0.923752,0.628986,2,0.5,2639,2140
4779,477.113,ga_tcheby_proxy,mesh9,6,1,1,"[]",0,0,0,0,0,0,0.5,2639,2141
4780,477.197,ga_tcheby_proxy,mesh9,2,5,0,"[2-5]",1,20,1.59654,0.975,0.642458,1,0.5,2640,2141
4781,477.251,ga_tcheby_proxy,mesh9,7,2,1,"[]",0,0,0,0,0,0,0.5,2640,2142
4782,477.354,ga_tcheby_proxy,mesh9,8,6,0,"[8-7-6]",2,44,3.22898,0.97,0.630058,2,0.5,2641,2142
4783,477.365,ga_tcheby_proxy,mesh9,6,3,1,"[]",0,0,0,0,0,0,0.5,2641,2143
4784,477.39,ga_tcheby_proxy,mesh9,6,1,1,"[]",0,0,0,0,0,0,0.5,2641,2144
4785,477.428,ga_tcheby_proxy,mesh9,2,7,1,"[]",0,0,0,0,0,0,0.5,2641,2145
4786,477.504,ga_tcheby_proxy,mesh9,0,5,0,"[0-1-4-5]",3,64,4.82552,0.97,0.639437,3,0.5,2642,2145
4787,477.712,ga_tcheby_proxy,mesh9,8,3,0,"[8-5-4-3]",3,64,4.82552,0.97,0.643454,3,0.5,2643,2145
4788,477.739,ga_tcheby_proxy,mesh9,5,2,1,"[]",0,0,0,0,0,0,0.5,2643,2146
4789,477.761,ga_tcheby_proxy,mesh9,0,5,1,"[]",0,0,0,0,0,0,0.5,2643,2147
4790,477.781,ga_tcheby_proxy,mesh9,6,2,1,"[]",0,0,0,0,0,0,0.5,2643,2148
4791,477.785,ga_tcheby_proxy,mesh9,0,6,1,"[]",0,0,0,0,0,0,0.5,2643,2149
4792,477.792,ga_tcheby_proxy,mesh9,1,2,1,"[]",0,0,0,0,0,0,0.5,2643,2150
4793,477.807,ga_tcheby_proxy,mesh9,4,3,1,"[]",0,0,0,0,0,0,0.5,2643,2151
4794,478.038,ga_tcheby_proxy,mesh9,3,5,0,"[3-4-5]",2,44,3.22898,0.97,0.640449,2,0.5,2644,2151
4795,478.038,ga_tcheby_proxy,mesh9,8,0,0,"[8-5-4-1-0]",4,84,6.43187,0.968457,0.649315,4,0.5,2645,2151
4796,478.091,ga_tcheby_proxy,mesh9,1,3,1,"[]",0,0,0,0,0,0,0.5,2645,2152
4797,478.315,ga_tcheby_proxy,mesh9,7,1,0,"[7-4-1]",2,40,3.19307,0.975,0.650273,2,0.5,2646,2152
4798,478.469,ga_tcheby_proxy,mesh9,8,1,0,"[8-5-2-1]",3,62,4.80756,0.97,0.649315,3,0.5,2647,2152
4799,478.502,ga_tcheby_proxy,mesh9,7,0,1,"[]",0,0,0,0,0,0,0.5,2647,2153
4800,478.596,ga_tcheby_proxy,mesh9,5,6,0,"[5-8-7-6]",3,64,4.82552,0.97,0.633238,3,0.5,2648,2153
4801,478.709,ga_tcheby_proxy,mesh9,7,2,0,"[7-4-5-2]",3,62,4.80756,0.97,0.650273,3,0.5,2649,2153
4802,478.801,ga_tcheby_proxy,mesh9,1,0,0,"[1-0]",1,22,1.61449,0.97,0.631124,1,0.5,2650,2153
4803,479.14,ga_tcheby_proxy,mesh9,3,0,0,"[3-0]",1,20,1.59654,0.975,0.649315,1,0.5,2651,2153
4804,479.224,ga_tcheby_proxy,mesh9,6,5,0,"[6-3-4-5]",3,64,4.82552,0.97,0.644444,3,0.5,2652,2153
4805,479.249,ga_tcheby_proxy,mesh9,2,1,1,"[]",0,0,0,0,0,0,0.5,2652,2154
4806,479.32,ga_tcheby_proxy,mesh9,3,7,0,"[3-4-7]",2,42,3.23043,0.957978,0.640449,2,0.5,2653,2154
4807,479.548,ga_tcheby_proxy,mesh9,0,8,0,"[0-3-6-7-8]",4,84,6.42205,0.97,0.639437,4,0.5,2654,2154
4808,479.627,ga_tcheby_proxy,mesh9,0,2,0,"[0-1-2]",2,44,3.22898,0.97,0.627907,2,0.5,2655,2154
4809,479.73,ga_tcheby_proxy,mesh9,1,7,0,"[1-4-7]",2,40,3.19307,0.975,0.640449,2,0.5,2656,2154
4810,480.059,ga_tcheby_proxy,mesh9,3,8,0,"[3-6-7-8]",3,64,4.82552,0.97,0.640449,3,0.5,2657,2154
4811,480.611,ga_tcheby_proxy,mesh9,3,7,0,"[3-6-7]",2,42,3.21103,0.97,0.634286,2,0.5,2658,2154
4812,480.653,ga_tcheby_proxy,mesh9,4,7,1,"[]",0,0,0,0,0,0,0.5,2658,2155
4813,480.697,ga_tcheby_proxy,mesh9,8,3,1,"[]",0,0,0,0,0,0,0.5,2658,2156
4814,480.827,ga_tcheby_proxy,mesh9,3,8,0,"[3-6-7-8]",3,64,4.82552,0.97,0.641457,3,0.5,2659,2156
4815,480.896,ga_tcheby_proxy,mesh9,4,8,0,"[4-7-8]",2,42,3.30198,0.920576,0.642458,2,0.5,2660,2156
4816,480.977,ga_tcheby_proxy,mesh9,8,4,0,"[8-5-4]",2,42,3.21103,0.97,0.646409,2,0.5,2661,2156
4817,481.065,ga_tcheby_proxy,mesh9,7,2,0,"[7-8-5-2]",3,62,4.80756,0.97,0.651226,3,0.5,2662,2156
4818,481.156,ga_tcheby_proxy,mesh9,4,6,0,"[4-3-6]",2,42,3.21103,0.97,0.636364,2,0.5,2663,2156
4819,481.234,ga_tcheby_proxy,mesh9,7,1,0,"[7-4-1]",2,40,3.19307,0.975,0.651226,2,0.5,2664,2156
4820,481.318,ga_tcheby_proxy,mesh9,2,3,0,"[2-1-0-3]",3,64,4.82552,0.97,0.642458,3,0.5,2665,2156
4821,481.334,ga_tcheby_proxy,mesh9,0,4,1,"[]",0,0,0,0,0,0,0.5,2665,2157
4822,481.382,ga_tcheby_proxy,mesh9,0,7,1,"[]",0,0,0,0,0,0,0.5,2665,2158
4823,481.383,ga_tcheby_proxy,mesh9,8,0,1,"[]",0,0,0,0,0,0,0.5,2665,2159
4824,481.4,ga_tcheby_proxy,mesh9,0,6,1,"[]",0,0,0,0,0,0,0.5,2665,2160
4825,481.49,ga_tcheby_proxy,mesh9,8,5,0,"[8-5]",1,20,1.59654,0.975,0.648352,1,0.5,2666,2160
4826,481.492,ga_tcheby_proxy,mesh9,2,0,0,"[2-1-0]",2,44,3.3514,0.932814,0.643454,2,0.5,2667,2160
4827,481.495,ga_tcheby_proxy,mesh9,3,4,1,"[]",0,0,0,0,0,0,0.5,2667,2161
4828,481.517,ga_tcheby_proxy,mesh9,4,1,1,"[]",0,0,0,0,0,0,0.5,2667,2162
4829,481.576,ga_tcheby_proxy,mesh9,8,2,1,"[]",0,0,0,0,0,0,0.5,2667,2163
4830,481.861,ga_tcheby_proxy,mesh9,1,6,0,"[1-0-3-6]",3,62,4.80756,0.97,0.637394,3,0.5,2668,2163
4831,481.913,ga_tcheby_proxy,mesh9,4,5,1,"[]",0,0,0,0,0,0,0.5,2668,2164
4832,481.939,ga_tcheby_proxy,mesh9,6,7,1,"[]",0,0,0,0,0,0,0.5,2668,2165
4833,482.043,ga_tcheby_proxy,mesh9,1,6,0,"[1-0-3-6]",3,62,4.80756,0.97,0.638418,3,0.5,2669,2165
4834,482.133,ga_tcheby_proxy,mesh9,2,4,0,"[2-5-4]",2,42,3.21103,0.97,0.643454,2,0.5,2670,2165
4835,482.168,ga_tcheby_proxy,mesh9,3,4,1,"[]",0,0,0,0,0,0,0.5,2670,2166
4836,482.229,ga_tcheby_proxy,mesh9,1,4,0,"[1-4]",1,20,1.64273,0.946578,0.641457,1,0.5,2671,2166
4837,482.691,ga_tcheby_proxy,mesh9,4,6,0,"[4-7-6]",2,42,3.21103,0.97,0.639437,2,0.5,2672,2166
4838,482.811,ga_tcheby_proxy,mesh9,6,7,0,"[6-7]",1,22,1.61449,0.97,0.627907,1,0.5,2673,2166
4839,482.84,ga_tcheby_proxy,mesh9,5,7,1,"[]",0,0,0,0,0,0,0.5,2673,2167
4840,483.036,ga_tcheby_proxy,mesh9,3,1,0,"[3-0-1]",2,42,3.21103,0.97,0.650273,2,0.5,2674,2167
4841,483.135,ga_tcheby_proxy,mesh9,7,8,0,"[7-8]",1,22,1.61449,0.97,0.644444,1,0.5,2675,2167
4842,483.136,ga_tcheby_proxy,mesh9,7,8,0,"[7-8]",1,22,1.6415,0.953426,0.649025,1,0.5,2676,2167
4843,483.192,ga_tcheby_proxy,mesh9,8,4,1,"[]",0,0,0,0,0,0,0.5,2676,2168
4844,483.209,ga_tcheby_proxy,mesh9,3,5,1,"[]",0,0,0,0,0,0,0.5,2676,2169
4845,483.26,ga_tcheby_proxy,mesh9,7,0,1,"[]",0,0,0,0,0,0,0.5,2676,2170
4846,483.281,ga_tcheby_proxy,mesh9,4,6,1,"[]",0,0,0,0,0,0,0.5,2676,2171
4847,483.284,ga_tcheby_proxy,mesh9,1,0,1,"[]",0,0,0,0,0,0,0.5,2676,2172
4848,483.311,ga_tcheby_proxy,mesh9,0,1,1,"[]",0,0,0,0,0,0,0.5,2676,2173
4849,483.375,ga_tcheby_proxy,mesh9,1,6,0,"[1-0-3-6]",3,62,4.90092,0.919217,0.639437,3,0.5,2677,2173
4850,483.501,ga_tcheby_proxy,mesh9,2,7,0,"[2-1-4-7]",3,62,4.80756,0.97,0.644444,3,0.5,2678,2173
4851,483.64,ga_tcheby_proxy,mesh9,7,5,0,"[7-4-5]",2,42,3.21103,0.97,0.649315,2,0.5,2679,2173
4852,483.759,ga_tcheby_proxy,mesh9,8,2,0,"[8-5-2]",2,40,3.19307,0.975,0.652174,2,0.5,2680,2173
4853,483.795,ga_tcheby_proxy,mesh9,3,6,1,"[]",0,0,0,0,0,0,0.5,2680,2174
4854,483.904,ga_tcheby_proxy,mesh9,5,4,0,"[5-4]",1,22,1.61449,0.97,0.643454,1,0.5,2681,2174
4855,483.945,ga_tcheby_proxy,mesh9,2,1,1,"[]",0,0,0,0,0,0,0.5,2681,2175
4856,483.966,ga_tcheby_proxy,mesh9,8,4,1,"[]",0,0,0,0,0,0,0.5,2681,2176
4857,483.995,ga_tcheby_proxy,mesh9,7,3,1,"[]",0,0,0,0,0,0,0.5,2681,2177
4858,484.019,ga_tcheby_proxy,mesh9,7,8,1,"[]",0,0,0,0,0,0,0.5,2681,2178
4859,484.046,ga_tcheby_proxy,mesh9,8,4,1,"[]",0,0,0,0,0,0,0.5,2681,2179
4860,484.243,ga_tcheby_proxy,mesh9,4,8,0,"[4-5-8]",2,42,3.21103,0.97,0.644444,2,0.5,2682,2179
4861,484.245,ga_tcheby_proxy,mesh9,4,5,0,"[4-5]",1,22,1.67656,0.932567,0.645429,1,0.5,2683,2179
4862,484.39,ga_tcheby_proxy,mesh9,4,5,0,"[4-5]",1,22,1.61449,0.97,0.646409,1,0.5,2684,2179
4863,484.433,ga_tcheby_proxy,mesh9,8,0,1,"[]",0,0,0,0,0,0,0.5,2684,2180
4864,484.47,ga_tcheby_proxy,mesh9,0,8,1,"[]",0,0,0,0,0,0,0.5,2684,2181
4865,484.656,ga_tcheby_proxy,mesh9,7,6,0,"[7-6]",1,22,1.61449,0.97,0.609756,1,0.5,2685,2181
4866,484.79,ga_tcheby_proxy,mesh9,1,6,0,"[1-0-3-6]",3,62,4.80756,0.97,0.640449,3,0.5,2686,2181
4867,484.892,ga_tcheby_proxy,mesh9,0,4,0,"[0-3-4]",2,42,3.21103,0.97,0.641457,2,0.5,2687,2181
4868,485.017,ga_tcheby_proxy,mesh9,7,0,0,"[7-6-3-0]",3,62,4.80756,0.97,0.651226,3,0.5,2688,2181
4869,485.557,ga_tcheby_proxy,mesh9,5,0,0,"[5-4-1-0]",3,64,4.82552,0.97,0.652174,3,0.5,2689,2181
4870,485.875,ga_tcheby_proxy,mesh9,7,2,0,"[7-8-5-2]",3,62,4.80756,0.97,0.653117,3,0.5,2690,2181
4871,485.943,ga_tcheby_proxy,mesh9,1,7,0,"[1-4-7]",2,40,3.21905,0.95881,0.643454,2,0.5,2691,2181
4872,485.958,ga_tcheby_proxy,mesh9,6,8,1,"[]",0,0,0,0,0,0,0.5,2691,2182
4873,485.964,ga_tcheby_proxy,mesh9,4,0,1,"[]",0,0,0,0,0,0,0.5,2691,2183
4874,486.242,ga_tcheby_proxy,mesh9,8,4,0,"[8-7-4]",2,42,3.21103,0.97,0.650273,2,0.5,2692,2183
4875,486.452,ga_tcheby_proxy,mesh9,7,4,0,"[7-4]",1,20,1.59654,0.975,0.651226,1,0.5,2693,2183
4876,486.485,ga_tcheby_proxy,mesh9,3,8,1,"[]",0,0,0,0,0,0,0.5,2693,2184
4877,486.49,ga_tcheby_proxy,mesh9,1,4,1,"[]",0,0,0,0,0,0,0.5,2693,2185
4878,486.49,ga_tcheby_proxy,mesh9,7,6,1,"[]",0,0,0,0,0,0,0.5,2693,2186
4879,486.565,ga_tcheby_proxy,mesh9,6,5,0,"[6-7-8-5]",3,64,4.82552,0.97,0.651226,3,0.5,2694,2186
4880,486.788,ga_tcheby_proxy,mesh9,5,0,0,"[5-4-3-0]",3,64,4.82552,0.97,0.652174,3,0.5,2695,2186
4881,486.955,ga_tcheby_proxy,mesh9,6,4,0,"[6-3-4]",2,42,3.21103,0.97,0.646409,2,0.5,2696,2186
4882,487.313,ga_tcheby_proxy,mesh9,7,6,0,"[7-6]",1,22,1.61449,0.97,0.612121,1,0.5,2697,2186
4883,487.333,ga_tcheby_proxy,mesh9,7,8,1,"[]",0,0,0,0,0,0,0.5,2697,2187
4884,487.581,ga_tcheby_proxy,mesh9,0,2,0,"[0-1-2]",2,44,3.22898,0.97,0.628986,2,0.5,2698,2187
4885,487.685,ga_tcheby_proxy,mesh9,6,7,0,"[6-7]",1,22,1.61449,0.97,0.630058,1,0.5,2699,2187
4886,487.696,ga_tcheby_proxy,mesh9,4,5,1,"[]",0,0,0,0,0,0,0.5,2699,2188
4887,487.72,ga_tcheby_proxy,mesh9,0,3,1,"[]",0,0,0,0,0,0,0.5,2699,2189
4888,487.801,ga_tcheby_proxy,mesh9,0,4,0,"[0-1-4]",2,42,3.21103,0.97,0.644444,2,0.5,2700,2189
4889,488.307,ga_tcheby_proxy,mesh9,8,2,0,"[8-5-2]",2,40,3.19307,0.975,0.654054,2,0.5,2701,2189
4890,488.446,ga_tcheby_proxy,mesh9,4,1,0,"[4-1]",1,20,1.59654,0.975,0.653117,1,0.5,2702,2189
4891,488.494,ga_tcheby_proxy,mesh9,6,4,1,"[]",0,0,0,0,0,0,0.5,2702,2190
4892,488.526,ga_tcheby_proxy,mesh9,3,1,1,"[]",0,0,0,0,0,0,0.5,2702,2191
4893,488.547,ga_tcheby_proxy,mesh9,7,6,1,"[]",0,0,0,0,0,0,0.5,2702,2192
4894,488.705,ga_tcheby_proxy,mesh9,0,6,0,"[0-3-6]",2,40,3.19307,0.975,0.641457,2,0.5,2703,2192
4895,489.087,ga_tcheby_proxy,mesh9,7,8,0,"[7-8]",1,22,1.61449,0.97,0.648352,1,0.5,2704,2192
4896,489.34,ga_tcheby_proxy,mesh9,7,5,0,"[7-4-5]",2,42,3.21103,0.97,0.652174,2,0.5,2705,2192
4897,489.423,ga_tcheby_proxy,mesh9,4,0,0,"[4-3-0]",2,42,3.21103,0.97,0.653117,2,0.5,2706,2192
4898,489.52,ga_tcheby_proxy,mesh9,3,8,0,"[3-4-5-8]",3,64,4.82552,0.97,0.648352,3,0.5,2707,2192
4899,489.565,ga_tcheby_proxy,mesh9,7,6,0,"[7-6]",1,22,1.72304,0.906377,0.613293,1,0.5,2708,2192
4900,489.624,ga_tcheby_proxy,mesh9,4,6,1,"[]",0,0,0,0,0,0,0.5,2708,2193
4901,489.653,ga_tcheby_proxy,mesh9,0,1,1,"[]",0,0,0,0,0,0,0.5,2708,2194
4902,489.672,ga_tcheby_proxy,mesh9,7,0,1,"[]",0,0,0,0,0,0,0.5,2708,2195
4903,489.688,ga_tcheby_proxy,mesh9,5,6,1,"[]",0,0,0,0,0,0,0.5,2708,2196
4904,489.77,ga_tcheby_proxy,mesh9,8,3,0,"[8-7-6-3]",3,64,4.82552,0.97,0.647383,3,0.5,2709,2196
4905,489.857,ga_tcheby_proxy,mesh9,4,8,0,"[4-5-8]",2,42,3.21103,0.97,0.649315,2,0.5,2710,2196
4906,489.867,ga_tcheby_proxy,mesh9,3,6,1,"[]",0,0,0,0,0,0,0.5,2710,2197
4907,489.981,ga_tcheby_proxy,mesh9,0,7,0,"[0-3-6-7]",3,62,4.80756,0.97,0.642458,3,0.5,2711,2197
4908,490.125,ga_tcheby_proxy,mesh9,5,8,0,"[5-8]",1,20,1.59654,0.975,0.637394,1,0.5,2712,2197
4909,490.21,ga_tcheby_proxy,mesh9,4,0,0,"[4-3-0]",2,42,3.21103,0.97,0.654054,2,0.5,2713,2197
4910,490.241,ga_tcheby_proxy,mesh9,1,4,1,"[]",0,0,0,0,0,0,0.5,2713,2198
4911,490.388,ga_tcheby_proxy,mesh9,1,5,0,"[1-2-5]",2,42,3.21103,0.97,0.644444,2,0.5,2714,2198
4912,490.467,ga_tcheby_proxy,mesh9,4,1,0,"[4-1]",1,20,1.59654,0.975,0.654054,1,0.5,2715,2198
4913,490.601,ga_tcheby_proxy,mesh9,5,6,0,"[5-8-7-6]",3,64,4.82552,0.97,0.638418,3,0.5,2716,2198
4914,490.616,ga_tcheby_proxy,mesh9,2,1,1,"[]",0,0,0,0,0,0,0.5,2716,2199
4915,490.688,ga_tcheby_proxy,mesh9,6,8,0,"[6-7-8]",2,44,3.31927,0.916487,0.649315,2,0.5,2717,2199
4916,490.693,ga_tcheby_proxy,mesh9,8,6,1,"[]",0,0,0,0,0,0,0.5,2717,2200
4917,490.81,ga_tcheby_proxy,mesh9,2,1,0,"[2-1]",1,22,1.61449,0.97,0.645429,1,0.5,2718,2200
4918,490.824,ga_tcheby_proxy,mesh9,7,4,1,"[]",0,0,0,0,0,0,0.5,2718,2201
4919,490.839,ga_tcheby_proxy,mesh9,7,0,1,"[]",0,0,0,0,0,0,0.5,2718,2202
4920,490.909,ga_tcheby_proxy,mesh9,1,8,0,"[1-4-5-8]",3,62,4.93716,0.932121,0.650273,3,0.5,2719,2202
4921,490.929,ga_tcheby_proxy,mesh9,8,7,1,"[]",0,0,0,0,0,0,0.5,2719,2203
4922,491.213,ga_tcheby_proxy,mesh9,8,5,0,"[8-5]",1,20,1.59654,0.975,0.653117,1,0.5,2720,2203
4923,491.324,ga_tcheby_proxy,mesh9,4,3,0,"[4-3]",1,22,1.61449,0.97,0.638418,1,0.5,2721,2203
4924,491.37,ga_tcheby_proxy,mesh9,1,3,1,"[]",0,0,0,0,0,0,0.5,2721,2204
4925,491.719,ga_tcheby_proxy,mesh9,3,7,0,"[3-6-7]",2,42,3.21103,0.97,0.643454,2,0.5,2722,2204
4926,491.756,ga_tcheby_proxy,mesh9,2,1,1,"[]",0,0,0,0,0,0,0.5,2722,2205
4927,491.842,ga_tcheby_proxy,mesh9,8,2,0,"[8-5-2]",2,40,3.19307,0.975,0.654987,2,0.5,2723,2205
4928,492.197,ga_tcheby_proxy,mesh9,4,7,0,"[4-7]",1,20,1.59654,0.975,0.642458,1,0.5,2724,2205
4929,492.217,ga_tcheby_proxy,mesh9,7,4,1,"[]",0,0,0,0,0,0,0.5,2724,2206
4930,492.219,ga_tcheby_proxy,mesh9,6,1,1,"[]",0,0,0,0,0,0,0.5,2724,2207
4931,492.277,ga_tcheby_proxy,mesh9,8,6,1,"[]",0,0,0,0,0,0,0.5,2724,2208
4932,492.546,ga_tcheby_proxy,mesh9,2,3,0,"[2-1-0-3]",3,64,4.82552,0.97,0.646409,3,0.5,2725,2208
4933,492.605,ga_tcheby_proxy,mesh9,7,1,1,"[]",0,0,0,0,0,0,0.5,2725,2209
4934,492.614,ga_tcheby_proxy,mesh9,2,8,1,"[]",0,0,0,0,0,0,0.5,2725,2210
4935,492.623,ga_tcheby_proxy,mesh9,2,1,1,"[]",0,0,0,0,0,0,0.5,2725,2211
4936,492.948,ga_tcheby_proxy,mesh9,7,3,0,"[7-6-3]",2,42,3.21103,0.97,0.648352,2,0.5,2726,2211
4937,492.955,ga_tcheby_proxy,mesh9,2,3,1,"[]",0,0,0,0,0,0,0.5,2726,2212
4938,493.179,ga_tcheby_proxy,mesh9,4,5,0,"[4-5]",1,22,1.61449,0.97,0.651226,1,0.5,2727,2212
4939,493.193,ga_tcheby_proxy,mesh9,3,5,1,"[]",0,0,0,0,0,0,0.5,2727,2213
4940,493.219,ga_tcheby_proxy,mesh9,6,2,1,"[]",0,0,0,0,0,0,0.5,2727,2214
4941,493.298,ga_tcheby_proxy,mesh9,0,8,0,"[0-1-2-5-8]",4,84,6.42205,0.97,0.645429,4,0.5,2728,2214
4942,493.31,ga_tcheby_proxy,mesh9,8,7,1,"[]",0,0,0,0,0,0,0.5,2728,2215
4943,493.315,ga_tcheby_proxy,mesh9,4,7,1,"[]",0,0,0,0,0,0,0.5,2728,2216
4944,493.386,ga_tcheby_proxy,mesh9,0,1,0,"[0-1]",1,22,1.63374,0.958072,0.628986,1,0.5,2729,2216
4945,493.392,ga_tcheby_proxy,mesh9,0,2,1,"[]",0,0,0,0,0,0,0.5,2729,2217
4946,493.4,ga_tcheby_proxy,mesh9,7,5,1,"[]",0,0,0,0,0,0,0.5,2729,2218
4947,493.72,ga_tcheby_proxy,mesh9,7,1,0,"[7-4-1]",2,40,3.19307,0.975,0.654987,2,0.5,2730,2218
4948,493.876,ga_tcheby_proxy,mesh9,1,7,0,"[1-4-7]",2,40,3.19307,0.975,0.646409,2,0.5,2731,2218
4949,493.907,ga_tcheby_proxy,mesh9,3,0,1,"[]",0,0,0,0,0,0,0.5,2731,2219
4950,493.926,ga_tcheby_proxy,mesh9,6,3,1,"[]",0,0,0,0,0,0,0.5,2731,2220
4951,494.01,ga_tcheby_proxy,mesh9,5,4,0,"[5-4]",1,22,1.61449,0.97,0.646409,1,0.5,2732,2220
4952,494.364,ga_tcheby_proxy,mesh9,1,3,0,"[1-0-3]",2,42,3.21103,0.97,0.640449,2,0.5,2733,2220
4953,494.461,ga_tcheby_proxy,mesh9,2,0,0,"[2-1-0]",2,44,3.22898,0.97,0.647383,2,0.5,2734,2220
4954,494.659,ga_tcheby_proxy,mesh9,3,0,0,"[3-0]",1,20,1.59654,0.975,0.654987,1,0.5,2735,2220
4955,494.713,ga_tcheby_proxy,mesh9,8,2,1,"[]",0,0,0,0,0,0,0.5,2735,2221
4956,494.726,ga_tcheby_proxy,mesh9,7,4,1,"[]",0,0,0,0,0,0,0.5,2735,2222
4957,494.767,ga_tcheby_proxy,mesh9,6,4,1,"[]",0,0,0,0,0,0,0.5,2735,2223
4958,494.798,ga_tcheby_proxy,mesh9,3,5,1,"[]",0,0,0,0,0,0,0.5,2735,2224
4959,494.827,ga_tcheby_proxy,mesh9,5,0,1,"[]",0,0,0,0,0,0,0.5,2735,2225
4960,494.862,ga_tcheby_proxy,mesh9,3,2,1,"[]",0,0,0,0,0,0,0.5,2735,2226
4961,495.029,ga_tcheby_proxy,mesh9,6,1,0,"[6-7-4-1]",3,62,4.80756,0.97,0.655914,3,0.5,2736,2226
4962,495.03,ga_tcheby_proxy,mesh9,7,5,0,"[7-8-5]",2,42,3.25432,0.956685,0.658537,2,0.5,2737,2226
4963,495.087,ga_tcheby_proxy,mesh9,5,0,1,"[]",0,0,0,0,0,0,0.5,2737,2227
4964,495.141,ga_tcheby_proxy,mesh9,6,8,1,"[]",0,0,0,0,0,0,0.5,2737,2228
4965,495.177,ga_tcheby_proxy,mesh9,5,1,1,"[]",0,0,0,0,0,0,0.5,2737,2229
4966,495.277,ga_tcheby_proxy,mesh9,1,0,0,"[1-0]",1,22,1.61449,0.97,0.642458,1,0.5,2738,2229
4967,495.383,ga_tcheby_proxy,mesh9,8,3,0,"[8-7-6-3]",3,64,4.82552,0.97,0.649315,3,0.5,2739,2229
4968,495.527,ga_tcheby_proxy,mesh9,1,0,0,"[1-0]",1,22,1.61449,0.97,0.643454,1,0.5,2740,2229
4969,495.655,ga_tcheby_proxy,mesh9,5,8,0,"[5-8]",1,20,1.59654,0.975,0.641457,1,0.5,2741,2229
4970,495.664,ga_tcheby_proxy,mesh9,8,2,1,"[]",0,0,0,0,0,0,0.5,2741,2230
4971,495.701,ga_tcheby_proxy,mesh9,4,3,1,"[]",0,0,0,0,0,0,0.5,2741,2231
4972,495.702,ga_tcheby_proxy,mesh9,8,4,1,"[]",0,0,0,0,0,0,0.5,2741,2232
4973,496.078,ga_tcheby_proxy,mesh9,6,5,0,"[6-3-4-5]",3,64,4.82552,0.97,0.652174,3,0.5,2742,2232
4974,496.148,ga_tcheby_proxy,mesh9,2,6,0,"[2-1-4-7-6]",4,84,6.56841,0.920729,0.648352,4,0.5,2743,2232
4975,496.16,ga_tcheby_proxy,mesh9,0,4,1,"[]",0,0,0,0,0,0,0.5,2743,2233
4976,496.436,ga_tcheby_proxy,mesh9,8,3,0,"[8-7-6-3]",3,64,4.82552,0.97,0.651226,3,0.5,2744,2233
4977,496.515,ga_tcheby_proxy,mesh9,5,3,0,"[5-4-3]",2,44,3.30648,0.923707,0.647383,2,0.5,2745,2233
4978,496.538,ga_tcheby_proxy,mesh9,7,8,1,"[]",0,0,0,0,0,0,0.5,2745,2234
4979,496.638,ga_tcheby_proxy,mesh9,3,8,0,"[3-6-7-8]",3,64,4.82552,0.97,0.651226,3,0.5,2746,2234
4980,496.692,ga_tcheby_proxy,mesh9,7,4,1,"[]",0,0,0,0,0,0,0.5,2746,2235
4981,496.83,ga_tcheby_proxy,mesh9,4,8,0,"[4-7-8]",2,42,3.21103,0.97,0.652174,2,0.5,2747,2235
4982,497.026,ga_tcheby_proxy,mesh9,4,3,0,"[4-3]",1,22,1.61449,0.97,0.640449,1,0.5,2748,2235
4983,497.115,ga_tcheby_proxy,mesh9,1,8,0,"[1-2-5-8]",3,62,4.80756,0.97,0.646409,3,0.5,2749,2235
4984,497.192,ga_tcheby_proxy,mesh9,6,5,0,"[6-3-4-5]",3,64,4.82552,0.97,0.653117,3,0.5,2750,2235
4985,497.195,ga_tcheby_proxy,mesh9,5,8,0,"[5-8]",1,20,1.6854,0.921866,0.648876,1,0.5,2751,2235
4986,497.204,ga_tcheby_proxy,mesh9,6,5,1,"[]",0,0,0,0,0,0,0.5,2751,2236
4987,497.388,ga_tcheby_proxy,mesh9,8,2,0,"[8-5-2]",2,40,3.19307,0.975,0.655914,2,0.5,2752,2236
4988,497.419,ga_tcheby_proxy,mesh9,1,7,1,"[]",0,0,0,0,0,0,0.5,2752,2237
4989,497.488,ga_tcheby_proxy,mesh9,0,4,1,"[]",0,0,0,0,0,0,0.5,2752,2238
4990,497.554,ga_tcheby_proxy,mesh9,6,3,0,"[6-3]",1,20,1.59654,0.975,0.653117,1,0.5,2753,2238
4991,497.591,ga_tcheby_proxy,mesh9,4,6,1,"[]",0,0,0,0,0,0,0.5,2753,2239
4992,497.631,ga_tcheby_proxy,mesh9,3,8,1,"[]",0,0,0,0,0,0,0.5,2753,2240
4993,497.791,ga_tcheby_proxy,mesh9,7,6,0,"[7-6]",1,22,1.61449,0.97,0.621302,1,0.5,2754,2240
4994,497.915,ga_tcheby_proxy,mesh9,6,8,0,"[6-7-8]",2,44,3.22898,0.97,0.653117,2,0.5,2755,2240
4995,497.919,ga_tcheby_proxy,mesh9,2,7,0,"[2-1-4-7]",3,62,5.11666,0.90829,0.654696,3,0.5,2756,2240
4996,498.145,ga_tcheby_proxy,mesh9,4,2,0,"[4-5-2]",2,42,3.21103,0.97,0.656836,2,0.5,2757,2240
4997,498.168,ga_tcheby_proxy,mesh9,4,0,1,"[]",0,0,0,0,0,0,0.5,2757,2241
4998,498.168,ga_tcheby_proxy,mesh9,3,0,1,"[]",0,0,0,0,0,0,0.5,2757,2242
4999,498.25,ga_tcheby_proxy,mesh9,1,8,0,"[1-2-5-8]",3,62,4.80756,0.97,0.647383,3,0.5,2758,2242
5000,498.352,ga_tcheby_proxy,mesh9,5,8,0,"[5-8]",1,20,1.59654,0.975,0.645429,1,0.5,2759,2242
5001,498.379,ga_tcheby_proxy,mesh9,5,1,1,"[]",0,0,0,0,0,0,0.5,2759,2243
5002,498.661,ga_tcheby_proxy,mesh9,7,3,0,"[7-6-3]",2,42,3.21103,0.97,0.654054,2,0.5,2760,2243
5003,498.701,ga_tcheby_proxy,mesh9,5,0,1,"[]",0,0,0,0,0,0,0.5,2760,2244
5004,498.726,ga_tcheby_proxy,mesh9,8,2,1,"[]",0,0,0,0,0,0,0.5,2760,2245
5005,498.747,ga_tcheby_proxy,mesh9,0,8,1,"[]",0,0,0,0,0,0,0.5,2760,2246
5006,498.812,ga_tcheby_proxy,mesh9,4,3,0,"[4-3]",1,22,1.61449,0.97,0.641457,1,0.5,2761,2246
5007,499.034,ga_tcheby_proxy,mesh9,3,8,0,"[3-4-7-8]",3,64,4.82552,0.97,0.654054,3,0.5,2762,2246
5008,499.049,ga_tcheby_proxy,mesh9,2,6,1,"[]",0,0,0,0,0,0,0.5,2762,2247
5009,499.11,ga_tcheby_proxy,mesh9,4,6,1,"[]",0,0,0,0,0,0,0.5,2762,2248
5010,499.174,ga_tcheby_proxy,mesh9,6,8,0,"[6-3-4-7-8]",4,84,6.65364,0.902401,0.654987,4,0.5,2763,2248
5011,499.201,ga_tcheby_proxy,mesh9,6,0,1,"[]",0,0,0,0,0,0,0.5,2763,2249
5012,499.401,ga_tcheby_proxy,mesh9,5,2,0,"[5-2]",1,20,1.59654,0.975,0.657754,1,0.5,2764,2249
5013,499.755,ga_tcheby_proxy,mesh9,0,7,0,"[0-3-6-7]",3,62,4.80756,0.97,0.645429,3,0.5,2765,2249
5014,499.825,ga_tcheby_proxy,mesh9,5,1,0,"[5-2-1]",2,42,3.21103,0.97,0.658667,2,0.5,2766,2249
5015,499.839,ga_tcheby_proxy,mesh9,7,0,1,"[]",0,0,0,0,0,0,0.5,2766,2250
5016,500.06,ga_tcheby_proxy,mesh9,6,8,0,"[6-7-8]",2,44,3.22898,0.97,0.655914,2,0.5,2767,2250
5017,500.12,ga_tcheby_proxy,mesh9,8,6,1,"[]",0,0,0,0,0,0,0.5,2767,2251
5018,500.225,ga_tcheby_proxy,mesh9,6,5,0,"[6-7-4-5]",3,64,4.82552,0.97,0.654987,3,0.5,2768,2251
5019,500.313,ga_tcheby_proxy,mesh9,8,3,0,"[8-7-4-3]",3,64,4.82552,0.97,0.655914,3,0.5,2769,2251
5020,500.56,ga_tcheby_proxy,mesh9,4,0,0,"[4-3-0]",2,42,3.21103,0.97,0.655914,2,0.5,2770,2251
5021,500.569,ga_tcheby_proxy,mesh9,4,5,1,"[]",0,0,0,0,0,0,0.5,2770,2252
5022,500.607,ga_tcheby_proxy,mesh9,0,1,1,"[]",0,0,0,0,0,0,0.5,2770,2253
5023,500.771,ga_tcheby_proxy,mesh9,3,5,0,"[3-4-5]",2,44,3.22898,0.97,0.655914,2,0.5,2771,2253
5024,500.9,ga_tcheby_proxy,mesh9,5,8,0,"[5-8]",1,20,1.59654,0.975,0.646409,1,0.5,2772,2253
5025,500.96,ga_tcheby_proxy,mesh9,6,2,1,"[]",0,0,0,0,0,0,0.5,2772,2254
5026,501.056,ga_tcheby_proxy,mesh9,1,0,0,"[1-0]",1,22,1.61449,0.97,0.644444,1,0.5,2773,2254
5027,501.061,ga_tcheby_proxy,mesh9,4,2,0,"[4-1-2]",2,42,3.42735,0.905344,0.656836,2,0.5,2774,2254
5028,501.119,ga_tcheby_proxy,mesh9,2,4,1,"[]",0,0,0,0,0,0,0.5,2774,2255
5029,501.136,ga_tcheby_proxy,mesh9,5,4,1,"[]",0,0,0,0,0,0,0.5,2774,2256
5030,501.266,ga_tcheby_proxy,mesh9,0,3,0,"[0-3]",1,20,1.59654,0.975,0.630058,1,0.5,2775,2256
5031,501.348,ga_tcheby_proxy,mesh9,6,8,0,"[6-7-8]",2,44,3.27717,0.940687,0.656836,2,0.5,2776,2256
5032,501.385,ga_tcheby_proxy,mesh9,0,6,1,"[]",0,0,0,0,0,0,0.5,2776,2257
5033,501.966,ga_tcheby_proxy,mesh9,8,6,0,"[8-7-6]",2,44,3.22898,0.97,0.638418,2,0.5,2777,2257
5034,502.091,ga_tcheby_proxy,mesh9,0,6,0,"[0-3-6]",2,40,3.19307,0.975,0.646409,2,0.5,2778,2257
5035,502.175,ga_tcheby_proxy,mesh9,1,7,0,"[1-4-7]",2,40,3.19307,0.975,0.649315,2,0.5,2779,2257
5036,502.527,ga_tcheby_proxy,mesh9,4,2,0,"[4-1-2]",2,42,3.21103,0.97,0.657754,2,0.5,2780,2257
5037,502.621,ga_tcheby_proxy,mesh9,2,1,0,"[2-1]",1,22,1.61449,0.97,0.651226,1,0.5,2781,2257
5038,502.735,ga_tcheby_proxy,mesh9,5,7,0,"[5-8-7]",2,42,3.21103,0.97,0.647383,2,0.5,2782,2257
5039,502.921,ga_tcheby_proxy,mesh9,1,8,0,"[1-2-5-8]",3,62,4.80756,0.97,0.648352,3,0.5,2783,2257
5040,502.97,ga_tcheby_proxy,mesh9,3,0,1,"[]",0,0,0,0,0,0,0.5,2783,2258
5041,503.192,ga_tcheby_proxy,mesh9,7,4,0,"[7-4]",1,20,1.59654,0.975,0.656836,1,0.5,2784,2258
5042,503.309,ga_tcheby_proxy,mesh9,4,6,0,"[4-3-6]",2,42,3.21103,0.97,0.647383,2,0.5,2785,2258
5043,503.621,ga_tcheby_proxy,mesh9,8,6,0,"[8-7-6]",2,44,3.22898,0.97,0.640449,2,0.5,2786,2258
5044,503.696,ga_tcheby_proxy,mesh9,1,8,0,"[1-2-5-8]",3,62,4.80756,0.97,0.649315,3,0.5,2787,2258
5045,503.713,ga_tcheby_proxy,mesh9,6,8,1,"[]",0,0,0,0,0,0,0.5,2787,2259
5046,503.735,ga_tcheby_proxy,mesh9,2,8,1,"[]",0,0,0,0,0,0,0.5,2787,2260
5047,503.744,ga_tcheby_proxy,mesh9,4,2,1,"[]",0,0,0,0,0,0,0.5,2787,2261
5048,503.84,ga_tcheby_proxy,mesh9,1,4,0,"[1-4]",1,20,1.59654,0.975,0.650273,1,0.5,2788,2261
5049,503.909,ga_tcheby_proxy,mesh9,6,8,0,"[6-3-0-1-2-5-8]",6,124,9.794,0.921477,0.656836,6,0.5,2789,2261
5050,503.915,ga_tcheby_proxy,mesh9,2,3,1,"[]",0,0,0,0,0,0,0.5,2789,2262
5051,504.096,ga_tcheby_proxy,mesh9,6,2,0,"[6-3-0-1-2]",4,84,6.42205,0.97,0.657754,4,0.5,2790,2262
5052,504.17,ga_tcheby_proxy,mesh9,6,7,0,"[6-7]",1,22,1.68943,0.925164,0.641457,1,0.5,2791,2262
5053,504.334,ga_tcheby_proxy,mesh9,0,6,0,"[0-3-6]",2,40,3.19307,0.975,0.648352,2,0.5,2792,2262
5054,504.388,ga_tcheby_proxy,mesh9,4,5,1,"[]",0,0,0,0,0,0,0.5,2792,2263
5055,504.427,ga_tcheby_proxy,mesh9,1,2,1,"[]",0,0,0,0,0,0,0.5,2792,2264
5056,504.737,ga_tcheby_proxy,mesh9,4,3,0,"[4-3]",1,22,1.61449,0.97,0.645429,1,0.5,2793,2264
5057,504.742,ga_tcheby_proxy,mesh9,3,5,1,"[]",0,0,0,0,0,0,0.5,2793,2265
5058,504.773,ga_tcheby_proxy,mesh9,6,8,1,"[]",0,0,0,0,0,0,0.5,2793,2266
5059,504.796,ga_tcheby_proxy,mesh9,7,2,1,"[]",0,0,0,0,0,0,0.5,2793,2267
5060,505.085,ga_tcheby_proxy,mesh9,5,2,0,"[5-2]",1,20,1.59654,0.975,0.659574,1,0.5,2794,2267
5061,505.138,ga_tcheby_proxy,mesh9,4,7,1,"[]",0,0,0,0,0,0,0.5,2794,2268
5062,505.331,ga_tcheby_proxy,mesh9,6,4,0,"[6-7-4]",2,42,3.21103,0.97,0.657754,2,0.5,2795,2268
5063,505.437,ga_tcheby_proxy,mesh9,2,7,0,"[2-5-8-7]",3,62,4.80756,0.97,0.651226,3,0.5,2796,2268
5064,505.654,ga_tcheby_proxy,mesh9,6,7,0,"[6-7]",1,22,1.61449,0.97,0.643454,1,0.5,2797,2268
5065,505.67,ga_tcheby_proxy,mesh9,6,7,1,"[]",0,0,0,0,0,0,0.5,2797,2269
5066,505.765,ga_tcheby_proxy,mesh9,8,2,0,"[8-5-2]",2,40,3.19307,0.975,0.660477,2,0.5,2798,2269
5067,505.9,ga_tcheby_proxy,mesh9,5,8,0,"[5-8]",1,20,1.59654,0.975,0.652174,1,0.5,2799,2269
5068,505.96,ga_tcheby_proxy,mesh9,3,8,1,"[]",0,0,0,0,0,0,0.5,2799,2270
5069,506.011,ga_tcheby_proxy,mesh9,0,7,1,"[]",0,0,0,0,0,0,0.5,2799,2271
5070,506.061,ga_tcheby_proxy,mesh9,1,7,1,"[]",0,0,0,0,0,0,0.5,2799,2272
5071,506.248,ga_tcheby_proxy,mesh9,7,8,0,"[7-8]",1,22,1.61449,0.97,0.657754,1,0.5,2800,2272
5072,506.451,ga_tcheby_proxy,mesh9,5,3,0,"[5-4-3]",2,44,3.22898,0.97,0.648352,2,0.5,2801,2272
5073,506.485,ga_tcheby_proxy,mesh9,6,7,1,"[]",0,0,0,0,0,0,0.5,2801,2273
5074,506.586,ga_tcheby_proxy,mesh9,4,3,0,"[4-3]",1,22,1.61449,0.97,0.647383,1,0.5,2802,2273
5075,506.609,ga_tcheby_proxy,mesh9,1,2,1,"[]",0,0,0,0,0,0,0.5,2802,2274
5076,506.673,ga_tcheby_proxy,mesh9,2,3,1,"[]",0,0,0,0,0,0,0.5,2802,2275
5077,506.696,ga_tcheby_proxy,mesh9,8,7,1,"[]",0,0,0,0,0,0,0.5,2802,2276
5078,506.71,ga_tcheby_proxy,mesh9,6,7,1,"[]",0,0,0,0,0,0,0.5,2802,2277
5079,506.713,ga_tcheby_proxy,mesh9,1,0,1,"[]",0,0,0,0,0,0,0.5,2802,2278
5080,506.892,ga_tcheby_proxy,mesh9,8,0,0,"[8-7-4-1-0]",4,84,6.42205,0.97,0.658667,4,0.5,2803,2278
5081,506.9,ga_tcheby_proxy,mesh9,7,5,1,"[]",0,0,0,0,0,0,0.5,2803,2279
5082,506.973,ga_tcheby_proxy,mesh9,4,6,0,"[4-7-6]",2,42,3.21103,0.97,0.650273,2,0.5,2804,2279
5083,507.041,ga_tcheby_proxy,mesh9,6,8,1,"[]",0,0,0,0,0,0,0.5,2804,2280
5084,507.164,ga_tcheby_proxy,mesh9,5,6,0,"[5-4-3-6]",3,64,4.82552,0.97,0.649315,3,0.5,2805,2280
5085,507.355,ga_tcheby_proxy,mesh9,0,6,0,"[0-3-6]",2,40,3.19307,0.975,0.650273,2,0.5,2806,2280
5086,507.383,ga_tcheby_proxy,mesh9,4,1,1,"[]",0,0,0,0,0,0,0.5,2806,2281
5087,507.449,ga_tcheby_proxy,mesh9,4,6,1,"[]",0,0,0,0,0,0,0.5,2806,2282
5088,507.453,ga_tcheby_proxy,mesh9,2,1,1,"[]",0,0,0,0,0,0,0.5,2806,2283
5089,507.496,ga_tcheby_proxy,mesh9,3,8,1,"[]",0,0,0,0,0,0,0.5,2806,2284
5090,507.532,ga_tcheby_proxy,mesh9,7,2,1,"[]",0,0,0,0,0,0,0.5,2806,2285
5091,507.55,ga_tcheby_proxy,mesh9,7,8,1,"[]",0,0,0,0,0,0,0.5,2806,2286
5092,507.557,ga_tcheby_proxy,mesh9,0,8,1,"[]",0,0,0,0,0,0,0.5,2806,2287
5093,507.608,ga_tcheby_proxy,mesh9,6,5,0,"[6-7-8-5]",3,64,5.12803,0.908913,0.716049,3,0.5,2807,2287
5094,507.658,ga_tcheby_proxy,mesh9,1,0,1,"[]",0,0,0,0,0,0,0.5,2807,2288
5095,507.768,ga_tcheby_proxy,mesh9,5,4,0,"[5-4]",1,22,1.61449,0.97,0.650273,1,0.5,2808,2288
5096,507.824,ga_tcheby_proxy,mesh9,2,3,1,"[]",0,0,0,0,0,0,0.5,2808,2289
5097,507.903,ga_tcheby_proxy,mesh9,8,1,0,"[8-5-4-1]",3,62,4.80756,0.97,0.659574,3,0.5,2809,2289
5098,507.946,ga_tcheby_proxy,mesh9,3,6,1,"[]",0,0,0,0,0,0,0.5,2809,2290
5099,507.96,ga_tcheby_proxy,mesh9,0,8,1,"[]",0,0,0,0,0,0,0.5,2809,2291
5100,508.009,ga_tcheby_proxy,mesh9,5,0,1,"[]",0,0,0,0,0,0,0.5,2809,2292
5101,508.069,ga_tcheby_proxy,mesh9,3,0,1,"[]",0,0,0,0,0,0,0.5,2809,2293
5102,508.473,ga_tcheby_proxy,mesh9,3,7,0,"[3-4-7]",2,42,3.21103,0.97,0.651226,2,0.5,2810,2293
5103,508.495,ga_tcheby_proxy,mesh9,2,4,1,"[]",0,0,0,0,0,0,0.5,2810,2294
5104,508.507,ga_tcheby_proxy,mesh9,8,6,1,"[]",0,0,0,0,0,0,0.5,2810,2295
5105,508.523,ga_tcheby_proxy,mesh9,1,5,1,"[]",0,0,0,0,0,0,0.5,2810,2296
5106,508.526,ga_tcheby_proxy,mesh9,3,8,1,"[]",0,0,0,0,0,0,0.5,2810,2297
5107,508.674,ga_tcheby_proxy,mesh9,2,3,0,"[2-1-0-3]",3,64,4.82552,0.97,0.652174,3,0.5,2811,2297
5108,508.775,ga_tcheby_proxy,mesh9,3,5,0,"[3-4-5]",2,44,3.22898,0.97,0.656836,2,0.5,2812,2297
5109,508.905,ga_tcheby_proxy,mesh9,3,2,0,"[3-0-1-2]",3,64,4.82552,0.97,0.658667,3,0.5,2813,2297
5110,508.927,ga_tcheby_proxy,mesh9,1,6,1,"[]",0,0,0,0,0,0,0.5,2813,2298
5111,509.233,ga_tcheby_proxy,mesh9,4,7,0,"[4-7]",1,20,1.59654,0.975,0.652174,1,0.5,2814,2298
5112,509.249,ga_tcheby_proxy,mesh9,2,3,1,"[]",0,0,0,0,0,0,0.5,2814,2299
5113,509.503,ga_tcheby_proxy,mesh9,6,0,0,"[6-3-0]",2,40,3.19307,0.975,0.659574,2,0.5,2815,2299
5114,509.525,ga_tcheby_proxy,mesh9,0,8,1,"[]",0,0,0,0,0,0,0.5,2815,2300
5115,509.8,ga_tcheby_proxy,mesh9,1,2,0,"[1-2]",1,22,1.61449,0.97,0.641457,1,0.5,2816,2300
5116,509.94,ga_tcheby_proxy,mesh9,8,1,0,"[8-5-4-1]",3,62,4.80756,0.97,0.660477,3,0.5,2817,2300
5117,509.972,ga_tcheby_proxy,mesh9,1,8,1,"[]",0,0,0,0,0,0,0.5,2817,2301
5118,510.136,ga_tcheby_proxy,mesh9,0,7,0,"[0-3-6-7]",3,62,4.80756,0.97,0.651226,3,0.5,2818,2301
5119,510.408,ga_tcheby_proxy,mesh9,1,4,0,"[1-4]",1,20,1.59654,0.975,0.651226,1,0.5,2819,2301
5120,510.565,ga_tcheby_proxy,mesh9,4,0,0,"[4-3-0]",2,42,3.21103,0.97,0.660477,2,0.5,2820,2301
5121,510.592,ga_tcheby_proxy,mesh9,7,0,1,"[]",0,0,0,0,0,0,0.5,2820,2302
5122,511.038,ga_tcheby_proxy,mesh9,1,0,0,"[1-0]",1,22,1.61449,0.97,0.647383,1,0.5,2821,2302
5123,511.112,ga_tcheby_proxy,mesh9,0,4,0,"[0-3-4]",2,42,3.21103,0.97,0.651226,2,0.5,2822,2302
5124,511.152,ga_tcheby_proxy,mesh9,1,6,1,"[]",0,0,0,0,0,0,0.5,2822,2303
5125,511.223,ga_tcheby_proxy,mesh9,3,4,0,"[3-4]",1,22,1.61449,0.97,0.652174,1,0.5,2823,2303
5126,511.247,ga_tcheby_proxy,mesh9,4,2,1,"[]",0,0,0,0,0,0,0.5,2823,2304
5127,511.326,ga_tcheby_proxy,mesh9,3,1,0,"[3-0-1]",2,42,3.21103,0.97,0.661376,2,0.5,2824,2304
5128,511.326,ga_tcheby_proxy,mesh9,3,6,0,"[3-6]",1,20,1.60785,0.96788,0.652174,1,0.5,2825,2304
5129,511.399,ga_tcheby_proxy,mesh9,4,5,0,"[4-5]",1,22,1.63244,0.958869,0.657754,1,0.5,2826,2304
5130,511.473,ga_tcheby_proxy,mesh9,5,7,0,"[5-8-7]",2,42,3.21103,0.97,0.653117,2,0.5,2827,2304
5131,511.516,ga_tcheby_proxy,mesh9,6,1,1,"[]",0,0,0,0,0,0,0.5,2827,2305
5132,511.753,ga_tcheby_proxy,mesh9,8,4,0,"[8-7-4]",2,42,3.21103,0.97,0.659574,2,0.5,2828,2305
5133,511.776,ga_tcheby_proxy,mesh9,7,5,1,"[]",0,0,0,0,0,0,0.5,2828,2306
5134,512.084,ga_tcheby_proxy,mesh9,7,6,0,"[7-6]",1,22,1.61449,0.97,0.626822,1,0.5,2829,2306
5135,512.093,ga_tcheby_proxy,mesh9,3,6,1,"[]",0,0,0,0,0,0,0.5,2829,2307
5136,512.133,ga_tcheby_proxy,mesh9,0,2,1,"[]",0,0,0,0,0,0,0.5,2829,2308
5137,512.34,ga_tcheby_proxy,mesh9,4,1,0,"[4-1]",1,20,1.59654,0.975,0.661376,1,0.5,2830,2308
5138,512.361,ga_tcheby_proxy,mesh9,7,4,1,"[]",0,0,0,0,0,0,0.5,2830,2309
5139,512.424,ga_tcheby_proxy,mesh9,6,8,1,"[]",0,0,0,0,0,0,0.5,2830,2310
5140,512.446,ga_tcheby_proxy,mesh9,8,1,1,"[]",0,0,0,0,0,0,0.5,2830,2311
5141,512.591,ga_tcheby_proxy,mesh9,0,1,0,"[0-1]",1,22,1.61449,0.97,0.634286,1,0.5,2831,2311
5142,512.754,ga_tcheby_proxy,mesh9,6,0,0,"[6-3-0]",2,40,3.19307,0.975,0.662269,2,0.5,2832,2311
5143,512.796,ga_tcheby_proxy,mesh9,6,8,1,"[]",0,0,0,0,0,0,0.5,2832,2312
5144,512.993,ga_tcheby_proxy,mesh9,4,8,0,"[4-5-8]",2,42,3.21103,0.97,0.658667,2,0.5,2833,2312
5145,513.017,ga_tcheby_proxy,mesh9,2,4,1,"[]",0,0,0,0,0,0,0.5,2833,2313
5146,513.256,ga_tcheby_proxy,mesh9,2,7,0,"[2-5-4-7]",3,62,4.80756,0.97,0.653117,3,0.5,2834,2313
5147,513.368,ga_tcheby_proxy,mesh9,3,2,0,"[3-4-5-2]",3,64,4.82552,0.97,0.661376,3,0.5,2835,2313
5148,513.428,ga_tcheby_proxy,mesh9,5,7,0,"[5-4-7]",2,42,3.29457,0.92953,0.654054,2,0.5,2836,2313
5149,513.467,ga_tcheby_proxy,mesh9,5,8,1,"[]",0,0,0,0,0,0,0.5,2836,2314
5150,513.528,ga_tcheby_proxy,mesh9,4,8,1,"[]",0,0,0,0,0,0,0.5,2836,2315
5151,513.608,ga_tcheby_proxy,mesh9,1,6,0,"[1-4-3-6]",3,62,4.80756,0.97,0.653117,3,0.5,2837,2315
5152,513.785,ga_tcheby_proxy,mesh9,2,5,0,"[2-5]",1,20,1.59654,0.975,0.653117,1,0.5,2838,2315
5153,513.852,ga_tcheby_proxy,mesh9,5,6,1,"[]",0,0,0,0,0,0,0.5,2838,2316
5154,513.958,ga_tcheby_proxy,mesh9,0,7,0,"[0-3-6-7]",3,62,4.80756,0.97,0.654054,3,0.5,2839,2316
5155,514.216,ga_tcheby_proxy,mesh9,5,8,0,"[5-8]",1,20,1.59654,0.975,0.654987,1,0.5,2840,2316
5156,514.267,ga_tcheby_proxy,mesh9,8,3,1,"[]",0,0,0,0,0,0,0.5,2840,2317
5157,514.277,ga_tcheby_proxy,mesh9,7,6,1,"[]",0,0,0,0,0,0,0.5,2840,2318
5158,514.531,ga_tcheby_proxy,mesh9,6,0,0,"[6-3-0]",2,40,3.19307,0.975,0.663158,2,0.5,2841,2318
5159,514.601,ga_tcheby_proxy,mesh9,2,5,0,"[2-5]",1,20,1.59654,0.975,0.654054,1,0.5,2842,2318
5160,514.664,ga_tcheby_proxy,mesh9,1,8,1,"[]",0,0,0,0,0,0,0.5,2842,2319
5161,514.704,ga_tcheby_proxy,mesh9,7,1,1,"[]",0,0,0,0,0,0,0.5,2842,2320
5162,514.711,ga_tcheby_proxy,mesh9,1,6,1,"[]",0,0,0,0,0,0,0.5,2842,2321
5163,514.73,ga_tcheby_proxy,mesh9,1,5,1,"[]",0,0,0,0,0,0,0.5,2842,2322
5164,514.818,ga_tcheby_proxy,mesh9,0,4,0,"[0-1-4]",2,42,3.21103,0.97,0.653117,2,0.5,2843,2322
5165,514.954,ga_tcheby_proxy,mesh9,0,5,0,"[0-1-2-5]",3,64,4.82552,0.97,0.654987,3,0.5,2844,2322
5166,515.068,ga_tcheby_proxy,mesh9,8,6,0,"[8-7-6]",2,44,3.22898,0.97,0.645429,2,0.5,2845,2322
5167,515.249,ga_tcheby_proxy,mesh9,1,2,0,"[1-2]",1,22,1.61449,0.97,0.643454,1,0.5,2846,2322
5168,515.402,ga_tcheby_proxy,mesh9,6,2,0,"[6-3-4-1-2]",4,84,6.42205,0.97,0.662269,4,0.5,2847,2322
5169,515.466,ga_tcheby_proxy,mesh9,2,8,0,"[2-5-8]",2,40,3.35842,0.922667,0.655914,2,0.5,2848,2322
5170,515.494,ga_tcheby_proxy,mesh9,1,2,1,"[]",0,0,0,0,0,0,0.5,2848,2323
5171,515.543,ga_tcheby_proxy,mesh9,2,7,1,"[]",0,0,0,0,0,0,0.5,2848,2324
5172,515.565,ga_tcheby_proxy,mesh9,4,8,1,"[]",0,0,0,0,0,0,0.5,2848,2325
5173,515.567,ga_tcheby_proxy,mesh9,2,0,1,"[]",0,0,0,0,0,0,0.5,2848,2326
5174,515.593,ga_tcheby_proxy,mesh9,8,0,1,"[]",0,0,0,0,0,0,0.5,2848,2327
5175,515.895,ga_tcheby_proxy,mesh9,4,6,0,"[4-3-6]",2,42,3.21103,0.97,0.654987,2,0.5,2849,2327
5176,515.903,ga_tcheby_proxy,mesh9,3,7,1,"[]",0,0,0,0,0,0,0.5,2849,2328
5177,515.978,ga_tcheby_proxy,mesh9,7,5,0,"[7-4-5]",2,42,3.21103,0.97,0.660477,2,0.5,2850,2328
5178,516.164,ga_tcheby_proxy,mesh9,5,2,0,"[5-2]",1,20,1.59654,0.975,0.662269,1,0.5,2851,2328
5179,516.235,ga_tcheby_proxy,mesh9,6,4,0,"[6-7-4]",2,42,3.21103,0.97,0.661376,2,0.5,2852,2328
5180,516.267,ga_tcheby_proxy,mesh9,0,6,1,"[]",0,0,0,0,0,0,0.5,2852,2329
5181,516.269,ga_tcheby_proxy,mesh9,1,6,1,"[]",0,0,0,0,0,0,0.5,2852,2330
5182,516.269,ga_tcheby_proxy,mesh9,4,1,1,"[]",0,0,0,0,0,0,0.5,2852,2331
5183,516.27,ga_tcheby_proxy,mesh9,7,5,1,"[]",0,0,0,0,0,0,0.5,2852,2332
5184,516.396,ga_tcheby_proxy,mesh9,7,2,0,"[7-8-5-2]",3,62,4.80756,0.97,0.663158,3,0.5,2853,2332
5185,516.543,ga_tcheby_proxy,mesh9,5,0,0,"[5-4-1-0]",3,64,4.82552,0.97,0.663158,3,0.5,2854,2332
5186,516.603,ga_tcheby_proxy,mesh9,2,7,1,"[]",0,0,0,0,0,0,0.5,2854,2333
5187,516.606,ga_tcheby_proxy,mesh9,4,6,1,"[]",0,0,0,0,0,0,0.5,2854,2334
5188,516.924,ga_tcheby_proxy,mesh9,8,3,0,"[8-7-6-3]",3,64,4.82552,0.97,0.661376,3,0.5,2855,2334
5189,517.049,ga_tcheby_proxy,mesh9,2,6,0,"[2-1-4-7-6]",4,84,6.42205,0.97,0.654987,4,0.5,2856,2334
5190,517.47,ga_tcheby_proxy,mesh9,1,6,0,"[1-0-3-6]",3,62,4.80756,0.97,0.655914,3,0.5,2857,2334
5191,517.761,ga_tcheby_proxy,mesh9,1,7,0,"[1-4-7]",2,40,3.19307,0.975,0.655914,2,0.5,2858,2334
5192,517.774,ga_tcheby_proxy,mesh9,0,4,1,"[]",0,0,0,0,0,0,0.5,2858,2335
5193,517.793,ga_tcheby_proxy,mesh9,8,6,1,"[]",0,0,0,0,0,0,0.5,2858,2336
5194,517.847,ga_tcheby_proxy,mesh9,2,3,1,"[]",0,0,0,0,0,0,0.5,2858,2337
5195,517.888,ga_tcheby_proxy,mesh9,2,0,1,"[]",0,0,0,0,0,0,0.5,2858,2338
5196,517.911,ga_tcheby_proxy,mesh9,3,8,1,"[]",0,0,0,0,0,0,0.5,2858,2339
5197,517.964,ga_tcheby_proxy,mesh9,6,3,1,"[]",0,0,0,0,0,0,0.5,2858,2340
5198,518.026,ga_tcheby_proxy,mesh9,6,2,1,"[]",0,0,0,0,0,0,0.5,2858,2341
5199,518.111,ga_tcheby_proxy,mesh9,3,1,0,"[3-4-1]",2,42,3.21103,0.97,0.664042,2,0.5,2859,2341
5200,518.174,ga_tcheby_proxy,mesh9,0,3,1,"[]",0,0,0,0,0,0,0.5,2859,2342
5201,518.174,ga_tcheby_proxy,mesh9,6,5,0,"[6-7-8-5]",3,64,4.96122,0.913861,0.661376,3,0.5,2860,2342
5202,518.406,ga_tcheby_proxy,mesh9,0,6,0,"[0-3-6]",2,40,3.19307,0.975,0.656836,2,0.5,2861,2342
5203,518.415,ga_tcheby_proxy,mesh9,1,2,1,"[]",0,0,0,0,0,0,0.5,2861,2343
5204,518.439,ga_tcheby_proxy,mesh9,5,2,1,"[]",0,0,0,0,0,0,0.5,2861,2344
5205,518.599,ga_tcheby_proxy,mesh9,6,3,0,"[6-3]",1,20,1.59654,0.975,0.662269,1,0.5,2862,2344
5206,518.79,ga_tcheby_proxy,mesh9,8,6,0,"[8-7-6]",2,44,3.22898,0.97,0.647383,2,0.5,2863,2344
5207,518.926,ga_tcheby_proxy,mesh9,6,0,0,"[6-3-0]",2,40,3.19307,0.975,0.664042,2,0.5,2864,2344
5208,518.928,ga_tcheby_proxy,mesh9,8,2,0,"[8-5-2]",2,40,3.3229,0.935365,0.664042,2,0.5,2865,2344
5209,519.072,ga_tcheby_proxy,mesh9,7,2,0,"[7-8-5-2]",3,62,4.80756,0.97,0.664921,3,0.5,2866,2344
5210,519.303,ga_tcheby_proxy,mesh9,1,7,0,"[1-4-7]",2,40,3.19307,0.975,0.656836,2,0.5,2867,2344
5211,519.332,ga_tcheby_proxy,mesh9,2,1,1,"[]",0,0,0,0,0,0,0.5,2867,2345
5212,519.559,ga_tcheby_proxy,mesh9,3,6,0,"[3-6]",1,20,1.59654,0.975,0.657754,1,0.5,2868,2345
5213,519.733,ga_tcheby_proxy,mesh9,3,6,0,"[3-6]",1,20,1.59654,0.975,0.658667,1,0.5,2869,2345
5214,519.741,ga_tcheby_proxy,mesh9,1,0,1,"[]",0,0,0,0,0,0,0.5,2869,2346
5215,519.846,ga_tcheby_proxy,mesh9,0,6,0,"[0-3-6]",2,40,3.19307,0.975,0.659574,2,0.5,2870,2346
5216,519.928,ga_tcheby_proxy,mesh9,0,1,0,"[0-1]",1,22,1.61449,0.97,0.637394,1,0.5,2871,2346
5217,519.948,ga_tcheby_proxy,mesh9,3,7,1,"[]",0,0,0,0,0,0,0.5,2871,2347
5218,520.37,ga_tcheby_proxy,mesh9,7,5,0,"[7-4-5]",2,42,3.21103,0.97,0.662269,2,0.5,2872,2347
5219,520.635,ga_tcheby_proxy,mesh9,3,5,0,"[3-4-5]",2,44,3.22898,0.97,0.662269,2,0.5,2873,2347
5220,520.914,ga_tcheby_proxy,mesh9,7,3,0,"[7-4-3]",2,42,3.21103,0.97,0.663158,2,0.5,2874,2347
5221,521.073,ga_tcheby_proxy,mesh9,2,5,0,"[2-5]",1,20,1.59654,0.975,0.656836,1,0.5,2875,2347
5222,521.131,ga_tcheby_proxy,mesh9,1,6,1,"[]",0,0,0,0,0,0,0.5,2875,2348
5223,521.484,ga_tcheby_proxy,mesh9,7,0,0,"[7-6-3-0]",3,62,4.80756,0.97,0.664921,3,0.5,2876,2348
5224,521.522,ga_tcheby_proxy,mesh9,6,8,1,"[]",0,0,0,0,0,0,0.5,2876,2349
5225,521.537,ga_tcheby_proxy,mesh9,1,8,1,"[]",0,0,0,0,0,0,0.5,2876,2350
5226,521.812,ga_tcheby_proxy,mesh9,6,5,0,"[6-7-8-5]",3,64,4.82552,0.97,0.664042,3,0.5,2877,2350
5227,521.814,ga_tcheby_proxy,mesh9,4,2,0,"[4-1-2]",2,42,3.33231,0.933251,0.668421,2,0.5,2878,2350
5228,521.822,ga_tcheby_proxy,mesh9,7,8,1,"[]",0,0,0,0,0,0,0.5,2878,2351
5229,521.832,ga_tcheby_proxy,mesh9,1,8,1,"[]",0,0,0,0,0,0,0.5,2878,2352
5230,522.024,ga_tcheby_proxy,mesh9,8,5,0,"[8-5]",1,20,1.59654,0.975,0.664921,1,0.5,2879,2352
5231,522.068,ga_tcheby_proxy,mesh9,5,4,1,"[]",0,0,0,0,0,0,0.5,2879,2353
5232,522.534,ga_tcheby_proxy,mesh9,4,0,0,"[4-3-0]",2,42,3.21103,0.97,0.665796,2,0.5,2880,2353
5233,522.641,ga_tcheby_proxy,mesh9,0,6,0,"[0-3-6]",2,40,3.19307,0.975,0.660477,2,0.5,2881,2353
5234,522.743,ga_tcheby_proxy,mesh9,8,0,0,"[8-5-2-1-0]",4,84,6.42205,0.97,0.665796,4,0.5,2882,2353
5235,522.916,ga_tcheby_proxy,mesh9,3,7,0,"[3-4-7]",2,42,3.21103,0.97,0.657754,2,0.5,2883,2353
5236,523.148,ga_tcheby_proxy,mesh9,0,5,0,"[0-1-2-5]",3,64,4.82552,0.97,0.657754,3,0.5,2884,2353
5237,523.21,ga_tcheby_proxy,mesh9,8,5,1,"[]",0,0,0,0,0,0,0.5,2884,2354
5238,523.243,ga_tcheby_proxy,mesh9,0,8,1,"[]",0,0,0,0,0,0,0.5,2884,2355
5239,523.412,ga_tcheby_proxy,mesh9,7,4,0,"[7-4]",1,20,1.59654,0.975,0.664042,1,0.5,2885,2355
5240,523.494,ga_tcheby_proxy,mesh9,1,0,0,"[1-0]",1,22,1.61449,0.97,0.651226,1,0.5,2886,2355
5241,523.618,ga_tcheby_proxy,mesh9,6,0,0,"[6-3-0]",2,40,3.19307,0.975,0.666667,2,0.5,2887,2355
5242,523.778,ga_tcheby_proxy,mesh9,5,4,0,"[5-4]",1,22,1.61449,0.97,0.655914,1,0.5,2888,2355
5243,523.912,ga_tcheby_proxy,mesh9,3,1,0,"[3-4-1]",2,42,3.21103,0.97,0.665796,2,0.5,2889,2355
5244,524.027,ga_tcheby_proxy,mesh9,1,6,0,"[1-4-7-6]",3,62,4.80756,0.97,0.658667,3,0.5,2890,2355
5245,524.143,ga_tcheby_proxy,mesh9,1,7,0,"[1-4-7]",2,40,3.19307,0.975,0.659574,2,0.5,2891,2355
5246,524.347,ga_tcheby_proxy,mesh9,1,0,0,"[1-0]",1,22,1.61449,0.97,0.652174,1,0.5,2892,2355
5247,524.447,ga_tcheby_proxy,mesh9,8,2,0,"[8-5-2]",2,40,3.19307,0.975,0.666667,2,0.5,2893,2355
5248,524.774,ga_tcheby_proxy,mesh9,4,5,0,"[4-5]",1,22,1.61449,0.97,0.663158,1,0.5,2894,2355
5249,524.78,ga_tcheby_proxy,mesh9,6,0,1,"[]",0,0,0,0,0,0,0.5,2894,2356
5250,524.833,ga_tcheby_proxy,mesh9,2,4,1,"[]",0,0,0,0,0,0,0.5,2894,2357
5251,524.852,ga_tcheby_proxy,mesh9,4,3,1,"[]",0,0,0,0,0,0,0.5,2894,2358
5252,524.857,ga_tcheby_proxy,mesh9,0,5,1,"[]",0,0,0,0,0,0,0.5,2894,2359
5253,524.911,ga_tcheby_proxy,mesh9,4,2,1,"[]",0,0,0,0,0,0,0.5,2894,2360
5254,524.943,ga_tcheby_proxy,mesh9,6,4,1,"[]",0,0,0,0,0,0,0.5,2894,2361
5255,525.078,ga_tcheby_proxy,mesh9,8,0,0,"[8-7-4-1-0]",4,84,6.42205,0.97,0.666667,4,0.5,2895,2361
5256,525.105,ga_tcheby_proxy,mesh9,5,1,1,"[]",0,0,0,0,0,0,0.5,2895,2362
5257,525.168,ga_tcheby_proxy,mesh9,8,5,0,"[8-5]",1,20,1.6927,0.917644,0.667532,1,0.5,2896,2362
5258,525.172,ga_tcheby_proxy,mesh9,0,5,1,"[]",0,0,0,0,0,0,0.5,2896,2363
5259,525.482,ga_tcheby_proxy,mesh9,4,1,0,"[4-1]",1,20,1.59654,0.975,0.667532,1,0.5,2897,2363
5260,525.531,ga_tcheby_proxy,mesh9,8,0,1,"[]",0,0,0,0,0,0,0.5,2897,2364
5261,525.684,ga_tcheby_proxy,mesh9,8,4,0,"[8-7-4]",2,42,3.21103,0.97,0.665796,2,0.5,2898,2364
5262,525.848,ga_tcheby_proxy,mesh9,0,5,0,"[0-1-2-5]",3,64,4.82552,0.97,0.658667,3,0.5,2899,2364
5263,525.865,ga_tcheby_proxy,mesh9,7,0,1,"[]",0,0,0,0,0,0,0.5,2899,2365
5264,525.948,ga_tcheby_proxy,mesh9,0,2,0,"[0-1-2]",2,44,3.22898,0.97,0.648352,2,0.5,2900,2365
5265,526.088,ga_tcheby_proxy,mesh9,3,2,0,"[3-4-5-2]",3,64,4.82552,0.97,0.667532,3,0.5,2901,2365
5266,526.133,ga_tcheby_proxy,mesh9,5,7,1,"[]",0,0,0,0,0,0,0.5,2901,2366
5267,526.16,ga_tcheby_proxy,mesh9,8,7,1,"[]",0,0,0,0,0,0,0.5,2901,2367
5268,526.22,ga_tcheby_proxy,mesh9,5,7,1,"[]",0,0,0,0,0,0,0.5,2901,2368
5269,526.38,ga_tcheby_proxy,mesh9,0,7,0,"[0-3-4-7]",3,62,4.80756,0.97,0.660477,3,0.5,2902,2368
5270,526.458,ga_tcheby_proxy,mesh9,5,0,0,"[5-2-1-0]",3,64,4.82552,0.97,0.668394,3,0.5,2903,2368
5271,526.466,ga_tcheby_proxy,mesh9,7,1,1,"[]",0,0,0,0,0,0,0.5,2903,2369
5272,526.563,ga_tcheby_proxy,mesh9,4,8,0,"[4-7-8]",2,42,3.21103,0.97,0.663158,2,0.5,2904,2369
5273,526.599,ga_tcheby_proxy,mesh9,0,8,1,"[]",0,0,0,0,0,0,0.5,2904,2370
5274,526.653,ga_tcheby_proxy,mesh9,3,0,1,"[]",0,0,0,0,0,0,0.5,2904,2371
5275,526.7,ga_tcheby_proxy,mesh9,7,0,1,"[]",0,0,0,0,0,0,0.5,2904,2372
5276,526.804,ga_tcheby_proxy,mesh9,7,2,0,"[7-4-1-2]",3,62,4.80756,0.97,0.668394,3,0.5,2905,2372
5277,526.865,ga_tcheby_proxy,mesh9,2,6,1,"[]",0,0,0,0,0,0,0.5,2905,2373
5278,526.89,ga_tcheby_proxy,mesh9,3,5,1,"[]",0,0,0,0,0,0,0.5,2905,2374
5279,526.996,ga_tcheby_proxy,mesh9,2,7,0,"[2-5-8-7]",3,62,4.80756,0.97,0.659574,3,0.5,2906,2374
5280,527.052,ga_tcheby_proxy,mesh9,7,5,1,"[]",0,0,0,0,0,0,0.5,2906,2375
5281,527.114,ga_tcheby_proxy,mesh9,1,5,1,"[]",0,0,0,0,0,0,0.5,2906,2376
5282,527.119,ga_tcheby_proxy,mesh9,7,0,1,"[]",0,0,0,0,0,0,0.5,2906,2377
5283,527.264,ga_tcheby_proxy,mesh9,1,4,0,"[1-4]",1,20,1.59654,0.975,0.658667,1,0.5,2907,2377
5284,527.387,ga_tcheby_proxy,mesh9,5,1,0,"[5-2-1]",2,42,3.21103,0.97,0.669251,2,0.5,2908,2377
5285,527.598,ga_tcheby_proxy,mesh9,8,0,0,"[8-7-4-3-0]",4,84,6.42205,0.97,0.667532,4,0.5,2909,2377
5286,527.775,ga_tcheby_proxy,mesh9,0,6,0,"[0-3-6]",2,40,3.19307,0.975,0.661376,2,0.5,2910,2377
5287,527.866,ga_tcheby_proxy,mesh9,3,6,0,"[3-6]",1,20,1.59654,0.975,0.662269,1,0.5,2911,2377
5288,528.031,ga_tcheby_proxy,mesh9,2,0,0,"[2-1-0]",2,44,3.22898,0.97,0.656836,2,0.5,2912,2377
5289,528.088,ga_tcheby_proxy,mesh9,4,6,1,"[]",0,0,0,0,0,0,0.5,2912,2378
5290,528.118,ga_tcheby_proxy,mesh9,4,8,1,"[]",0,0,0,0,0,0,0.5,2912,2379
5291,528.126,ga_tcheby_proxy,mesh9,0,2,1,"[]",0,0,0,0,0,0,0.5,2912,2380
5292,528.213,ga_tcheby_proxy,mesh9,2,7,0,"[2-5-8-7]",3,62,4.80756,0.97,0.660477,3,0.5,2913,2380
5293,528.364,ga_tcheby_proxy,mesh9,3,7,0,"[3-4-7]",2,42,3.21103,0.97,0.662269,2,0.5,2914,2380
5294,528.49,ga_tcheby_proxy,mesh9,8,0,0,"[8-5-4-3-0]",4,84,6.42205,0.97,0.668394,4,0.5,2915,2380
5295,528.749,ga_tcheby_proxy,mesh9,7,2,0,"[7-4-1-2]",3,62,4.80756,0.97,0.669251,3,0.5,2916,2380
5296,528.778,ga_tcheby_proxy,mesh9,1,3,1,"[]",0,0,0,0,0,0,0.5,2916,2381
5297,528.809,ga_tcheby_proxy,mesh9,1,4,1,"[]",0,0,0,0,0,0,0.5,2916,2382
5298,528.961,ga_tcheby_proxy,mesh9,7,3,0,"[7-6-3]",2,42,3.21103,0.97,0.665796,2,0.5,2917,2382
5299,529.037,ga_tcheby_proxy,mesh9,1,5,0,"[1-2-5]",2,42,3.21103,0.97,0.661376,2,0.5,2918,2382
5300,529.099,ga_tcheby_proxy,mesh9,6,1,0,"[6-3-0-1]",3,62,4.82417,0.959695,0.669251,3,0.5,2919,2382
5301,529.205,ga_tcheby_proxy,mesh9,8,4,0,"[8-5-4]",2,42,3.21103,0.97,0.669251,2,0.5,2920,2382
5302,529.271,ga_tcheby_proxy,mesh9,5,1,0,"[5-2-1]",2,42,3.31945,0.906448,0.670103,2,0.5,2921,2382
5303,529.275,ga_tcheby_proxy,mesh9,8,5,1,"[]",0,0,0,0,0,0,0.5,2921,2383
5304,529.389,ga_tcheby_proxy,mesh9,3,4,0,"[3-4]",1,22,1.61449,0.97,0.661376,1,0.5,2922,2383
5305,529.72,ga_tcheby_proxy,mesh9,6,5,0,"[6-3-4-5]",3,64,4.82552,0.97,0.667532,3,0.5,2923,2383
5306,529.823,ga_tcheby_proxy,mesh9,7,8,0,"[7-8]",1,22,1.61449,0.97,0.664042,1,0.5,2924,2383
5307,529.92,ga_tcheby_proxy,mesh9,0,5,0,"[0-1-2-5]",3,64,4.82552,0.97,0.662269,3,0.5,2925,2383
5308,529.945,ga_tcheby_proxy,mesh9,6,4,1,"[]",0,0,0,0,0,0,0.5,2925,2384
5309,530.05,ga_tcheby_proxy,mesh9,7,5,0,"[7-4-5]",2,42,3.21103,0.97,0.669251,2,0.5,2926,2384
5310,530.109,ga_tcheby_proxy,mesh9,1,7,1,"[]",0,0,0,0,0,0,0.5,2926,2385
5311,530.111,ga_tcheby_proxy,mesh9,4,8,1,"[]",0,0,0,0,0,0,0.5,2926,2386
5312,530.273,ga_tcheby_proxy,mesh9,6,7,0,"[6-7]",1,22,1.61449,0.97,0.650273,1,0.5,2927,2386
5313,530.545,ga_tcheby_proxy,mesh9,2,3,0,"[2-1-0-3]",3,64,4.82552,0.97,0.658667,3,0.5,2928,2386
5314,530.593,ga_tcheby_proxy,mesh9,4,6,1,"[]",0,0,0,0,0,0,0.5,2928,2387
5315,530.601,ga_tcheby_proxy,mesh9,6,1,1,"[]",0,0,0,0,0,0,0.5,2928,2388
5316,530.63,ga_tcheby_proxy,mesh9,4,3,1,"[]",0,0,0,0,0,0,0.5,2928,2389
5317,530.698,ga_tcheby_proxy,mesh9,3,7,0,"[3-6-7]",2,42,3.22048,0.964105,0.663158,2,0.5,2929,2389
5318,530.882,ga_tcheby_proxy,mesh9,6,8,0,"[6-7-8]",2,44,3.22898,0.97,0.664921,2,0.5,2930,2389
5319,531.007,ga_tcheby_proxy,mesh9,3,6,0,"[3-6]",1,20,1.59654,0.975,0.664042,1,0.5,2931,2389
5320,531.131,ga_tcheby_proxy,mesh9,8,1,0,"[8-5-4-1]",3,62,4.80756,0.97,0.670103,3,0.5,2932,2389
5321,531.136,ga_tcheby_proxy,mesh9,5,6,1,"[]",0,0,0,0,0,0,0.5,2932,2390
5322,531.283,ga_tcheby_proxy,mesh9,0,5,0,"[0-1-2-5]",3,64,4.82552,0.97,0.663158,3,0.5,2933,2390
5323,531.408,ga_tcheby_proxy,mesh9,7,4,0,"[7-4]",1,20,1.59654,0.975,0.670103,1,0.5,2934,2390
5324,531.43,ga_tcheby_proxy,mesh9,7,1,1,"[]",0,0,0,0,0,0,0.5,2934,2391
5325,531.534,ga_tcheby_proxy,mesh9,7,0,0,"[7-6-3-0]",3,62,4.80756,0.97,0.670103,3,0.5,2935,2391
5326,531.539,ga_tcheby_proxy,mesh9,3,0,1,"[]",0,0,0,0,0,0,0.5,2935,2392
5327,531.712,ga_tcheby_proxy,mesh9,4,2,0,"[4-5-2]",2,42,3.21103,0.97,0.670951,2,0.5,2936,2392
5328,531.958,ga_tcheby_proxy,mesh9,5,8,0,"[5-8]",1,20,1.59654,0.975,0.658667,1,0.5,2937,2392
5329,532.241,ga_tcheby_proxy,mesh9,1,3,0,"[1-0-3]",2,42,3.21103,0.97,0.656836,2,0.5,2938,2392
5330,532.302,ga_tcheby_proxy,mesh9,4,2,1,"[]",0,0,0,0,0,0,0.5,2938,2393
5331,532.373,ga_tcheby_proxy,mesh9,5,3,0,"[5-4-1-0-3]",4,84,6.43101,0.964412,0.670951,4,0.5,2939,2393
5332,532.605,ga_tcheby_proxy,mesh9,5,4,0,"[5-4]",1,22,1.61449,0.97,0.660477,1,0.5,2940,2393
5333,532.634,ga_tcheby_proxy,mesh9,6,2,1,"[]",0,0,0,0,0,0,0.5,2940,2394
5334,532.644,ga_tcheby_proxy,mesh9,4,3,1,"[]",0,0,0,0,0,0,0.5,2940,2395
5335,532.811,ga_tcheby_proxy,mesh9,0,6,0,"[0-3-6]",2,40,3.19307,0.975,0.664921,2,0.5,2941,2395
5336,532.845,ga_tcheby_proxy,mesh9,3,4,1,"[]",0,0,0,0,0,0,0.5,2941,2396
5337,532.926,ga_tcheby_proxy,mesh9,8,5,0,"[8-5]",1,20,1.59654,0.975,0.670951,1,0.5,2942,2396
5338,532.961,ga_tcheby_proxy,mesh9,8,6,1,"[]",0,0,0,0,0,0,0.5,2942,2397
5339,532.991,ga_tcheby_proxy,mesh9,0,4,1,"[]",0,0,0,0,0,0,0.5,2942,2398
5340,533.067,ga_tcheby_proxy,mesh9,4,6,0,"[4-7-6]",2,42,3.21103,0.97,0.663158,2,0.5,2943,2398
5341,533.087,ga_tcheby_proxy,mesh9,6,4,1,"[]",0,0,0,0,0,0,0.5,2943,2399
5342,533.104,ga_tcheby_proxy,mesh9,8,1,1,"[]",0,0,0,0,0,0,0.5,2943,2400
5343,533.245,ga_tcheby_proxy,mesh9,2,4,0,"[2-1-4]",2,42,3.21103,0.97,0.659574,2,0.5,2944,2400
5344,533.535,ga_tcheby_proxy,mesh9,6,1,0,"[6-3-0-1]",3,62,4.80756,0.97,0.670951,3,0.5,2945,2400
5345,533.561,ga_tcheby_proxy,mesh9,0,5,1,"[]",0,0,0,0,0,0,0.5,2945,2401
5346,533.601,ga_tcheby_proxy,mesh9,6,0,1,"[]",0,0,0,0,0,0,0.5,2945,2402
5347,533.757,ga_tcheby_proxy,mesh9,5,2,0,"[5-2]",1,20,1.59654,0.975,0.671795,1,0.5,2946,2402
5348,533.978,ga_tcheby_proxy,mesh9,2,4,0,"[2-1-4]",2,42,3.21103,0.97,0.660477,2,0.5,2947,2402
5349,534.009,ga_tcheby_proxy,mesh9,3,1,1,"[]",0,0,0,0,0,0,0.5,2947,2403
5350,534.136,ga_tcheby_proxy,mesh9,6,4,0,"[6-3-4]",2,42,3.21103,0.97,0.670103,2,0.5,2948,2403
5351,534.173,ga_tcheby_proxy,mesh9,1,7,1,"[]",0,0,0,0,0,0,0.5,2948,2404
5352,534.224,ga_tcheby_proxy,mesh9,2,1,1,"[]",0,0,0,0,0,0,0.5,2948,2405
5353,534.227,ga_tcheby_proxy,mesh9,2,5,1,"[]",0,0,0,0,0,0,0.5,2948,2406
5354,534.447,ga_tcheby_proxy,mesh9,0,5,0,"[0-1-2-5]",3,64,4.82552,0.97,0.664042,3,0.5,2949,2406
5355,534.573,ga_tcheby_proxy,mesh9,2,1,0,"[2-1]",1,22,1.61449,0.97,0.661376,1,0.5,2950,2406
5356,534.682,ga_tcheby_proxy,mesh9,5,6,0,"[5-8-7-6]",3,64,4.82552,0.97,0.659574,3,0.5,2951,2406
5357,534.862,ga_tcheby_proxy,mesh9,3,7,0,"[3-4-7]",2,42,3.21103,0.97,0.664042,2,0.5,2952,2406
5358,534.914,ga_tcheby_proxy,mesh9,4,2,1,"[]",0,0,0,0,0,0,0.5,2952,2407
5359,534.926,ga_tcheby_proxy,mesh9,2,3,1,"[]",0,0,0,0,0,0,0.5,2952,2408
5360,534.931,ga_tcheby_proxy,mesh9,2,8,1,"[]",0,0,0,0,0,0,0.5,2952,2409
5361,534.949,ga_tcheby_proxy,mesh9,8,0,1,"[]",0,0,0,0,0,0,0.5,2952,2410
5362,534.969,ga_tcheby_proxy,mesh9,3,1,1,"[]",0,0,0,0,0,0,0.5,2952,2411
5363,535.047,ga_tcheby_proxy,mesh9,1,4,0,"[1-4]",1,20,1.59654,0.975,0.661376,1,0.5,2953,2411
5364,535.131,ga_tcheby_proxy,mesh9,8,5,0,"[8-5]",1,20,1.59654,0.975,0.671795,1,0.5,2954,2411
5365,535.152,ga_tcheby_proxy,mesh9,4,2,1,"[]",0,0,0,0,0,0,0.5,2954,2412
5366,535.678,ga_tcheby_proxy,mesh9,7,4,0,"[7-4]",1,20,1.59654,0.975,0.670951,1,0.5,2955,2412
5367,535.681,ga_tcheby_proxy,mesh9,0,6,0,"[0-3-6]",2,40,3.39149,0.91382,0.665796,2,0.5,2956,2412
5368,535.717,ga_tcheby_proxy,mesh9,2,1,1,"[]",0,0,0,0,0,0,0.5,2956,2413
5369,535.905,ga_tcheby_proxy,mesh9,7,5,0,"[7-4-5]",2,42,3.21103,0.97,0.671795,2,0.5,2957,2413
5370,535.962,ga_tcheby_proxy,mesh9,0,2,1,"[]",0,0,0,0,0,0,0.5,2957,2414
5371,535.974,ga_tcheby_proxy,mesh9,4,8,1,"[]",0,0,0,0,0,0,0.5,2957,2415
5372,536.137,ga_tcheby_proxy,mesh9,7,6,0,"[7-6]",1,22,1.61449,0.97,0.638418,1,0.5,2958,2415
5373,536.191,ga_tcheby_proxy,mesh9,5,7,1,"[]",0,0,0,0,0,0,0.5,2958,2416
5374,536.216,ga_tcheby_proxy,mesh9,5,7,1,"[]",0,0,0,0,0,0,0.5,2958,2417
5375,536.572,ga_tcheby_proxy,mesh9,4,5,0,"[4-5]",1,22,1.61449,0.97,0.668394,1,0.5,2959,2417
5376,536.581,ga_tcheby_proxy,mesh9,4,0,1,"[]",0,0,0,0,0,0,0.5,2959,2418
5377,536.726,ga_tcheby_proxy,mesh9,7,0,0,"[7-6-3-0]",3,62,4.80756,0.97,0.671795,3,0.5,2960,2418
5378,537.029,ga_tcheby_proxy,mesh9,0,6,0,"[0-3-6]",2,40,3.19307,0.975,0.666667,2,0.5,2961,2418
5379,537.063,ga_tcheby_proxy,mesh9,0,4,1,"[]",0,0,0,0,0,0,0.5,2961,2419
5380,537.198,ga_tcheby_proxy,mesh9,5,1,0,"[5-4-1]",2,42,3.21103,0.97,0.671795,2,0.5,2962,2419
5381,537.201,ga_tcheby_proxy,mesh9,6,8,0,"[6-7-8]",2,44,3.4054,0.916706,0.674603,2,0.5,2963,2419
5382,537.222,ga_tcheby_proxy,mesh9,7,8,1,"[]",0,0,0,0,0,0,0.5,2963,2420
5383,537.292,ga_tcheby_proxy,mesh9,1,0,0,"[1-0]",1,22,1.61449,0.97,0.658667,1,0.5,2964,2420
5384,537.503,ga_tcheby_proxy,mesh9,5,1,0,"[5-2-1]",2,42,3.21103,0.97,0.672634,2,0.5,2965,2420
5385,537.605,ga_tcheby_proxy,mesh9,5,6,0,"[5-8-7-6]",3,64,4.82552,0.97,0.660477,3,0.5,2966,2420
5386,537.644,ga_tcheby_proxy,mesh9,2,6,1,"[]",0,0,0,0,0,0,0.5,2966,2421
5387,537.658,ga_tcheby_proxy,mesh9,4,1,1,"[]",0,0,0,0,0,0,0.5,2966,2422
5388,537.954,ga_tcheby_proxy,mesh9,1,4,0,"[1-4]",1,20,1.59654,0.975,0.662269,1,0.5,2967,2422
5389,538.178,ga_tcheby_proxy,mesh9,6,7,0,"[6-7]",1,22,1.61449,0.97,0.654054,1,0.5,2968,2422
5390,538.179,ga_tcheby_proxy,mesh9,3,6,0,"[3-6]",1,20,1.63105,0.953643,0.669271,1,0.5,2969,2422
5391,538.239,ga_tcheby_proxy,mesh9,6,7,1,"[]",0,0,0,0,0,0,0.5,2969,2423
5392,538.41,ga_tcheby_proxy,mesh9,3,1,0,"[3-0-1]",2,42,3.21103,0.97,0.672634,2,0.5,2970,2423
5393,538.58,ga_tcheby_proxy,mesh9,3,2,0,"[3-4-1-2]",3,64,4.82552,0.97,0.672634,3,0.5,2971,2423
5394,538.604,ga_tcheby_proxy,mesh9,0,4,1,"[]",0,0,0,0,0,0,0.5,2971,2424
5395,538.679,ga_tcheby_proxy,mesh9,5,2,0,"[5-2]",1,20,1.59654,0.975,0.673469,1,0.5,2972,2424
5396,538.784,ga_tcheby_proxy,mesh9,1,2,0,"[1-2]",1,22,1.61449,0.97,0.655914,1,0.5,2973,2424
5397,538.883,ga_tcheby_proxy,mesh9,5,1,0,"[5-4-1]",2,42,3.21103,0.97,0.673469,2,0.5,2974,2424
5398,538.932,ga_tcheby_proxy,mesh9,8,1,1,"[]",0,0,0,0,0,0,0.5,2974,2425
5399,539.028,ga_tcheby_proxy,mesh9,5,4,0,"[5-4]",1,22,1.61449,0.97,0.663158,1,0.5,2975,2425
5400,539.464,ga_tcheby_proxy,mesh9,1,3,0,"[1-0-3]",2,42,3.21103,0.97,0.659574,2,0.5,2976,2425
5401,539.614,ga_tcheby_proxy,mesh9,5,6,0,"[5-8-7-6]",3,64,4.82552,0.97,0.661376,3,0.5,2977,2425
5402,539.633,ga_tcheby_proxy,mesh9,7,5,1,"[]",0,0,0,0,0,0,0.5,2977,2426
5403,539.722,ga_tcheby_proxy,mesh9,0,2,0,"[0-1-2]",2,44,3.22898,0.97,0.656836,2,0.5,2978,2426
5404,539.767,ga_tcheby_proxy,mesh9,7,3,1,"[]",0,0,0,0,0,0,0.5,2978,2427
5405,540.071,ga_tcheby_proxy,mesh9,7,3,0,"[7-6-3]",2,42,3.21103,0.97,0.671795,2,0.5,2979,2427
5406,540.105,ga_tcheby_proxy,mesh9,1,4,1,"[]",0,0,0,0,0,0,0.5,2979,2428
5407,540.174,ga_tcheby_proxy,mesh9,5,8,0,"[5-8]",1,20,1.59654,0.975,0.662269,1,0.5,2980,2428
5408,540.218,ga_tcheby_proxy,mesh9,1,4,1,"[]",0,0,0,0,0,0,0.5,2980,2429
5409,540.224,ga_tcheby_proxy,mesh9,0,1,1,"[]",0,0,0,0,0,0,0.5,2980,2430
5410,540.311,ga_tcheby_proxy,mesh9,6,5,0,"[6-7-4-5]",3,64,4.82552,0.97,0.672634,3,0.5,2981,2430
5411,540.315,ga_tcheby_proxy,mesh9,6,0,0,"[6-3-0]",2,40,3.41154,0.909615,0.676093,2,0.5,2982,2430
5412,540.336,ga_tcheby_proxy,mesh9,7,8,1,"[]",0,0,0,0,0,0,0.5,2982,2431
5413,540.408,ga_tcheby_proxy,mesh9,0,8,0,"[0-3-6-7-8]",4,84,6.52469,0.909624,0.668394,4,0.5,2983,2431
5414,540.534,ga_tcheby_proxy,mesh9,7,2,0,"[7-8-5-2]",3,62,4.80756,0.97,0.6743,3,0.5,2984,2431
5415,540.617,ga_tcheby_proxy,mesh9,6,8,0,"[6-7-8]",2,44,3.24795,0.958247,0.668394,2,0.5,2985,2431
5416,540.786,ga_tcheby_proxy,mesh9,7,2,0,"[7-4-1-2]",3,62,4.80756,0.97,0.6743,3,0.5,2986,2431
5417,540.811,ga_tcheby_proxy,mesh9,2,6,1,"[]",0,0,0,0,0,0,0.5,2986,2432
5418,540.869,ga_tcheby_proxy,mesh9,0,8,1,"[]",0,0,0,0,0,0,0.5,2986,2433
5419,540.991,ga_tcheby_proxy,mesh9,7,6,0,"[7-6]",1,22,1.61449,0.97,0.643454,1,0.5,2987,2433
5420,541.07,ga_tcheby_proxy,mesh9,1,0,0,"[1-4-3-0]",3,62,4.80756,0.97,0.6743,3,0.5,2988,2433
5421,541.207,ga_tcheby_proxy,mesh9,3,2,0,"[3-4-5-2]",3,64,4.82552,0.97,0.675127,3,0.5,2989,2433
5422,541.24,ga_tcheby_proxy,mesh9,8,0,1,"[]",0,0,0,0,0,0,0.5,2989,2434
5423,541.968,ga_tcheby_proxy,mesh9,4,3,0,"[4-3]",1,22,1.61449,0.97,0.656836,1,0.5,2990,2434
5424,542.128,ga_tcheby_proxy,mesh9,8,0,0,"[8-7-4-1-0]",4,84,6.42205,0.97,0.675127,4,0.5,2991,2434
5425,542.331,ga_tcheby_proxy,mesh9,4,8,0,"[4-7-8]",2,42,3.21103,0.97,0.669251,2,0.5,2992,2434
5426,542.44,ga_tcheby_proxy,mesh9,6,8,0,"[6-7-8]",2,44,3.22898,0.97,0.670103,2,0.5,2993,2434
5427,542.444,ga_tcheby_proxy,mesh9,1,0,0,"[1-0]",1,22,1.70852,0.914504,0.666667,1,0.5,2994,2434
5428,542.467,ga_tcheby_proxy,mesh9,6,0,1,"[]",0,0,0,0,0,0,0.5,2994,2435
5429,542.694,ga_tcheby_proxy,mesh9,0,8,0,"[0-1-2-5-8]",4,84,6.42205,0.97,0.664921,4,0.5,2995,2435
5430,542.706,ga_tcheby_proxy,mesh9,4,7,1,"[]",0,0,0,0,0,0,0.5,2995,2436
5431,542.734,ga_tcheby_proxy,mesh9,5,6,1,"[]",0,0,0,0,0,0,0.5,2995,2437
5432,542.856,ga_tcheby_proxy,mesh9,0,3,0,"[0-3]",1,20,1.59654,0.975,0.652174,1,0.5,2996,2437
5433,542.886,ga_tcheby_proxy,mesh9,8,1,1,"[]",0,0,0,0,0,0,0.5,2996,2438
5434,542.956,ga_tcheby_proxy,mesh9,0,8,1,"[]",0,0,0,0,0,0,0.5,2996,2439
5435,543.04,ga_tcheby_proxy,mesh9,0,6,0,"[0-3-6]",2,40,3.19307,0.975,0.669251,2,0.5,2997,2439
5436,543.129,ga_tcheby_proxy,mesh9,3,0,0,"[3-0]",1,20,1.59654,0.975,0.675127,1,0.5,2998,2439
5437,543.183,ga_tcheby_proxy,mesh9,8,1,1,"[]",0,0,0,0,0,0,0.5,2998,2440
5438,543.207,ga_tcheby_proxy,mesh9,8,2,1,"[]",0,0,0,0,0,0,0.5,2998,2441
5439,543.6,ga_tcheby_proxy,mesh9,4,6,0,"[4-7-6]",2,42,3.21103,0.97,0.665796,2,0.5,2999,2441
5440,544.099,ga_tcheby_proxy,mesh9,1,3,0,"[1-0-3]",2,42,3.21103,0.97,0.662269,2,0.5,3000,2441
5441,544.217,ga_tcheby_proxy,mesh9,6,1,0,"[6-3-4-1]",3,62,4.80756,0.97,0.675949,3,0.5,3001,2441
5442,544.322,ga_tcheby_proxy,mesh9,7,4,0,"[7-4]",1,20,1.59654,0.975,0.675127,1,0.5,3002,2441
5443,544.359,ga_tcheby_proxy,mesh9,2,0,1,"[]",0,0,0,0,0,0,0.5,3002,2442
5444,544.413,ga_tcheby_proxy,mesh9,0,7,1,"[]",0,0,0,0,0,0,0.5,3002,2443
5445,544.439,ga_tcheby_proxy,mesh9,4,6,1,"[]",0,0,0,0,0,0,0.5,3002,2444
5446,544.583,ga_tcheby_proxy,mesh9,7,1,0,"[7-4-1]",2,40,3.19307,0.975,0.676768,2,0.5,3003,2444
5447,544.626,ga_tcheby_proxy,mesh9,2,4,1,"[]",0,0,0,0,0,0,0.5,3003,2445
5448,544.678,ga_tcheby_proxy,mesh9,2,4,1,"[]",0,0,0,0,0,0,0.5,3003,2446
5449,544.865,ga_tcheby_proxy,mesh9,4,1,0,"[4-1]",1,20,1.59654,0.975,0.677582,1,0.5,3004,2446
5450,544.868,ga_tcheby_proxy,mesh9,4,5,0,"[4-5]",1,22,1.67899,0.931308,0.677922,1,0.5,3005,2446
5451,544.877,ga_tcheby_proxy,mesh9,2,0,1,"[]",0,0,0,0,0,0,0.5,3005,2447
5452,544.879,ga_tcheby_proxy,mesh9,3,7,1,"[]",0,0,0,0,0,0,0.5,3005,2448
5453,545.065,ga_tcheby_proxy,mesh9,6,4,0,"[6-3-4]",2,42,3.21103,0.97,0.6743,2,0.5,3006,2448
5454,545.077,ga_tcheby_proxy,mesh9,3,1,1,"[]",0,0,0,0,0,0,0.5,3006,2449
5455,545.216,ga_tcheby_proxy,mesh9,8,3,0,"[8-5-4-3]",3,64,4.82552,0.97,0.673469,3,0.5,3007,2449
5456,545.276,ga_tcheby_proxy,mesh9,8,0,1,"[]",0,0,0,0,0,0,0.5,3007,2450
5457,545.46,ga_tcheby_proxy,mesh9,8,5,0,"[8-5]",1,20,1.59654,0.975,0.6743,1,0.5,3008,2450
5458,545.622,ga_tcheby_proxy,mesh9,7,0,0,"[7-6-3-0]",3,62,4.80756,0.97,0.675949,3,0.5,3009,2450
5459,545.801,ga_tcheby_proxy,mesh9,4,6,0,"[4-7-6]",2,42,3.21103,0.97,0.666667,2,0.5,3010,2450
5460,545.814,ga_tcheby_proxy,mesh9,6,2,1,"[]",0,0,0,0,0,0,0.5,3010,2451
5461,546.05,ga_tcheby_proxy,mesh9,4,6,0,"[4-7-6]",2,42,3.21103,0.97,0.667532,2,0.5,3011,2451
5462,546.19,ga_tcheby_proxy,mesh9,2,0,0,"[2-1-0]",2,44,3.22898,0.97,0.663158,2,0.5,3012,2451
5463,546.278,ga_tcheby_proxy,mesh9,3,0,0,"[3-0]",1,20,1.59654,0.975,0.676768,1,0.5,3013,2451
5464,546.604,ga_tcheby_proxy,mesh9,3,6,0,"[3-6]",1,20,1.59654,0.975,0.670103,1,0.5,3014,2451
5465,546.639,ga_tcheby_proxy,mesh9,0,1,1,"[]",0,0,0,0,0,0,0.5,3014,2452
5466,546.75,ga_tcheby_proxy,mesh9,6,5,0,"[6-7-8-5]",3,64,4.82552,0.97,0.675127,3,0.5,3015,2452
5467,546.759,ga_tcheby_proxy,mesh9,5,4,1,"[]",0,0,0,0,0,0,0.5,3015,2453
5468,546.917,ga_tcheby_proxy,mesh9,3,4,0,"[3-4]",1,22,1.61449,0.97,0.668394,1,0.5,3016,2453
5469,546.934,ga_tcheby_proxy,mesh9,3,7,1,"[]",0,0,0,0,0,0,0.5,3016,2454
5470,547.01,ga_tcheby_proxy,mesh9,4,2,0,"[4-5-2]",2,42,3.21103,0.97,0.675949,2,0.5,3017,2454
5471,547.048,ga_tcheby_proxy,mesh9,6,0,1,"[]",0,0,0,0,0,0,0.5,3017,2455
5472,547.049,ga_tcheby_proxy,mesh9,3,2,1,"[]",0,0,0,0,0,0,0.5,3017,2456
5473,547.19,ga_tcheby_proxy,mesh9,0,1,0,"[0-1]",1,22,1.61449,0.97,0.649315,1,0.5,3018,2456
5474,547.308,ga_tcheby_proxy,mesh9,0,3,0,"[0-3]",1,20,1.59654,0.975,0.654987,1,0.5,3019,2456
5475,547.349,ga_tcheby_proxy,mesh9,2,1,1,"[]",0,0,0,0,0,0,0.5,3019,2457
5476,547.487,ga_tcheby_proxy,mesh9,4,6,0,"[4-7-6]",2,42,3.21103,0.97,0.668394,2,0.5,3020,2457
5477,547.549,ga_tcheby_proxy,mesh9,7,4,0,"[7-4]",1,20,1.69981,0.913667,0.676768,1,0.5,3021,2457
5478,547.604,ga_tcheby_proxy,mesh9,5,2,1,"[]",0,0,0,0,0,0,0.5,3021,2458
5479,547.754,ga_tcheby_proxy,mesh9,7,0,0,"[7-4-3-0]",3,62,4.80756,0.97,0.677582,3,0.5,3022,2458
5480,547.897,ga_tcheby_proxy,mesh9,2,5,0,"[2-5]",1,20,1.59654,0.975,0.665796,1,0.5,3023,2458
5481,548.013,ga_tcheby_proxy,mesh9,8,3,0,"[8-7-6-3]",3,64,4.82552,0.97,0.675949,3,0.5,3024,2458
5482,548.277,ga_tcheby_proxy,mesh9,1,4,0,"[1-4]",1,20,1.59654,0.975,0.664042,1,0.5,3025,2458
5483,548.307,ga_tcheby_proxy,mesh9,1,6,1,"[]",0,0,0,0,0,0,0.5,3025,2459
5484,548.392,ga_tcheby_proxy,mesh9,3,0,0,"[3-0]",1,20,1.59654,0.975,0.678392,1,0.5,3026,2459
5485,548.399,ga_tcheby_proxy,mesh9,0,8,1,"[]",0,0,0,0,0,0,0.5,3026,2460
5486,548.433,ga_tcheby_proxy,mesh9,0,2,1,"[]",0,0,0,0,0,0,0.5,3026,2461
5487,548.507,ga_tcheby_proxy,mesh9,1,2,0,"[1-2]",1,22,1.61449,0.97,0.659574,1,0.5,3027,2461
5488,548.556,ga_tcheby_proxy,mesh9,0,1,1,"[]",0,0,0,0,0,0,0.5,3027,2462
5489,548.773,ga_tcheby_proxy,mesh9,5,2,0,"[5-2]",1,20,1.59654,0.975,0.676768,1,0.5,3028,2462
5490,548.826,ga_tcheby_proxy,mesh9,3,8,1,"[]",0,0,0,0,0,0,0.5,3028,2463
5491,548.83,ga_tcheby_proxy,mesh9,2,6,1,"[]",0,0,0,0,0,0,0.5,3028,2464
5492,548.853,ga_tcheby_proxy,mesh9,4,5,1,"[]",0,0,0,0,0,0,0.5,3028,2465
5493,549.097,ga_tcheby_proxy,mesh9,7,2,0,"[7-8-5-2]",3,62,4.80756,0.97,0.677582,3,0.5,3029,2465
5494,549.136,ga_tcheby_proxy,mesh9,3,7,1,"[]",0,0,0,0,0,0,0.5,3029,2466
5495,549.14,ga_tcheby_proxy,mesh9,5,7,1,"[]",0,0,0,0,0,0,0.5,3029,2467
5496,549.248,ga_tcheby_proxy,mesh9,1,3,0,"[1-0-3]",2,42,3.21103,0.97,0.664042,2,0.5,3030,2467
5497,549.354,ga_tcheby_proxy,mesh9,8,6,0,"[8-7-6]",2,44,3.22898,0.97,0.657754,2,0.5,3031,2467
5498,549.49,ga_tcheby_proxy,mesh9,3,1,0,"[3-4-1]",2,42,3.21103,0.97,0.678392,2,0.5,3032,2467
5499,549.526,ga_tcheby_proxy,mesh9,5,3,1,"[]",0,0,0,0,0,0,0.5,3032,2468
5500,549.571,ga_tcheby_proxy,mesh9,4,7,1,"[]",0,0,0,0,0,0,0.5,3032,2469
5501,549.593,ga_tcheby_proxy,mesh9,2,3,1,"[]",0,0,0,0,0,0,0.5,3032,2470
5502,549.621,ga_tcheby_proxy,mesh9,3,7,1,"[]",0,0,0,0,0,0,0.5,3032,2471
5503,549.687,ga_tcheby_proxy,mesh9,6,1,0,"[6-3-4-1]",3,62,4.89434,0.940493,0.679198,3,0.5,3033,2471
5504,549.778,ga_tcheby_proxy,mesh9,8,0,0,"[8-5-2-1-0]",4,84,6.42205,0.97,0.678392,4,0.5,3034,2471
5505,549.853,ga_tcheby_proxy,mesh9,0,1,0,"[0-1]",1,22,1.61449,0.97,0.650273,1,0.5,3035,2471
5506,549.908,ga_tcheby_proxy,mesh9,2,1,1,"[]",0,0,0,0,0,0,0.5,3035,2472
5507,549.928,ga_tcheby_proxy,mesh9,6,5,1,"[]",0,0,0,0,0,0,0.5,3035,2473
5508,549.963,ga_tcheby_proxy,mesh9,1,3,1,"[]",0,0,0,0,0,0,0.5,3035,2474
5509,549.993,ga_tcheby_proxy,mesh9,6,5,1,"[]",0,0,0,0,0,0,0.5,3035,2475
5510,549.999,ga_tcheby_proxy,mesh9,6,8,1,"[]",0,0,0,0,0,0,0.5,3035,2476
5511,550.033,ga_tcheby_proxy,mesh9,5,2,1,"[]",0,0,0,0,0,0,0.5,3035,2477
5512,550.058,ga_tcheby_proxy,mesh9,5,6,1,"[]",0,0,0,0,0,0,0.5,3035,2478
5513,550.12,ga_tcheby_proxy,mesh9,3,4,0,"[3-4]",1,22,1.73232,0.901322,0.670951,1,0.5,3036,2478
5514,550.132,ga_tcheby_proxy,mesh9,0,7,1,"[]",0,0,0,0,0,0,0.5,3036,2479
5515,550.143,ga_tcheby_proxy,mesh9,8,2,1,"[]",0,0,0,0,0,0,0.5,3036,2480
5516,550.283,ga_tcheby_proxy,mesh9,6,7,0,"[6-7]",1,22,1.61449,0.97,0.659574,1,0.5,3037,2480
5517,550.336,ga_tcheby_proxy,mesh9,6,5,1,"[]",0,0,0,0,0,0,0.5,3037,2481
5518,550.337,ga_tcheby_proxy,mesh9,4,7,1,"[]",0,0,0,0,0,0,0.5,3037,2482
5519,550.407,ga_tcheby_proxy,mesh9,0,5,0,"[0-1-4-5]",3,64,4.99586,0.924388,0.672634,3,0.5,3038,2482
5520,550.606,ga_tcheby_proxy,mesh9,2,6,0,"[2-5-8-7-6]",4,84,6.42205,0.97,0.666667,4,0.5,3039,2482
5521,550.687,ga_tcheby_proxy,mesh9,2,1,0,"[2-1]",1,22,1.62388,0.964147,0.664921,1,0.5,3040,2482
5522,550.856,ga_tcheby_proxy,mesh9,6,1,0,"[6-3-0-1]",3,62,4.80756,0.97,0.679198,3,0.5,3041,2482
5523,550.871,ga_tcheby_proxy,mesh9,7,0,1,"[]",0,0,0,0,0,0,0.5,3041,2483
5524,550.911,ga_tcheby_proxy,mesh9,1,7,1,"[]",0,0,0,0,0,0,0.5,3041,2484
5525,551.103,ga_tcheby_proxy,mesh9,8,2,0,"[8-5-2]",2,40,3.19307,0.975,0.679198,2,0.5,3042,2484
5526,551.137,ga_tcheby_proxy,mesh9,4,2,1,"[]",0,0,0,0,0,0,0.5,3042,2485
5527,551.137,ga_tcheby_proxy,mesh9,1,8,1,"[]",0,0,0,0,0,0,0.5,3042,2486
5528,551.216,ga_tcheby_proxy,mesh9,1,7,0,"[1-4-7]",2,40,3.19307,0.975,0.669251,2,0.5,3043,2486
5529,551.252,ga_tcheby_proxy,mesh9,5,3,1,"[]",0,0,0,0,0,0,0.5,3043,2487
5530,551.252,ga_tcheby_proxy,mesh9,3,0,1,"[]",0,0,0,0,0,0,0.5,3043,2488
5531,551.285,ga_tcheby_proxy,mesh9,1,8,1,"[]",0,0,0,0,0,0,0.5,3043,2489
5532,551.285,ga_tcheby_proxy,mesh9,7,0,1,"[]",0,0,0,0,0,0,0.5,3043,2490
5533,551.296,ga_tcheby_proxy,mesh9,8,6,1,"[]",0,0,0,0,0,0,0.5,3043,2491
5534,551.439,ga_tcheby_proxy,mesh9,3,0,0,"[3-0]",1,20,1.59654,0.975,0.68,1,0.5,3044,2491
5535,551.523,ga_tcheby_proxy,mesh9,3,1,0,"[3-4-1]",2,42,3.21103,0.97,0.68,2,0.5,3045,2491
5536,551.603,ga_tcheby_proxy,mesh9,1,7,0,"[1-4-7]",2,40,3.19307,0.975,0.670103,2,0.5,3046,2491
5537,551.783,ga_tcheby_proxy,mesh9,5,6,0,"[5-8-7-6]",3,64,4.82552,0.97,0.664921,3,0.5,3047,2491
5538,551.881,ga_tcheby_proxy,mesh9,6,0,0,"[6-3-0]",2,40,3.19307,0.975,0.680798,2,0.5,3048,2491
5539,551.898,ga_tcheby_proxy,mesh9,6,2,1,"[]",0,0,0,0,0,0,0.5,3048,2492
5540,551.914,ga_tcheby_proxy,mesh9,4,2,1,"[]",0,0,0,0,0,0,0.5,3048,2493
5541,552.104,ga_tcheby_proxy,mesh9,2,4,0,"[2-5-4]",2,42,3.21103,0.97,0.667532,2,0.5,3049,2493
5542,552.152,ga_tcheby_proxy,mesh9,8,7,1,"[]",0,0,0,0,0,0,0.5,3049,2494
5543,552.153,ga_tcheby_proxy,mesh9,6,5,1,"[]",0,0,0,0,0,0,0.5,3049,2495
5544,552.256,ga_tcheby_proxy,mesh9,0,6,0,"[0-3-6]",2,40,3.19307,0.975,0.670951,2,0.5,3050,2495
5545,552.275,ga_tcheby_proxy,mesh9,1,4,1,"[]",0,0,0,0,0,0,0.5,3050,2496
5546,552.34,ga_tcheby_proxy,mesh9,2,4,0,"[2-5-4]",2,42,3.38563,0.911163,0.668394,2,0.5,3051,2496
5547,552.398,ga_tcheby_proxy,mesh9,5,6,1,"[]",0,0,0,0,0,0,0.5,3051,2497
5548,552.499,ga_tcheby_proxy,mesh9,2,7,0,"[2-5-8-7]",3,62,4.80756,0.97,0.669251,3,0.5,3052,2497
5549,552.524,ga_tcheby_proxy,mesh9,1,6,1,"[]",0,0,0,0,0,0,0.5,3052,2498
5550,552.569,ga_tcheby_proxy,mesh9,0,6,1,"[]",0,0,0,0,0,0,0.5,3052,2499
5551,552.609,ga_tcheby_proxy,mesh9,5,8,1,"[]",0,0,0,0,0,0,0.5,3052,2500
5552,552.839,ga_tcheby_proxy,mesh9,6,4,0,"[6-7-4]",2,42,3.21103,0.97,0.678392,2,0.5,3053,2500
5553,552.905,ga_tcheby_proxy,mesh9,4,0,0,"[4-3-0]",2,42,3.32903,0.901228,0.681592,2,0.5,3054,2500
5554,552.915,ga_tcheby_proxy,mesh9,7,1,1,"[]",0,0,0,0,0,0,0.5,3054,2501
5555,552.949,ga_tcheby_proxy,mesh9,6,1,1,"[]",0,0,0,0,0,0,0.5,3054,2502
5556,552.997,ga_tcheby_proxy,mesh9,5,3,1,"[]",0,0,0,0,0,0,0.5,3054,2503
5557,553.026,ga_tcheby_proxy,mesh9,3,1,1,"[]",0,0,0,0,0,0,0.5,3054,2504
5558,553.07,ga_tcheby_proxy,mesh9,7,8,1,"[]",0,0,0,0,0,0,0.5,3054,2505
5559,553.092,ga_tcheby_proxy,mesh9,1,0,1,"[]",0,0,0,0,0,0,0.5,3054,2506
5560,553.147,ga_tcheby_proxy,mesh9,2,3,1,"[]",0,0,0,0,0,0,0.5,3054,2507
5561,553.184,ga_tcheby_proxy,mesh9,5,3,1,"[]",0,0,0,0,0,0,0.5,3054,2508
5562,553.337,ga_tcheby_proxy,mesh9,6,2,0,"[6-7-8-5-2]",4,84,6.42205,0.97,0.68,4,0.5,3055,2508
5563,553.586,ga_tcheby_proxy,mesh9,3,2,0,"[3-4-1-2]",3,64,4.82552,0.97,0.680798,3,0.5,3056,2508
5564,553.592,ga_tcheby_proxy,mesh9,8,0,1,"[]",0,0,0,0,0,0,0.5,3056,2509
5565,553.592,ga_tcheby_proxy,mesh9,6,2,1,"[]",0,0,0,0,0,0,0.5,3056,2510
5566,553.664,ga_tcheby_proxy,mesh9,0,1,0,"[0-1]",1,22,1.61449,0.97,0.653117,1,0.5,3057,2510
5567,553.665,ga_tcheby_proxy,mesh9,8,0,0,"[8-5-2-1-0]",4,84,6.48702,0.959862,0.6825,4,0.5,3058,2510
5568,553.716,ga_tcheby_proxy,mesh9,4,7,1,"[]",0,0,0,0,0,0,0.5,3058,2511
5569,553.96,ga_tcheby_proxy,mesh9,0,7,0,"[0-1-4-7]",3,62,4.80756,0.97,0.670951,3,0.5,3059,2511
5570,554.32,ga_tcheby_proxy,mesh9,7,6,0,"[7-6]",1,22,1.61449,0.97,0.653117,1,0.5,3060,2511
5571,554.325,ga_tcheby_proxy,mesh9,0,8,1,"[]",0,0,0,0,0,0,0.5,3060,2512
5572,554.406,ga_tcheby_proxy,mesh9,8,0,0,"[8-7-4-1-0]",4,84,6.42205,0.97,0.681592,4,0.5,3061,2512
5573,554.522,ga_tcheby_proxy,mesh9,6,1,0,"[6-7-4-1]",3,62,4.80756,0.97,0.682382,3,0.5,3062,2512
5574,554.535,ga_tcheby_proxy,mesh9,3,8,1,"[]",0,0,0,0,0,0,0.5,3062,2513
5575,554.58,ga_tcheby_proxy,mesh9,0,1,1,"[]",0,0,0,0,0,0,0.5,3062,2514
5576,554.858,ga_tcheby_proxy,mesh9,5,2,0,"[5-2]",1,20,1.59654,0.975,0.681592,1,0.5,3063,2514
5577,554.985,ga_tcheby_proxy,mesh9,1,4,0,"[1-4]",1,20,1.59654,0.975,0.668394,1,0.5,3064,2514
5578,555.089,ga_tcheby_proxy,mesh9,0,2,0,"[0-1-2]",2,44,3.22898,0.97,0.661376,2,0.5,3065,2514
5579,555.322,ga_tcheby_proxy,mesh9,4,0,0,"[4-3-0]",2,42,3.21103,0.97,0.682382,2,0.5,3066,2514
5580,555.322,ga_tcheby_proxy,mesh9,6,7,0,"[6-7]",1,22,1.6292,0.960861,0.663158,1,0.5,3067,2514
5581,555.339,ga_tcheby_proxy,mesh9,7,6,1,"[]",0,0,0,0,0,0,0.5,3067,2515
5582,555.348,ga_tcheby_proxy,mesh9,7,6,1,"[]",0,0,0,0,0,0,0.5,3067,2516
5583,555.518,ga_tcheby_proxy,mesh9,4,7,0,"[4-7]",1,20,1.59654,0.975,0.671795,1,0.5,3068,2516
5584,555.535,ga_tcheby_proxy,mesh9,2,1,1,"[]",0,0,0,0,0,0,0.5,3068,2517
5585,555.633,ga_tcheby_proxy,mesh9,8,2,0,"[8-5-2]",2,40,3.19307,0.975,0.682382,2,0.5,3069,2517
5586,555.703,ga_tcheby_proxy,mesh9,5,1,0,"[5-2-1]",2,42,3.21972,0.969525,0.683168,2,0.5,3070,2517
5587,556.007,ga_tcheby_proxy,mesh9,1,7,0,"[1-4-7]",2,40,3.19307,0.975,0.672634,2,0.5,3071,2517
5588,556.085,ga_tcheby_proxy,mesh9,4,3,0,"[4-3]",1,22,1.61449,0.97,0.661376,1,0.5,3072,2517
5589,556.141,ga_tcheby_proxy,mesh9,5,1,1,"[]",0,0,0,0,0,0,0.5,3072,2518
5590,556.153,ga_tcheby_proxy,mesh9,7,4,1,"[]",0,0,0,0,0,0,0.5,3072,2519
5591,556.27,ga_tcheby_proxy,mesh9,4,7,0,"[4-7]",1,20,1.59654,0.975,0.673469,1,0.5,3073,2519
5592,556.276,ga_tcheby_proxy,mesh9,7,6,1,"[]",0,0,0,0,0,0,0.5,3073,2520
5593,556.388,ga_tcheby_proxy,mesh9,8,4,0,"[8-7-4]",2,42,3.21103,0.97,0.680798,2,0.5,3074,2520
5594,556.472,ga_tcheby_proxy,mesh9,1,7,0,"[1-4-7]",2,40,3.19307,0.975,0.6743,2,0.5,3075,2520
5595,556.475,ga_tcheby_proxy,mesh9,0,4,0,"[0-3-4]",2,42,3.3922,0.916457,0.675192,2,0.5,3076,2520
5596,556.524,ga_tcheby_proxy,mesh9,2,6,1,"[]",0,0,0,0,0,0,0.5,3076,2521
5597,556.61,ga_tcheby_proxy,mesh9,7,2,0,"[7-4-1-2]",3,62,4.80756,0.97,0.683168,3,0.5,3077,2521
5598,556.616,ga_tcheby_proxy,mesh9,0,4,1,"[]",0,0,0,0,0,0,0.5,3077,2522
5599,556.679,ga_tcheby_proxy,mesh9,4,6,0,"[4-7-6]",2,42,3.33608,0.92627,0.675127,2,0.5,3078,2522
5600,556.734,ga_tcheby_proxy,mesh9,0,7,1,"[]",0,0,0,0,0,0,0.5,3078,2523
5601,556.737,ga_tcheby_proxy,mesh9,2,0,1,"[]",0,0,0,0,0,0,0.5,3078,2524
5602,556.762,ga_tcheby_proxy,mesh9,3,4,1,"[]",0,0,0,0,0,0,0.5,3078,2525
5603,556.778,ga_tcheby_proxy,mesh9,6,3,1,"[]",0,0,0,0,0,0,0.5,3078,2526
5604,556.778,ga_tcheby_proxy,mesh9,5,6,1,"[]",0,0,0,0,0,0,0.5,3078,2527
5605,556.996,ga_tcheby_proxy,mesh9,5,3,0,"[5-4-3]",2,44,3.22898,0.97,0.666667,2,0.5,3079,2527
5606,557.111,ga_tcheby_proxy,mesh9,7,4,0,"[7-4]",1,20,1.59654,0.975,0.682382,1,0.5,3080,2527
5607,557.137,ga_tcheby_proxy,mesh9,0,6,1,"[]",0,0,0,0,0,0,0.5,3080,2528
5608,557.169,ga_tcheby_proxy,mesh9,3,5,1,"[]",0,0,0,0,0,0,0.5,3080,2529
5609,557.254,ga_tcheby_proxy,mesh9,2,0,0,"[2-1-0]",2,44,3.22898,0.97,0.667532,2,0.5,3081,2529
5610,557.603,ga_tcheby_proxy,mesh9,7,1,0,"[7-4-1]",2,40,3.19307,0.975,0.683951,2,0.5,3082,2529
5611,557.827,ga_tcheby_proxy,mesh9,1,5,0,"[1-2-5]",2,42,3.21103,0.97,0.670103,2,0.5,3083,2529
5612,558.058,ga_tcheby_proxy,mesh9,0,2,0,"[0-1-2]",2,44,3.22898,0.97,0.664042,2,0.5,3084,2529
5613,558.07,ga_tcheby_proxy,mesh9,5,7,1,"[]",0,0,0,0,0,0,0.5,3084,2530
5614,558.188,ga_tcheby_proxy,mesh9,2,1,0,"[2-1]",1,22,1.61449,0.97,0.668394,1,0.5,3085,2530
5615,558.255,ga_tcheby_proxy,mesh9,5,2,0,"[5-2]",1,20,1.60504,0.969641,0.683951,1,0.5,3086,2530
5616,558.59,ga_tcheby_proxy,mesh9,2,0,0,"[2-1-0]",2,44,3.22898,0.97,0.669251,2,0.5,3087,2530
5617,558.614,ga_tcheby_proxy,mesh9,1,0,1,"[]",0,0,0,0,0,0,0.5,3087,2531
5618,558.636,ga_tcheby_proxy,mesh9,6,4,1,"[]",0,0,0,0,0,0,0.5,3087,2532
5619,558.648,ga_tcheby_proxy,mesh9,0,1,1,"[]",0,0,0,0,0,0,0.5,3087,2533
5620,558.801,ga_tcheby_proxy,mesh9,7,4,0,"[7-4]",1,20,1.59654,0.975,0.683951,1,0.5,3088,2533
5621,558.874,ga_tcheby_proxy,mesh9,2,7,0,"[2-5-8-7]",3,62,4.80756,0.97,0.670951,3,0.5,3089,2533
5622,559.008,ga_tcheby_proxy,mesh9,3,5,0,"[3-4-5]",2,44,3.22898,0.97,0.6743,2,0.5,3090,2533
5623,559.103,ga_tcheby_proxy,mesh9,5,7,0,"[5-8-7]",2,42,3.21103,0.97,0.667532,2,0.5,3091,2533
5624,559.339,ga_tcheby_proxy,mesh9,0,5,0,"[0-1-2-5]",3,64,4.82552,0.97,0.671795,3,0.5,3092,2533
5625,559.42,ga_tcheby_proxy,mesh9,5,7,0,"[5-8-7]",2,42,3.21103,0.97,0.668394,2,0.5,3093,2533
5626,559.516,ga_tcheby_proxy,mesh9,6,2,0,"[6-3-0-1-2]",4,84,6.42205,0.97,0.683168,4,0.5,3094,2533
5627,559.559,ga_tcheby_proxy,mesh9,1,0,1,"[]",0,0,0,0,0,0,0.5,3094,2534
5628,559.639,ga_tcheby_proxy,mesh9,2,7,0,"[2-5-8-7]",3,62,4.80756,0.97,0.672634,3,0.5,3095,2534
5629,559.728,ga_tcheby_proxy,mesh9,2,0,0,"[2-1-0]",2,44,3.22898,0.97,0.670103,2,0.5,3096,2534
5630,559.749,ga_tcheby_proxy,mesh9,3,4,1,"[]",0,0,0,0,0,0,0.5,3096,2535
5631,559.8,ga_tcheby_proxy,mesh9,2,8,1,"[]",0,0,0,0,0,0,0.5,3096,2536
5632,559.855,ga_tcheby_proxy,mesh9,1,0,1,"[]",0,0,0,0,0,0,0.5,3096,2537
5633,560.092,ga_tcheby_proxy,mesh9,8,0,0,"[8-5-4-3-0]",4,84,6.42205,0.97,0.683951,4,0.5,3097,2537
5634,560.148,ga_tcheby_proxy,mesh9,2,6,1,"[]",0,0,0,0,0,0,0.5,3097,2538
5635,560.186,ga_tcheby_proxy,mesh9,1,4,1,"[]",0,0,0,0,0,0,0.5,3097,2539
5636,560.251,ga_tcheby_proxy,mesh9,0,5,1,"[]",0,0,0,0,0,0,0.5,3097,2540
5637,560.523,ga_tcheby_proxy,mesh9,0,6,0,"[0-3-6]",2,40,3.19307,0.975,0.671795,2,0.5,3098,2540
5638,560.666,ga_tcheby_proxy,mesh9,6,1,0,"[6-3-0-1]",3,62,4.80756,0.97,0.684729,3,0.5,3099,2540
5639,560.706,ga_tcheby_proxy,mesh9,1,7,1,"[]",0,0,0,0,0,0,0.5,3099,2541
5640,560.717,ga_tcheby_proxy,mesh9,5,3,1,"[]",0,0,0,0,0,0,0.5,3099,2542
5641,560.729,ga_tcheby_proxy,mesh9,0,7,1,"[]",0,0,0,0,0,0,0.5,3099,2543
5642,560.826,ga_tcheby_proxy,mesh9,6,1,0,"[6-3-4-1]",3,62,4.80756,0.97,0.684729,3,0.5,3100,2543
5643,560.975,ga_tcheby_proxy,mesh9,0,2,0,"[0-1-2]",2,44,3.22898,0.97,0.666667,2,0.5,3101,2543
5644,561.004,ga_tcheby_proxy,mesh9,5,1,1,"[]",0,0,0,0,0,0,0.5,3101,2544
5645,561.06,ga_tcheby_proxy,mesh9,0,8,1,"[]",0,0,0,0,0,0,0.5,3101,2545
5646,561.098,ga_tcheby_proxy,mesh9,5,7,1,"[]",0,0,0,0,0,0,0.5,3101,2546
5647,561.146,ga_tcheby_proxy,mesh9,0,5,1,"[]",0,0,0,0,0,0,0.5,3101,2547
5648,561.155,ga_tcheby_proxy,mesh9,4,6,1,"[]",0,0,0,0,0,0,0.5,3101,2548
5649,561.223,ga_tcheby_proxy,mesh9,7,3,0,"[7-6-3]",2,42,3.21103,0.97,0.681592,2,0.5,3102,2548
5650,561.237,ga_tcheby_proxy,mesh9,7,1,1,"[]",0,0,0,0,0,0,0.5,3102,2549
5651,561.278,ga_tcheby_proxy,mesh9,5,2,1,"[]",0,0,0,0,0,0,0.5,3102,2550
5652,561.296,ga_tcheby_proxy,mesh9,1,2,1,"[]",0,0,0,0,0,0,0.5,3102,2551
5653,561.296,ga_tcheby_proxy,mesh9,2,0,1,"[]",0,0,0,0,0,0,0.5,3102,2552
5654,561.529,ga_tcheby_proxy,mesh9,5,2,0,"[5-2]",1,20,1.59654,0.975,0.684729,1,0.5,3103,2552
5655,561.631,ga_tcheby_proxy,mesh9,2,4,0,"[2-1-4]",2,42,3.21103,0.97,0.670951,2,0.5,3104,2552
5656,561.635,ga_tcheby_proxy,mesh9,3,5,0,"[3-4-1-2-5]",4,84,6.87515,0.903093,0.685504,4,0.5,3105,2552
5657,561.66,ga_tcheby_proxy,mesh9,3,7,1,"[]",0,0,0,0,0,0,0.5,3105,2553
5658,562.042,ga_tcheby_proxy,mesh9,4,2,0,"[4-5-2]",2,42,3.21103,0.97,0.685504,2,0.5,3106,2553
5659,562.172,ga_tcheby_proxy,mesh9,3,2,0,"[3-0-1-2]",3,64,4.82552,0.97,0.685504,3,0.5,3107,2553
5660,562.456,ga_tcheby_proxy,mesh9,4,5,0,"[4-5]",1,22,1.61449,0.97,0.675127,1,0.5,3108,2553
5661,562.507,ga_tcheby_proxy,mesh9,5,6,1,"[]",0,0,0,0,0,0,0.5,3108,2554
5662,562.578,ga_tcheby_proxy,mesh9,6,5,0,"[6-7-8-5]",3,64,5.05576,0.909653,0.681592,3,0.5,3109,2554
5663,562.742,ga_tcheby_proxy,mesh9,7,3,0,"[7-6-3]",2,42,3.21103,0.97,0.682382,2,0.5,3110,2554
5664,562.783,ga_tcheby_proxy,mesh9,4,3,1,"[]",0,0,0,0,0,0,0.5,3110,2555
5665,562.812,ga_tcheby_proxy,mesh9,8,7,1,"[]",0,0,0,0,0,0,0.5,3110,2556
5666,563.012,ga_tcheby_proxy,mesh9,8,6,0,"[8-7-6]",2,44,3.22898,0.97,0.666667,2,0.5,3111,2556
5667,563.062,ga_tcheby_proxy,mesh9,8,1,1,"[]",0,0,0,0,0,0,0.5,3111,2557
5668,563.09,ga_tcheby_proxy,mesh9,0,7,1,"[]",0,0,0,0,0,0,0.5,3111,2558
5669,563.301,ga_tcheby_proxy,mesh9,8,1,0,"[8-5-2-1]",3,62,4.80756,0.97,0.686275,3,0.5,3112,2558
5670,563.321,ga_tcheby_proxy,mesh9,1,5,1,"[]",0,0,0,0,0,0,0.5,3112,2559
5671,563.401,ga_tcheby_proxy,mesh9,8,5,0,"[8-5]",1,20,1.59654,0.975,0.683168,1,0.5,3113,2559
5672,563.426,ga_tcheby_proxy,mesh9,1,5,1,"[]",0,0,0,0,0,0,0.5,3113,2560
5673,563.43,ga_tcheby_proxy,mesh9,2,7,1,"[]",0,0,0,0,0,0,0.5,3113,2561
5674,563.549,ga_tcheby_proxy,mesh9,2,4,0,"[2-1-4]",2,42,3.21103,0.97,0.672634,2,0.5,3114,2561
5675,563.672,ga_tcheby_proxy,mesh9,1,0,0,"[1-0]",1,22,1.61449,0.97,0.670103,1,0.5,3115,2561
5676,563.714,ga_tcheby_proxy,mesh9,7,2,1,"[]",0,0,0,0,0,0,0.5,3115,2562
5677,563.733,ga_tcheby_proxy,mesh9,6,8,1,"[]",0,0,0,0,0,0,0.5,3115,2563
5678,563.875,ga_tcheby_proxy,mesh9,3,2,0,"[3-4-1-2]",3,64,4.82552,0.97,0.686275,3,0.5,3116,2563
5679,564.116,ga_tcheby_proxy,mesh9,2,1,0,"[2-1]",1,22,1.61449,0.97,0.673469,1,0.5,3117,2563
5680,564.138,ga_tcheby_proxy,mesh9,3,4,1,"[]",0,0,0,0,0,0,0.5,3117,2564
5681,564.266,ga_tcheby_proxy,mesh9,0,3,0,"[0-3]",1,20,1.59654,0.975,0.659574,1,0.5,3118,2564
5682,564.284,ga_tcheby_proxy,mesh9,8,6,1,"[]",0,0,0,0,0,0,0.5,3118,2565
5683,564.321,ga_tcheby_proxy,mesh9,7,4,1,"[]",0,0,0,0,0,0,0.5,3118,2566
5684,564.338,ga_tcheby_proxy,mesh9,6,0,1,"[]",0,0,0,0,0,0,0.5,3118,2567
5685,564.352,ga_tcheby_proxy,mesh9,6,8,1,"[]",0,0,0,0,0,0,0.5,3118,2568
5686,564.437,ga_tcheby_proxy,mesh9,4,5,0,"[4-5]",1,22,1.61449,0.97,0.675949,1,0.5,3119,2568
5687,564.5,ga_tcheby_proxy,mesh9,0,2,0,"[0-3-4-5-2]",4,84,6.74458,0.902662,0.687042,4,0.5,3120,2568
5688,564.606,ga_tcheby_proxy,mesh9,4,3,0,"[4-3]",1,22,1.61449,0.97,0.664042,1,0.5,3121,2568
5689,564.623,ga_tcheby_proxy,mesh9,2,0,1,"[]",0,0,0,0,0,0,0.5,3121,2569
5690,564.651,ga_tcheby_proxy,mesh9,5,6,1,"[]",0,0,0,0,0,0,0.5,3121,2570
5691,564.667,ga_tcheby_proxy,mesh9,4,6,1,"[]",0,0,0,0,0,0,0.5,3121,2571
5692,564.671,ga_tcheby_proxy,mesh9,3,0,1,"[]",0,0,0,0,0,0,0.5,3121,2572
5693,564.671,ga_tcheby_proxy,mesh9,7,1,1,"[]",0,0,0,0,0,0,0.5,3121,2573
5694,564.739,ga_tcheby_proxy,mesh9,7,3,0,"[7-4-3]",2,42,3.21103,0.97,0.684729,2,0.5,3122,2573
5695,564.808,ga_tcheby_proxy,mesh9,7,1,0,"[7-4-1]",2,40,3.19307,0.975,0.687042,2,0.5,3123,2573
5696,565.018,ga_tcheby_proxy,mesh9,7,6,0,"[7-6]",1,22,1.61449,0.97,0.657754,1,0.5,3124,2573
5697,565.325,ga_tcheby_proxy,mesh9,2,1,0,"[2-1]",1,22,1.61449,0.97,0.6743,1,0.5,3125,2573
5698,565.337,ga_tcheby_proxy,mesh9,5,4,1,"[]",0,0,0,0,0,0,0.5,3125,2574
5699,565.38,ga_tcheby_proxy,mesh9,4,7,1,"[]",0,0,0,0,0,0,0.5,3125,2575
5700,565.398,ga_tcheby_proxy,mesh9,8,2,1,"[]",0,0,0,0,0,0,0.5,3125,2576
5701,565.808,ga_tcheby_proxy,mesh9,3,6,0,"[3-6]",1,20,1.59654,0.975,0.672634,1,0.5,3126,2576
5702,565.837,ga_tcheby_proxy,mesh9,1,6,1,"[]",0,0,0,0,0,0,0.5,3126,2577
5703,565.84,ga_tcheby_proxy,mesh9,1,5,1,"[]",0,0,0,0,0,0,0.5,3126,2578
5704,565.843,ga_tcheby_proxy,mesh9,6,8,1,"[]",0,0,0,0,0,0,0.5,3126,2579
5705,565.973,ga_tcheby_proxy,mesh9,3,0,0,"[3-0]",1,20,1.59654,0.975,0.686275,1,0.5,3127,2579
5706,566.045,ga_tcheby_proxy,mesh9,5,4,0,"[5-4]",1,22,1.61449,0.97,0.668394,1,0.5,3128,2579
5707,566.202,ga_tcheby_proxy,mesh9,4,8,0,"[4-7-8]",2,42,3.21103,0.97,0.675949,2,0.5,3129,2579
5708,566.295,ga_tcheby_proxy,mesh9,4,7,0,"[4-7]",1,20,1.59654,0.975,0.676768,1,0.5,3130,2579
5709,566.32,ga_tcheby_proxy,mesh9,0,6,1,"[]",0,0,0,0,0,0,0.5,3130,2580
5710,566.366,ga_tcheby_proxy,mesh9,8,0,1,"[]",0,0,0,0,0,0,0.5,3130,2581
5711,566.383,ga_tcheby_proxy,mesh9,1,4,1,"[]",0,0,0,0,0,0,0.5,3130,2582
5712,566.528,ga_tcheby_proxy,mesh9,0,3,0,"[0-3]",1,20,1.59654,0.975,0.661376,1,0.5,3131,2582
5713,566.554,ga_tcheby_proxy,mesh9,0,8,1,"[]",0,0,0,0,0,0,0.5,3131,2583
5714,566.568,ga_tcheby_proxy,mesh9,6,5,1,"[]",0,0,0,0,0,0,0.5,3131,2584
5715,566.585,ga_tcheby_proxy,mesh9,4,3,1,"[]",0,0,0,0,0,0,0.5,3131,2585
5716,566.679,ga_tcheby_proxy,mesh9,4,5,0,"[4-5]",1,22,1.61449,0.97,0.677582,1,0.5,3132,2585
5717,566.681,ga_tcheby_proxy,mesh9,1,0,0,"[1-0]",1,22,1.65105,0.947633,0.67268,1,0.5,3133,2585
5718,566.768,ga_tcheby_proxy,mesh9,5,4,0,"[5-4]",1,22,1.61449,0.97,0.669251,1,0.5,3134,2585
5719,566.954,ga_tcheby_proxy,mesh9,5,3,0,"[5-4-3]",2,44,3.22898,0.97,0.670103,2,0.5,3135,2585
5720,566.955,ga_tcheby_proxy,mesh9,2,6,0,"[2-5-4-3-6]",4,84,6.59902,0.942526,0.67602,4,0.5,3136,2585
5721,567.004,ga_tcheby_proxy,mesh9,4,3,1,"[]",0,0,0,0,0,0,0.5,3136,2586
5722,567.147,ga_tcheby_proxy,mesh9,4,0,0,"[4-3-0]",2,42,3.21103,0.97,0.687042,2,0.5,3137,2586
5723,567.357,ga_tcheby_proxy,mesh9,0,1,0,"[0-1]",1,22,1.61449,0.97,0.661376,1,0.5,3138,2586
5724,567.49,ga_tcheby_proxy,mesh9,2,5,0,"[2-5]",1,20,1.59654,0.975,0.675127,1,0.5,3139,2586
5725,567.65,ga_tcheby_proxy,mesh9,4,2,0,"[4-1-2]",2,42,3.21103,0.97,0.687805,2,0.5,3140,2586
5726,567.651,ga_tcheby_proxy,mesh9,4,0,0,"[4-3-0]",2,42,3.23671,0.962105,0.689487,2,0.5,3141,2586
5727,567.916,ga_tcheby_proxy,mesh9,6,5,0,"[6-3-4-5]",3,64,4.82552,0.97,0.683168,3,0.5,3142,2586
5728,567.998,ga_tcheby_proxy,mesh9,3,1,0,"[3-4-1]",2,42,3.21103,0.97,0.688564,2,0.5,3143,2586
5729,568.053,ga_tcheby_proxy,mesh9,3,0,1,"[]",0,0,0,0,0,0,0.5,3143,2587
5730,568.132,ga_tcheby_proxy,mesh9,0,2,0,"[0-1-2]",2,44,3.22898,0.97,0.670951,2,0.5,3144,2587
5731,568.209,ga_tcheby_proxy,mesh9,2,4,0,"[2-5-4]",2,42,3.21103,0.97,0.675949,2,0.5,3145,2587
5732,568.44,ga_tcheby_proxy,mesh9,7,2,0,"[7-8-5-2]",3,62,4.80756,0.97,0.687805,3,0.5,3146,2587
5733,568.469,ga_tcheby_proxy,mesh9,7,5,1,"[]",0,0,0,0,0,0,0.5,3146,2588
5734,568.528,ga_tcheby_proxy,mesh9,6,1,1,"[]",0,0,0,0,0,0,0.5,3146,2589
5735,568.608,ga_tcheby_proxy,mesh9,8,7,0,"[8-7]",1,22,1.61449,0.97,0.667532,1,0.5,3147,2589
5736,568.743,ga_tcheby_proxy,mesh9,3,5,0,"[3-4-5]",2,44,3.22898,0.97,0.68,2,0.5,3148,2589
5737,569.114,ga_tcheby_proxy,mesh9,6,8,0,"[6-7-8]",2,44,3.22898,0.97,0.675949,2,0.5,3149,2589
5738,569.166,ga_tcheby_proxy,mesh9,4,2,1,"[]",0,0,0,0,0,0,0.5,3149,2590
5739,569.205,ga_tcheby_proxy,mesh9,5,6,1,"[]",0,0,0,0,0,0,0.5,3149,2591
5740,569.212,ga_tcheby_proxy,mesh9,4,8,1,"[]",0,0,0,0,0,0,0.5,3149,2592
5741,569.366,ga_tcheby_proxy,mesh9,1,7,0,"[1-4-7]",2,40,3.19307,0.975,0.677582,2,0.5,3150,2592
5742,569.502,ga_tcheby_proxy,mesh9,6,4,0,"[6-3-4]",2,42,3.21103,0.97,0.683951,2,0.5,3151,2592
5743,569.531,ga_tcheby_proxy,mesh9,3,8,1,"[]",0,0,0,0,0,0,0.5,3151,2593
5744,569.626,ga_tcheby_proxy,mesh9,2,1,0,"[2-1]",1,22,1.61449,0.97,0.675127,1,0.5,3152,2593
5745,569.686,ga_tcheby_proxy,mesh9,5,2,1,"[]",0,0,0,0,0,0,0.5,3152,2594
5746,569.721,ga_tcheby_proxy,mesh9,1,4,1,"[]",0,0,0,0,0,0,0.5,3152,2595
5747,569.787,ga_tcheby_proxy,mesh9,5,4,0,"[5-4]",1,22,1.66383,0.940006,0.672634,1,0.5,3153,2595
5748,569.938,ga_tcheby_proxy,mesh9,6,1,0,"[6-3-0-1]",3,62,4.80756,0.97,0.688564,3,0.5,3154,2595
5749,569.993,ga_tcheby_proxy,mesh9,3,1,1,"[]",0,0,0,0,0,0,0.5,3154,2596
5750,570.313,ga_tcheby_proxy,mesh9,2,7,0,"[2-5-8-7]",3,62,4.80756,0.97,0.676768,3,0.5,3155,2596
5751,570.412,ga_tcheby_proxy,mesh9,5,3,0,"[5-4-3]",2,44,3.22898,0.97,0.673469,2,0.5,3156,2596
5752,570.446,ga_tcheby_proxy,mesh9,7,5,1,"[]",0,0,0,0,0,0,0.5,3156,2597
5753,570.458,ga_tcheby_proxy,mesh9,2,7,1,"[]",0,0,0,0,0,0,0.5,3156,2598
5754,570.578,ga_tcheby_proxy,mesh9,6,7,0,"[6-7]",1,22,1.61449,0.97,0.665796,1,0.5,3157,2598
5755,570.746,ga_tcheby_proxy,mesh9,2,8,0,"[2-5-8]",2,40,3.19307,0.975,0.677582,2,0.5,3158,2598
5756,570.771,ga_tcheby_proxy,mesh9,4,8,1,"[]",0,0,0,0,0,0,0.5,3158,2599
5757,570.932,ga_tcheby_proxy,mesh9,1,2,0,"[1-2]",1,22,1.61449,0.97,0.671795,1,0.5,3159,2599
5758,571.079,ga_tcheby_proxy,mesh9,3,4,0,"[3-4]",1,22,1.61449,0.97,0.681592,1,0.5,3160,2599
5759,571.08,ga_tcheby_proxy,mesh9,2,5,0,"[2-5]",1,20,1.62156,0.959395,0.678392,1,0.5,3161,2599
5760,571.087,ga_tcheby_proxy,mesh9,5,7,1,"[]",0,0,0,0,0,0,0.5,3161,2600
5761,571.16,ga_tcheby_proxy,mesh9,8,6,0,"[8-7-6]",2,44,3.29692,0.92918,0.669251,2,0.5,3162,2600
5762,571.182,ga_tcheby_proxy,mesh9,1,0,1,"[]",0,0,0,0,0,0,0.5,3162,2601
5763,571.273,ga_tcheby_proxy,mesh9,3,4,0,"[3-4]",1,22,1.61449,0.97,0.682382,1,0.5,3163,2601
5764,571.405,ga_tcheby_proxy,mesh9,5,0,0,"[5-2-1-0]",3,64,4.82552,0.97,0.688564,3,0.5,3164,2601
5765,571.592,ga_tcheby_proxy,mesh9,1,6,0,"[1-0-3-6]",3,62,4.80756,0.97,0.6743,3,0.5,3165,2601
5766,571.699,ga_tcheby_proxy,mesh9,1,2,0,"[1-2]",1,22,1.61449,0.97,0.672634,1,0.5,3166,2601
5767,571.785,ga_tcheby_proxy,mesh9,3,4,0,"[3-4]",1,22,1.61449,0.97,0.683168,1,0.5,3167,2601
5768,571.854,ga_tcheby_proxy,mesh9,2,6,0,"[2-5-8-7-6]",4,84,6.54865,0.921289,0.679198,4,0.5,3168,2601
5769,571.949,ga_tcheby_proxy,mesh9,4,3,0,"[4-3]",1,22,1.61449,0.97,0.670103,1,0.5,3169,2601
5770,572.089,ga_tcheby_proxy,mesh9,2,6,0,"[2-1-0-3-6]",4,84,6.42205,0.97,0.676768,4,0.5,3170,2601
5771,572.214,ga_tcheby_proxy,mesh9,7,0,0,"[7-4-1-0]",3,62,4.80756,0.97,0.68932,3,0.5,3171,2601
5772,572.309,ga_tcheby_proxy,mesh9,3,6,0,"[3-6]",1,20,1.59654,0.975,0.675949,1,0.5,3172,2601
5773,572.356,ga_tcheby_proxy,mesh9,3,1,1,"[]",0,0,0,0,0,0,0.5,3172,2602
5774,572.462,ga_tcheby_proxy,mesh9,0,8,0,"[0-3-6-7-8]",4,84,6.42205,0.97,0.676768,4,0.5,3173,2602
5775,572.71,ga_tcheby_proxy,mesh9,3,8,0,"[3-6-7-8]",3,64,4.82552,0.97,0.677582,3,0.5,3174,2602
5776,572.716,ga_tcheby_proxy,mesh9,7,3,1,"[]",0,0,0,0,0,0,0.5,3174,2603
5777,572.754,ga_tcheby_proxy,mesh9,8,3,1,"[]",0,0,0,0,0,0,0.5,3174,2604
5778,573.281,ga_tcheby_proxy,mesh9,4,6,0,"[4-3-6]",2,42,3.21103,0.97,0.678392,2,0.5,3175,2604
5779,573.327,ga_tcheby_proxy,mesh9,1,5,1,"[]",0,0,0,0,0,0,0.5,3175,2605
5780,573.345,ga_tcheby_proxy,mesh9,4,5,1,"[]",0,0,0,0,0,0,0.5,3175,2606
5781,573.371,ga_tcheby_proxy,mesh9,0,2,1,"[]",0,0,0,0,0,0,0.5,3175,2607
5782,573.382,ga_tcheby_proxy,mesh9,7,2,1,"[]",0,0,0,0,0,0,0.5,3175,2608
5783,573.505,ga_tcheby_proxy,mesh9,5,1,0,"[5-2-1]",2,42,3.21103,0.97,0.68932,2,0.5,3176,2608
5784,573.885,ga_tcheby_proxy,mesh9,2,1,0,"[2-1]",1,22,1.61449,0.97,0.678392,1,0.5,3177,2608
5785,574.125,ga_tcheby_proxy,mesh9,6,0,0,"[6-3-0]",2,40,3.19307,0.975,0.68932,2,0.5,3178,2608
5786,574.131,ga_tcheby_proxy,mesh9,6,2,1,"[]",0,0,0,0,0,0,0.5,3178,2609
5787,574.2,ga_tcheby_proxy,mesh9,7,4,0,"[7-4]",1,20,1.67085,0.930071,0.687042,1,0.5,3179,2609
5788,574.302,ga_tcheby_proxy,mesh9,1,6,0,"[1-4-7-6]",3,62,4.80756,0.97,0.678392,3,0.5,3180,2609
5789,574.438,ga_tcheby_proxy,mesh9,7,6,0,"[7-6]",1,22,1.61449,0.97,0.661376,1,0.5,3181,2609
5790,574.468,ga_tcheby_proxy,mesh9,4,1,1,"[]",0,0,0,0,0,0,0.5,3181,2610
5791,574.878,ga_tcheby_proxy,mesh9,8,1,0,"[8-5-2-1]",3,62,4.80756,0.97,0.690073,3,0.5,3182,2610
5792,575.066,ga_tcheby_proxy,mesh9,2,0,0,"[2-1-0]",2,44,3.22898,0.97,0.68,2,0.5,3183,2610
5793,575.118,ga_tcheby_proxy,mesh9,4,8,1,"[]",0,0,0,0,0,0,0.5,3183,2611
5794,575.127,ga_tcheby_proxy,mesh9,5,2,1,"[]",0,0,0,0,0,0,0.5,3183,2612
5795,575.32,ga_tcheby_proxy,mesh9,3,0,0,"[3-0]",1,20,1.59654,0.975,0.690073,1,0.5,3184,2612
5796,575.415,ga_tcheby_proxy,mesh9,0,8,0,"[0-1-4-7-8]",4,84,6.42205,0.97,0.679198,4,0.5,3185,2612
5797,575.441,ga_tcheby_proxy,mesh9,7,1,1,"[]",0,0,0,0,0,0,0.5,3185,2613
5798,575.474,ga_tcheby_proxy,mesh9,3,6,1,"[]",0,0,0,0,0,0,0.5,3185,2614
5799,575.561,ga_tcheby_proxy,mesh9,0,3,0,"[0-3]",1,20,1.59654,0.975,0.664921,1,0.5,3186,2614
5800,575.584,ga_tcheby_proxy,mesh9,8,5,1,"[]",0,0,0,0,0,0,0.5,3186,2615
5801,575.678,ga_tcheby_proxy,mesh9,8,1,0,"[8-5-4-1]",3,62,4.80756,0.97,0.690073,3,0.5,3187,2615
5802,575.781,ga_tcheby_proxy,mesh9,1,0,0,"[1-0]",1,22,1.61449,0.97,0.675949,1,0.5,3188,2615
5803,575.87,ga_tcheby_proxy,mesh9,5,0,0,"[5-4-1-0]",3,64,4.82552,0.97,0.690821,3,0.5,3189,2615
5804,576.171,ga_tcheby_proxy,mesh9,1,2,0,"[1-2]",1,22,1.61449,0.97,0.673469,1,0.5,3190,2615
5805,576.176,ga_tcheby_proxy,mesh9,2,3,1,"[]",0,0,0,0,0,0,0.5,3190,2616
5806,576.519,ga_tcheby_proxy,mesh9,4,3,0,"[4-3]",1,22,1.61449,0.97,0.671795,1,0.5,3191,2616
5807,576.584,ga_tcheby_proxy,mesh9,2,6,1,"[]",0,0,0,0,0,0,0.5,3191,2617
5808,576.668,ga_tcheby_proxy,mesh9,4,3,0,"[4-3]",1,22,1.61449,0.97,0.672634,1,0.5,3192,2617
5809,576.823,ga_tcheby_proxy,mesh9,0,6,0,"[0-3-6]",2,40,3.19307,0.975,0.679198,2,0.5,3193,2617
5810,576.981,ga_tcheby_proxy,mesh9,0,8,0,"[0-3-6-7-8]",4,84,6.42205,0.97,0.68,4,0.5,3194,2617
5811,577.075,ga_tcheby_proxy,mesh9,7,3,0,"[7-6-3]",2,42,3.21103,0.97,0.686275,2,0.5,3195,2617
5812,577.276,ga_tcheby_proxy,mesh9,4,7,0,"[4-7]",1,20,1.59654,0.975,0.68,1,0.5,3196,2617
5813,577.453,ga_tcheby_proxy,mesh9,6,7,0,"[6-7]",1,22,1.61449,0.97,0.669251,1,0.5,3197,2617
5814,577.455,ga_tcheby_proxy,mesh9,0,4,0,"[0-1-4]",2,42,3.34071,0.930631,0.676845,2,0.5,3198,2617
5815,577.492,ga_tcheby_proxy,mesh9,7,2,1,"[]",0,0,0,0,0,0,0.5,3198,2618
5816,577.513,ga_tcheby_proxy,mesh9,5,2,1,"[]",0,0,0,0,0,0,0.5,3198,2619
5817,577.708,ga_tcheby_proxy,mesh9,7,3,0,"[7-6-3]",2,42,3.21103,0.97,0.687042,2,0.5,3199,2619
5818,577.743,ga_tcheby_proxy,mesh9,5,1,1,"[]",0,0,0,0,0,0,0.5,3199,2620
5819,577.77,ga_tcheby_proxy,mesh9,2,7,1,"[]",0,0,0,0,0,0,0.5,3199,2621
5820,577.875,ga_tcheby_proxy,mesh9,1,5,0,"[1-2-5]",2,42,3.21103,0.97,0.68,2,0.5,3200,2621
5821,578.014,ga_tcheby_proxy,mesh9,0,1,0,"[0-1]",1,22,1.61449,0.97,0.665796,1,0.5,3201,2621
5822,578.095,ga_tcheby_proxy,mesh9,0,8,0,"[0-3-6-7-8]",4,84,6.46968,0.945725,0.680798,4,0.5,3202,2621
5823,578.097,ga_tcheby_proxy,mesh9,8,4,0,"[8-7-4]",2,42,3.3269,0.934765,0.687805,2,0.5,3203,2621
5824,578.1,ga_tcheby_proxy,mesh9,4,0,1,"[]",0,0,0,0,0,0,0.5,3203,2622
5825,578.177,ga_tcheby_proxy,mesh9,7,2,0,"[7-4-5-2]",3,62,4.80756,0.97,0.690821,3,0.5,3204,2622
5826,578.411,ga_tcheby_proxy,mesh9,7,1,0,"[7-4-1]",2,40,3.19307,0.975,0.691566,2,0.5,3205,2622
5827,578.602,ga_tcheby_proxy,mesh9,5,2,0,"[5-2]",1,20,1.59654,0.975,0.691566,1,0.5,3206,2622
5828,578.635,ga_tcheby_proxy,mesh9,4,6,1,"[]",0,0,0,0,0,0,0.5,3206,2623
5829,578.927,ga_tcheby_proxy,mesh9,2,5,0,"[2-5]",1,20,1.59654,0.975,0.680798,1,0.5,3207,2623
5830,578.93,ga_tcheby_proxy,mesh9,5,2,0,"[5-2]",1,20,1.67947,0.925165,0.693976,1,0.5,3208,2623
5831,579.01,ga_tcheby_proxy,mesh9,5,7,0,"[5-8-7]",2,42,3.21103,0.97,0.672634,2,0.5,3209,2623
5832,579.061,ga_tcheby_proxy,mesh9,3,0,1,"[]",0,0,0,0,0,0,0.5,3209,2624
5833,579.089,ga_tcheby_proxy,mesh9,0,7,1,"[]",0,0,0,0,0,0,0.5,3209,2625
5834,579.251,ga_tcheby_proxy,mesh9,7,5,0,"[7-8-5]",2,42,3.21103,0.97,0.686275,2,0.5,3210,2625
5835,579.264,ga_tcheby_proxy,mesh9,1,0,1,"[]",0,0,0,0,0,0,0.5,3210,2626
5836,579.447,ga_tcheby_proxy,mesh9,6,2,0,"[6-3-0-1-2]",4,84,6.42205,0.97,0.690821,4,0.5,3211,2626
5837,579.541,ga_tcheby_proxy,mesh9,7,3,0,"[7-6-3]",2,42,3.21103,0.97,0.688564,2,0.5,3212,2626
5838,579.584,ga_tcheby_proxy,mesh9,3,0,1,"[]",0,0,0,0,0,0,0.5,3212,2627
5839,579.857,ga_tcheby_proxy,mesh9,4,3,0,"[4-3]",1,22,1.61449,0.97,0.673469,1,0.5,3213,2627
5840,579.922,ga_tcheby_proxy,mesh9,0,5,1,"[]",0,0,0,0,0,0,0.5,3213,2628
5841,580.062,ga_tcheby_proxy,mesh9,4,6,0,"[4-7-6]",2,42,3.21103,0.97,0.680798,2,0.5,3214,2628
5842,580.145,ga_tcheby_proxy,mesh9,6,8,0,"[6-7-8]",2,44,3.22898,0.97,0.681592,2,0.5,3215,2628
5843,580.195,ga_tcheby_proxy,mesh9,4,8,1,"[]",0,0,0,0,0,0,0.5,3215,2629
5844,580.251,ga_tcheby_proxy,mesh9,4,2,1,"[]",0,0,0,0,0,0,0.5,3215,2630
5845,580.277,ga_tcheby_proxy,mesh9,8,6,1,"[]",0,0,0,0,0,0,0.5,3215,2631
5846,580.325,ga_tcheby_proxy,mesh9,5,4,1,"[]",0,0,0,0,0,0,0.5,3215,2632
5847,580.341,ga_tcheby_proxy,mesh9,6,3,1,"[]",0,0,0,0,0,0,0.5,3215,2633
5848,580.571,ga_tcheby_proxy,mesh9,3,4,0,"[3-4]",1,22,1.61449,0.97,0.683951,1,0.5,3216,2633
5849,580.695,ga_tcheby_proxy,mesh9,1,0,0,"[1-0]",1,22,1.61449,0.97,0.677582,1,0.5,3217,2633
5850,580.907,ga_tcheby_proxy,mesh9,6,1,0,"[6-3-0-1]",3,62,4.80756,0.97,0.691566,3,0.5,3218,2633
5851,580.958,ga_tcheby_proxy,mesh9,8,0,1,"[]",0,0,0,0,0,0,0.5,3218,2634
5852,580.976,ga_tcheby_proxy,mesh9,8,7,1,"[]",0,0,0,0,0,0,0.5,3218,2635
5853,580.977,ga_tcheby_proxy,mesh9,0,2,1,"[]",0,0,0,0,0,0,0.5,3218,2636
5854,580.993,ga_tcheby_proxy,mesh9,0,5,1,"[]",0,0,0,0,0,0,0.5,3218,2637
5855,581.038,ga_tcheby_proxy,mesh9,8,0,1,"[]",0,0,0,0,0,0,0.5,3218,2638
5856,581.183,ga_tcheby_proxy,mesh9,5,6,0,"[5-8-7-6]",3,64,4.82552,0.97,0.673469,3,0.5,3219,2638
5857,581.211,ga_tcheby_proxy,mesh9,0,6,1,"[]",0,0,0,0,0,0,0.5,3219,2639
5858,581.427,ga_tcheby_proxy,mesh9,6,0,0,"[6-3-0]",2,40,3.19307,0.975,0.692308,2,0.5,3220,2639
5859,581.441,ga_tcheby_proxy,mesh9,0,7,1,"[]",0,0,0,0,0,0,0.5,3220,2640
5860,581.556,ga_tcheby_proxy,mesh9,2,4,0,"[2-1-4]",2,42,3.21103,0.97,0.680798,2,0.5,3221,2640
5861,581.856,ga_tcheby_proxy,mesh9,8,2,0,"[8-5-2]",2,40,3.19307,0.975,0.693046,2,0.5,3222,2640
5862,581.965,ga_tcheby_proxy,mesh9,5,4,0,"[5-4]",1,22,1.61449,0.97,0.675949,1,0.5,3223,2640
5863,582.207,ga_tcheby_proxy,mesh9,6,0,0,"[6-3-0]",2,40,3.19307,0.975,0.693046,2,0.5,3224,2640
5864,582.209,ga_tcheby_proxy,mesh9,8,4,0,"[8-5-4]",2,42,3.36057,0.924439,0.687805,2,0.5,3225,2640
5865,582.329,ga_tcheby_proxy,mesh9,1,0,0,"[1-0]",1,22,1.61449,0.97,0.678392,1,0.5,3226,2640
5866,582.46,ga_tcheby_proxy,mesh9,7,2,0,"[7-4-1-2]",3,62,4.80756,0.97,0.692308,3,0.5,3227,2640
5867,582.566,ga_tcheby_proxy,mesh9,5,1,0,"[5-4-1]",2,42,3.21103,0.97,0.693046,2,0.5,3228,2640
5868,582.591,ga_tcheby_proxy,mesh9,5,7,1,"[]",0,0,0,0,0,0,0.5,3228,2641
5869,582.602,ga_tcheby_proxy,mesh9,0,2,1,"[]",0,0,0,0,0,0,0.5,3228,2642
5870,582.655,ga_tcheby_proxy,mesh9,6,8,1,"[]",0,0,0,0,0,0,0.5,3228,2643
5871,583.144,ga_tcheby_proxy,mesh9,1,0,0,"[1-0]",1,22,1.61449,0.97,0.679198,1,0.5,3229,2643
5872,583.151,ga_tcheby_proxy,mesh9,8,3,1,"[]",0,0,0,0,0,0,0.5,3229,2644
5873,583.334,ga_tcheby_proxy,mesh9,1,2,0,"[1-2]",1,22,1.61449,0.97,0.676768,1,0.5,3230,2644
5874,583.409,ga_tcheby_proxy,mesh9,6,2,0,"[6-7-8-5-2]",4,84,6.42205,0.97,0.69378,4,0.5,3231,2644
5875,583.513,ga_tcheby_proxy,mesh9,6,1,0,"[6-7-4-1]",3,62,4.80756,0.97,0.69378,3,0.5,3232,2644
5876,583.728,ga_tcheby_proxy,mesh9,4,7,0,"[4-7]",1,20,1.59654,0.975,0.681592,1,0.5,3233,2644
5877,583.829,ga_tcheby_proxy,mesh9,2,5,0,"[2-5]",1,20,1.59654,0.975,0.681592,1,0.5,3234,2644
5878,583.866,ga_tcheby_proxy,mesh9,8,6,1,"[]",0,0,0,0,0,0,0.5,3234,2645
5879,583.903,ga_tcheby_proxy,mesh9,8,6,1,"[]",0,0,0,0,0,0,0.5,3234,2646
5880,583.953,ga_tcheby_proxy,mesh9,0,6,1,"[]",0,0,0,0,0,0,0.5,3234,2647
5881,583.964,ga_tcheby_proxy,mesh9,5,8,1,"[]",0,0,0,0,0,0,0.5,3234,2648
5882,584.003,ga_tcheby_proxy,mesh9,7,1,1,"[]",0,0,0,0,0,0,0.5,3234,2649
5883,584.05,ga_tcheby_proxy,mesh9,8,5,1,"[]",0,0,0,0,0,0,0.5,3234,2650
5884,584.148,ga_tcheby_proxy,mesh9,5,3,0,"[5-4-3]",2,44,3.22898,0.97,0.678392,2,0.5,3235,2650
5885,584.186,ga_tcheby_proxy,mesh9,6,1,1,"[]",0,0,0,0,0,0,0.5,3235,2651
5886,584.218,ga_tcheby_proxy,mesh9,3,1,1,"[]",0,0,0,0,0,0,0.5,3235,2652
5887,584.249,ga_tcheby_proxy,mesh9,4,6,1,"[]",0,0,0,0,0,0,0.5,3235,2653
5888,584.309,ga_tcheby_proxy,mesh9,2,7,1,"[]",0,0,0,0,0,0,0.5,3235,2654
5889,584.387,ga_tcheby_proxy,mesh9,4,0,0,"[4-3-0]",2,42,3.21103,0.97,0.69378,2,0.5,3236,2654
5890,584.591,ga_tcheby_proxy,mesh9,5,8,0,"[5-8]",1,20,1.59654,0.975,0.6743,1,0.5,3237,2654
5891,584.621,ga_tcheby_proxy,mesh9,5,7,1,"[]",0,0,0,0,0,0,0.5,3237,2655
5892,584.637,ga_tcheby_proxy,mesh9,7,3,1,"[]",0,0,0,0,0,0,0.5,3237,2656
5893,584.748,ga_tcheby_proxy,mesh9,1,4,0,"[1-4]",1,20,1.59654,0.975,0.676768,1,0.5,3238,2656
5894,584.892,ga_tcheby_proxy,mesh9,7,0,0,"[7-4-3-0]",3,62,4.80756,0.97,0.694511,3,0.5,3239,2656
5895,584.97,ga_tcheby_proxy,mesh9,0,4,0,"[0-1-4]",2,42,3.21103,0.97,0.677582,2,0.5,3240,2656
5896,585.058,ga_tcheby_proxy,mesh9,0,1,0,"[0-1]",1,22,1.61449,0.97,0.669251,1,0.5,3241,2656
5897,585.063,ga_tcheby_proxy,mesh9,2,5,1,"[]",0,0,0,0,0,0,0.5,3241,2657
5898,585.09,ga_tcheby_proxy,mesh9,8,3,1,"[]",0,0,0,0,0,0,0.5,3241,2658
5899,585.108,ga_tcheby_proxy,mesh9,6,0,1,"[]",0,0,0,0,0,0,0.5,3241,2659
5900,585.111,ga_tcheby_proxy,mesh9,3,0,1,"[]",0,0,0,0,0,0,0.5,3241,2660
5901,585.127,ga_tcheby_proxy,mesh9,3,5,1,"[]",0,0,0,0,0,0,0.5,3241,2661
5902,585.226,ga_tcheby_proxy,mesh9,3,5,0,"[3-4-5]",2,44,3.22898,0.97,0.684729,2,0.5,3242,2661
5903,585.357,ga_tcheby_proxy,mesh9,1,6,0,"[1-4-3-6]",3,62,4.80756,0.97,0.681592,3,0.5,3243,2661
5904,585.45,ga_tcheby_proxy,mesh9,8,5,0,"[8-5]",1,20,1.59654,0.975,0.68932,1,0.5,3244,2661
5905,585.497,ga_tcheby_proxy,mesh9,0,2,1,"[]",0,0,0,0,0,0,0.5,3244,2662
5906,585.528,ga_tcheby_proxy,mesh9,6,5,1,"[]",0,0,0,0,0,0,0.5,3244,2663
5907,585.562,ga_tcheby_proxy,mesh9,6,2,1,"[]",0,0,0,0,0,0,0.5,3244,2664
5908,585.568,ga_tcheby_proxy,mesh9,0,5,1,"[]",0,0,0,0,0,0,0.5,3244,2665
5909,585.69,ga_tcheby_proxy,mesh9,6,7,0,"[6-7]",1,22,1.61449,0.97,0.673469,1,0.5,3245,2665
5910,586.015,ga_tcheby_proxy,mesh9,8,0,0,"[8-7-4-1-0]",4,84,6.42205,0.97,0.694511,4,0.5,3246,2665
5911,586.222,ga_tcheby_proxy,mesh9,8,5,0,"[8-5]",1,20,1.59654,0.975,0.690073,1,0.5,3247,2665
5912,586.227,ga_tcheby_proxy,mesh9,4,0,1,"[]",0,0,0,0,0,0,0.5,3247,2666
5913,586.311,ga_tcheby_proxy,mesh9,7,4,0,"[7-4]",1,20,1.59654,0.975,0.693046,1,0.5,3248,2666
5914,586.312,ga_tcheby_proxy,mesh9,4,7,0,"[4-7]",1,20,1.62986,0.954326,0.682382,1,0.5,3249,2666
5915,586.368,ga_tcheby_proxy,mesh9,6,4,1,"[]",0,0,0,0,0,0,0.5,3249,2667
5916,586.392,ga_tcheby_proxy,mesh9,8,0,1,"[]",0,0,0,0,0,0,0.5,3249,2668
5917,586.6,ga_tcheby_proxy,mesh9,1,5,0,"[1-4-5]",2,42,3.21103,0.97,0.681592,2,0.5,3250,2668
5918,586.605,ga_tcheby_proxy,mesh9,6,8,1,"[]",0,0,0,0,0,0,0.5,3250,2669
5919,587.11,ga_tcheby_proxy,mesh9,4,3,0,"[4-3]",1,22,1.61449,0.97,0.677582,1,0.5,3251,2669
5920,587.244,ga_tcheby_proxy,mesh9,4,3,0,"[4-3]",1,22,1.61449,0.97,0.678392,1,0.5,3252,2669
5921,587.43,ga_tcheby_proxy,mesh9,8,4,0,"[8-5-4]",2,42,3.21103,0.97,0.690821,2,0.5,3253,2669
5922,587.474,ga_tcheby_proxy,mesh9,2,1,1,"[]",0,0,0,0,0,0,0.5,3253,2670
5923,587.539,ga_tcheby_proxy,mesh9,4,2,0,"[4-1-2]",2,42,3.31843,0.911378,0.695238,2,0.5,3254,2670
5924,587.548,ga_tcheby_proxy,mesh9,8,3,1,"[]",0,0,0,0,0,0,0.5,3254,2671
5925,587.8,ga_tcheby_proxy,mesh9,4,1,0,"[4-1]",1,20,1.59654,0.975,0.695962,1,0.5,3255,2671
5926,587.846,ga_tcheby_proxy,mesh9,8,4,1,"[]",0,0,0,0,0,0,0.5,3255,2672
5927,587.855,ga_tcheby_proxy,mesh9,3,4,1,"[]",0,0,0,0,0,0,0.5,3255,2673
5928,587.996,ga_tcheby_proxy,mesh9,5,7,0,"[5-8-7]",2,42,3.21103,0.97,0.675127,2,0.5,3256,2673
5929,588.104,ga_tcheby_proxy,mesh9,7,1,0,"[7-4-1]",2,40,3.19307,0.975,0.696682,2,0.5,3257,2673
5930,588.161,ga_tcheby_proxy,mesh9,7,6,1,"[]",0,0,0,0,0,0,0.5,3257,2674
5931,588.215,ga_tcheby_proxy,mesh9,1,6,1,"[]",0,0,0,0,0,0,0.5,3257,2675
5932,588.224,ga_tcheby_proxy,mesh9,7,6,1,"[]",0,0,0,0,0,0,0.5,3257,2676
5933,588.389,ga_tcheby_proxy,mesh9,2,4,0,"[2-1-4]",2,42,3.21103,0.97,0.681592,2,0.5,3258,2676
5934,588.528,ga_tcheby_proxy,mesh9,8,6,0,"[8-7-6]",2,44,3.22898,0.97,0.675127,2,0.5,3259,2676
5935,588.582,ga_tcheby_proxy,mesh9,4,6,1,"[]",0,0,0,0,0,0,0.5,3259,2677
5936,588.583,ga_tcheby_proxy,mesh9,2,6,1,"[]",0,0,0,0,0,0,0.5,3259,2678
5937,588.598,ga_tcheby_proxy,mesh9,3,6,1,"[]",0,0,0,0,0,0,0.5,3259,2679
5938,588.654,ga_tcheby_proxy,mesh9,1,0,1,"[]",0,0,0,0,0,0,0.5,3259,2680
5939,588.707,ga_tcheby_proxy,mesh9,2,0,1,"[]",0,0,0,0,0,0,0.5,3259,2681
5940,588.779,ga_tcheby_proxy,mesh9,1,3,0,"[1-4-3]",2,42,3.2497,0.946335,0.680798,2,0.5,3260,2681
5941,588.87,ga_tcheby_proxy,mesh9,4,7,0,"[4-7]",1,20,1.59654,0.975,0.683168,1,0.5,3261,2681
5942,589.083,ga_tcheby_proxy,mesh9,8,4,0,"[8-5-4]",2,42,3.21103,0.97,0.691566,2,0.5,3262,2681
5943,589.459,ga_tcheby_proxy,mesh9,7,2,0,"[7-4-5-2]",3,62,4.80756,0.97,0.694511,3,0.5,3263,2681
5944,589.624,ga_tcheby_proxy,mesh9,0,3,0,"[0-3]",1,20,1.59654,0.975,0.668394,1,0.5,3264,2681
5945,589.681,ga_tcheby_proxy,mesh9,0,4,1,"[]",0,0,0,0,0,0,0.5,3264,2682
5946,589.919,ga_tcheby_proxy,mesh9,5,2,0,"[5-2]",1,20,1.59654,0.975,0.695238,1,0.5,3265,2682
5947,589.932,ga_tcheby_proxy,mesh9,5,2,1,"[]",0,0,0,0,0,0,0.5,3265,2683
5948,590.03,ga_tcheby_proxy,mesh9,0,8,0,"[0-1-2-5-8]",4,84,6.42205,0.97,0.682382,4,0.5,3266,2683
5949,590.066,ga_tcheby_proxy,mesh9,1,0,1,"[]",0,0,0,0,0,0,0.5,3266,2684
5950,590.438,ga_tcheby_proxy,mesh9,1,4,0,"[1-4]",1,20,1.59654,0.975,0.681592,1,0.5,3267,2684
5951,590.466,ga_tcheby_proxy,mesh9,3,8,1,"[]",0,0,0,0,0,0,0.5,3267,2685
5952,590.505,ga_tcheby_proxy,mesh9,2,5,1,"[]",0,0,0,0,0,0,0.5,3267,2686
5953,590.711,ga_tcheby_proxy,mesh9,1,5,0,"[1-4-5]",2,42,3.21103,0.97,0.683168,2,0.5,3268,2686
5954,590.929,ga_tcheby_proxy,mesh9,6,7,0,"[6-7]",1,22,1.61449,0.97,0.6743,1,0.5,3269,2686
5955,590.967,ga_tcheby_proxy,mesh9,0,1,1,"[]",0,0,0,0,0,0,0.5,3269,2687
5956,591.215,ga_tcheby_proxy,mesh9,7,8,0,"[7-8]",1,22,1.61449,0.97,0.683168,1,0.5,3270,2687
5957,591.357,ga_tcheby_proxy,mesh9,1,6,0,"[1-0-3-6]",3,62,4.80756,0.97,0.682382,3,0.5,3271,2687
5958,591.706,ga_tcheby_proxy,mesh9,7,5,0,"[7-8-5]",2,42,3.21103,0.97,0.692308,2,0.5,3272,2687
5959,591.943,ga_tcheby_proxy,mesh9,3,2,0,"[3-0-1-2]",3,64,4.82552,0.97,0.695238,3,0.5,3273,2687
5960,592.036,ga_tcheby_proxy,mesh9,3,5,0,"[3-4-5]",2,44,3.22898,0.97,0.685504,2,0.5,3274,2687
5961,592.198,ga_tcheby_proxy,mesh9,5,6,0,"[5-8-7-6]",3,64,4.82552,0.97,0.676768,3,0.5,3275,2687
5962,592.478,ga_tcheby_proxy,mesh9,0,2,0,"[0-1-2]",2,44,3.22898,0.97,0.68,2,0.5,3276,2687
5963,592.594,ga_tcheby_proxy,mesh9,4,2,0,"[4-5-2]",2,42,3.21103,0.97,0.695962,2,0.5,3277,2687
5964,592.636,ga_tcheby_proxy,mesh9,7,2,1,"[]",0,0,0,0,0,0,0.5,3277,2688
5965,592.636,ga_tcheby_proxy,mesh9,8,5,1,"[]",0,0,0,0,0,0,0.5,3277,2689
5966,592.732,ga_tcheby_proxy,mesh9,7,4,0,"[7-4]",1,20,1.59654,0.975,0.695238,1,0.5,3278,2689
5967,592.84,ga_tcheby_proxy,mesh9,6,2,0,"[6-3-0-1-2]",4,84,6.42205,0.97,0.695962,4,0.5,3279,2689
5968,593.046,ga_tcheby_proxy,mesh9,1,8,0,"[1-2-5-8]",3,62,4.80756,0.97,0.683168,3,0.5,3280,2689
5969,593.076,ga_tcheby_proxy,mesh9,8,2,1,"[]",0,0,0,0,0,0,0.5,3280,2690
5970,593.18,ga_tcheby_proxy,mesh9,8,3,0,"[8-7-6-3]",3,64,4.82552,0.97,0.692308,3,0.5,3281,2690
5971,593.43,ga_tcheby_proxy,mesh9,3,1,0,"[3-0-1]",2,42,3.21103,0.97,0.696682,2,0.5,3282,2690
5972,593.543,ga_tcheby_proxy,mesh9,0,6,0,"[0-3-6]",2,40,3.19307,0.975,0.683168,2,0.5,3283,2690
5973,593.621,ga_tcheby_proxy,mesh9,4,0,0,"[4-1-0]",2,42,3.21103,0.97,0.6974,2,0.5,3284,2690
5974,593.752,ga_tcheby_proxy,mesh9,6,8,0,"[6-7-8]",2,44,3.22898,0.97,0.684729,2,0.5,3285,2690
5975,593.786,ga_tcheby_proxy,mesh9,4,8,1,"[]",0,0,0,0,0,0,0.5,3285,2691
5976,593.787,ga_tcheby_proxy,mesh9,4,2,1,"[]",0,0,0,0,0,0,0.5,3285,2692
5977,593.89,ga_tcheby_proxy,mesh9,1,4,0,"[1-4]",1,20,1.59654,0.975,0.683168,1,0.5,3286,2692
5978,593.977,ga_tcheby_proxy,mesh9,6,7,0,"[6-7]",1,22,1.62418,0.963958,0.675949,1,0.5,3287,2692
5979,594.015,ga_tcheby_proxy,mesh9,3,2,1,"[]",0,0,0,0,0,0,0.5,3287,2693
5980,594.026,ga_tcheby_proxy,mesh9,2,3,1,"[]",0,0,0,0,0,0,0.5,3287,2694
5981,594.238,ga_tcheby_proxy,mesh9,4,5,0,"[4-5]",1,22,1.61449,0.97,0.685504,1,0.5,3288,2694
5982,594.319,ga_tcheby_proxy,mesh9,4,2,0,"[4-5-2]",2,42,3.21103,0.97,0.696682,2,0.5,3289,2694
5983,594.323,ga_tcheby_proxy,mesh9,4,6,0,"[4-7-6]",2,42,3.41678,0.910373,0.687345,2,0.5,3290,2694
5984,594.361,ga_tcheby_proxy,mesh9,7,8,1,"[]",0,0,0,0,0,0,0.5,3290,2695
5985,594.412,ga_tcheby_proxy,mesh9,4,7,1,"[]",0,0,0,0,0,0,0.5,3290,2696
5986,594.45,ga_tcheby_proxy,mesh9,2,8,1,"[]",0,0,0,0,0,0,0.5,3290,2697
5987,594.547,ga_tcheby_proxy,mesh9,0,6,0,"[0-3-6]",2,40,3.19307,0.975,0.683951,2,0.5,3291,2697
5988,594.559,ga_tcheby_proxy,mesh9,2,4,1,"[]",0,0,0,0,0,0,0.5,3291,2698
5989,594.789,ga_tcheby_proxy,mesh9,8,6,0,"[8-7-6]",2,44,3.22898,0.97,0.677582,2,0.5,3292,2698
5990,594.86,ga_tcheby_proxy,mesh9,5,6,0,"[5-8-7-6]",3,64,4.92546,0.936884,0.678392,3,0.5,3293,2698
5991,595.257,ga_tcheby_proxy,mesh9,4,1,0,"[4-1]",1,20,1.59654,0.975,0.698113,1,0.5,3294,2698
5992,595.309,ga_tcheby_proxy,mesh9,3,4,1,"[]",0,0,0,0,0,0,0.5,3294,2699
5993,595.394,ga_tcheby_proxy,mesh9,2,7,0,"[2-5-8-7]",3,62,4.80756,0.97,0.683951,3,0.5,3295,2699
5994,595.505,ga_tcheby_proxy,mesh9,0,2,0,"[0-1-2]",2,44,3.22898,0.97,0.682382,2,0.5,3296,2699
5995,595.563,ga_tcheby_proxy,mesh9,4,3,1,"[]",0,0,0,0,0,0,0.5,3296,2700
5996,595.84,ga_tcheby_proxy,mesh9,1,3,0,"[1-0-3]",2,42,3.21103,0.97,0.682382,2,0.5,3297,2700
5997,595.844,ga_tcheby_proxy,mesh9,7,5,0,"[7-8-5]",2,42,3.42613,0.906505,0.693046,2,0.5,3298,2700
5998,596.042,ga_tcheby_proxy,mesh9,4,7,0,"[4-7]",1,20,1.59654,0.975,0.684729,1,0.5,3299,2700
5999,596.098,ga_tcheby_proxy,mesh9,5,8,0,"[5-8]",1,20,1.70325,0.911755,0.68,1,0.5,3300,2700
6000,596.209,ga_tcheby_proxy,mesh9,7,5,0,"[7-8-5]",2,42,3.21103,0.97,0.69378,2,0.5,3301,2700
6001,596.367,ga_tcheby_proxy,mesh9,0,6,0,"[0-3-6]",2,40,3.19307,0.975,0.684729,2,0.5,3302,2700
6002,596.39,ga_tcheby_proxy,mesh9,1,7,1,"[]",0,0,0,0,0,0,0.5,3302,2701
6003,596.429,ga_tcheby_proxy,mesh9,5,8,1,"[]",0,0,0,0,0,0,0.5,3302,2702
6004,596.43,ga_tcheby_proxy,mesh9,0,3,1,"[]",0,0,0,0,0,0,0.5,3302,2703
6005,596.455,ga_tcheby_proxy,mesh9,5,4,1,"[]",0,0,0,0,0,0,0.5,3302,2704
6006,596.49,ga_tcheby_proxy,mesh9,8,3,1,"[]",0,0,0,0,0,0,0.5,3302,2705
6007,596.504,ga_tcheby_proxy,mesh9,0,8,1,"[]",0,0,0,0,0,0,0.5,3302,2706
6008,596.9,ga_tcheby_proxy,mesh9,4,0,0,"[4-3-0]",2,42,3.21103,0.97,0.6974,2,0.5,3303,2706
6009,597.036,ga_tcheby_proxy,mesh9,6,0,0,"[6-3-0]",2,40,3.19307,0.975,0.698113,2,0.5,3304,2706
6010,597.126,ga_tcheby_proxy,mesh9,5,4,0,"[5-4]",1,22,1.61449,0.97,0.680798,1,0.5,3305,2706
6011,597.29,ga_tcheby_proxy,mesh9,2,6,0,"[2-5-8-7-6]",4,84,6.42205,0.97,0.684729,4,0.5,3306,2706
6012,597.295,ga_tcheby_proxy,mesh9,5,8,1,"[]",0,0,0,0,0,0,0.5,3306,2707
6013,597.558,ga_tcheby_proxy,mesh9,0,8,0,"[0-1-2-5-8]",4,84,6.42205,0.97,0.685504,4,0.5,3307,2707
6014,597.573,ga_tcheby_proxy,mesh9,3,7,1,"[]",0,0,0,0,0,0,0.5,3307,2708
6015,597.779,ga_tcheby_proxy,mesh9,2,7,0,"[2-1-4-7]",3,62,4.80756,0.97,0.685504,3,0.5,3308,2708
6016,597.822,ga_tcheby_proxy,mesh9,4,8,1,"[]",0,0,0,0,0,0,0.5,3308,2709
6017,597.963,ga_tcheby_proxy,mesh9,1,7,0,"[1-4-7]",2,40,3.19307,0.975,0.686275,2,0.5,3309,2709
6018,598.185,ga_tcheby_proxy,mesh9,2,5,0,"[2-5]",1,20,1.59654,0.975,0.686275,1,0.5,3310,2709
6019,598.255,ga_tcheby_proxy,mesh9,5,0,0,"[5-4-3-0]",3,64,4.93528,0.915441,0.698824,3,0.5,3311,2709
6020,598.27,ga_tcheby_proxy,mesh9,2,4,1,"[]",0,0,0,0,0,0,0.5,3311,2710
6021,598.425,ga_tcheby_proxy,mesh9,7,2,0,"[7-4-5-2]",3,62,4.80756,0.97,0.6974,3,0.5,3312,2710
6022,598.446,ga_tcheby_proxy,mesh9,5,4,1,"[]",0,0,0,0,0,0,0.5,3312,2711
6023,598.614,ga_tcheby_proxy,mesh9,4,3,0,"[4-3]",1,22,1.61449,0.97,0.681592,1,0.5,3313,2711
6024,598.636,ga_tcheby_proxy,mesh9,1,5,1,"[]",0,0,0,0,0,0,0.5,3313,2712
6025,598.914,ga_tcheby_proxy,mesh9,5,4,0,"[5-4]",1,22,1.61449,0.97,0.682382,1,0.5,3314,2712
6026,598.92,ga_tcheby_proxy,mesh9,6,7,1,"[]",0,0,0,0,0,0,0.5,3314,2713
6027,598.931,ga_tcheby_proxy,mesh9,3,5,1,"[]",0,0,0,0,0,0,0.5,3314,2714
6028,598.995,ga_tcheby_proxy,mesh9,4,6,0,"[4-3-6]",2,42,3.25731,0.952805,0.685504,2,0.5,3315,2714
6029,599.068,ga_tcheby_proxy,mesh9,5,6,0,"[5-4-7-6]",3,64,4.85428,0.95229,0.687042,3,0.5,3316,2714
6030,599.077,ga_tcheby_proxy,mesh9,1,2,1,"[]",0,0,0,0,0,0,0.5,3316,2715
6031,599.285,ga_tcheby_proxy,mesh9,1,3,0,"[1-0-3]",2,42,3.21103,0.97,0.683168,2,0.5,3317,2715
6032,599.476,ga_tcheby_proxy,mesh9,0,4,0,"[0-1-4]",2,42,3.21103,0.97,0.685504,2,0.5,3318,2715
6033,599.566,ga_tcheby_proxy,mesh9,0,8,0,"[0-3-6-7-8]",4,84,6.42205,0.97,0.687042,4,0.5,3319,2715
6034,599.674,ga_tcheby_proxy,mesh9,0,8,0,"[0-1-2-5-8]",4,84,6.42205,0.97,0.687042,4,0.5,3320,2715
6035,599.683,ga_tcheby_proxy,mesh9,6,1,1,"[]",0,0,0,0,0,0,0.5,3320,2716
6036,599.8,ga_tcheby_proxy,mesh9,2,7,0,"[2-5-8-7]",3,62,4.80756,0.97,0.687805,3,0.5,3321,2716
6037,599.886,ga_tcheby_proxy,mesh9,2,7,0,"[2-1-4-7]",3,62,4.80756,0.97,0.687805,3,0.5,3322,2716
6038,600.029,ga_tcheby_proxy,mesh9,3,5,0,"[3-4-5]",2,44,3.22898,0.97,0.687805,2,0.5,3323,2716
6039,600.148,ga_tcheby_proxy,mesh9,5,4,0,"[5-4]",1,22,1.61449,0.97,0.683951,1,0.5,3324,2716
6040,600.333,ga_tcheby_proxy,mesh9,0,4,0,"[0-3-4]",2,42,3.21103,0.97,0.687042,2,0.5,3325,2716
6041,600.422,ga_tcheby_proxy,mesh9,8,0,0,"[8-5-2-1-0]",4,84,6.42205,0.97,0.698113,4,0.5,3326,2716
6042,600.576,ga_tcheby_proxy,mesh9,6,4,0,"[6-3-4]",2,42,3.21103,0.97,0.69378,2,0.5,3327,2716
6043,600.646,ga_tcheby_proxy,mesh9,1,7,0,"[1-4-7]",2,40,3.19307,0.975,0.688564,2,0.5,3328,2716
6044,600.695,ga_tcheby_proxy,mesh9,7,1,1,"[]",0,0,0,0,0,0,0.5,3328,2717
6045,600.725,ga_tcheby_proxy,mesh9,3,8,1,"[]",0,0,0,0,0,0,0.5,3328,2718
6046,600.982,ga_tcheby_proxy,mesh9,1,3,0,"[1-0-3]",2,42,3.21103,0.97,0.684729,2,0.5,3329,2718
6047,601.136,ga_tcheby_proxy,mesh9,5,6,0,"[5-8-7-6]",3,64,4.82552,0.97,0.683951,3,0.5,3330,2718
6048,601.144,ga_tcheby_proxy,mesh9,2,1,1,"[]",0,0,0,0,0,0,0.5,3330,2719
6049,601.33,ga_tcheby_proxy,mesh9,0,4,0,"[0-1-4]",2,42,3.21103,0.97,0.687805,2,0.5,3331,2719
6050,601.397,ga_tcheby_proxy,mesh9,7,3,1,"[]",0,0,0,0,0,0,0.5,3331,2720
6051,601.555,ga_tcheby_proxy,mesh9,7,1,0,"[7-4-1]",2,40,3.19307,0.975,0.698824,2,0.5,3332,2720
6052,601.737,ga_tcheby_proxy,mesh9,6,2,0,"[6-3-4-5-2]",4,84,6.42205,0.97,0.698824,4,0.5,3333,2720
6053,601.815,ga_tcheby_proxy,mesh9,0,1,0,"[0-1]",1,22,1.61449,0.97,0.678392,1,0.5,3334,2720
6054,601.823,ga_tcheby_proxy,mesh9,5,0,1,"[]",0,0,0,0,0,0,0.5,3334,2721
6055,601.944,ga_tcheby_proxy,mesh9,6,2,0,"[6-3-4-1-2]",4,84,6.42205,0.97,0.699531,4,0.5,3335,2721
6056,602.001,ga_tcheby_proxy,mesh9,7,0,1,"[]",0,0,0,0,0,0,0.5,3335,2722
6057,602.023,ga_tcheby_proxy,mesh9,2,7,1,"[]",0,0,0,0,0,0,0.5,3335,2723
6058,602.074,ga_tcheby_proxy,mesh9,7,6,1,"[]",0,0,0,0,0,0,0.5,3335,2724
6059,602.127,ga_tcheby_proxy,mesh9,0,6,1,"[]",0,0,0,0,0,0,0.5,3335,2725
6060,602.215,ga_tcheby_proxy,mesh9,7,1,0,"[7-4-1]",2,40,3.19307,0.975,0.700234,2,0.5,3336,2725
6061,602.226,ga_tcheby_proxy,mesh9,8,4,1,"[]",0,0,0,0,0,0,0.5,3336,2726
6062,602.266,ga_tcheby_proxy,mesh9,4,3,1,"[]",0,0,0,0,0,0,0.5,3336,2727
6063,602.403,ga_tcheby_proxy,mesh9,7,2,0,"[7-8-5-2]",3,62,4.80756,0.97,0.699531,3,0.5,3337,2727
6064,602.503,ga_tcheby_proxy,mesh9,8,7,0,"[8-7]",1,22,1.61449,0.97,0.682382,1,0.5,3338,2727
6065,602.979,ga_tcheby_proxy,mesh9,4,2,0,"[4-5-2]",2,42,3.21103,0.97,0.700234,2,0.5,3339,2727
6066,603.05,ga_tcheby_proxy,mesh9,6,0,0,"[6-3-0]",2,40,3.19307,0.975,0.699531,2,0.5,3340,2727
6067,603.08,ga_tcheby_proxy,mesh9,3,0,1,"[]",0,0,0,0,0,0,0.5,3340,2728
6068,603.232,ga_tcheby_proxy,mesh9,3,6,0,"[3-6]",1,20,1.59654,0.975,0.687042,1,0.5,3341,2728
6069,603.286,ga_tcheby_proxy,mesh9,8,7,1,"[]",0,0,0,0,0,0,0.5,3341,2729
6070,603.411,ga_tcheby_proxy,mesh9,2,1,0,"[2-1]",1,22,1.61449,0.97,0.684729,1,0.5,3342,2729
6071,603.473,ga_tcheby_proxy,mesh9,8,2,1,"[]",0,0,0,0,0,0,0.5,3342,2730
6072,603.676,ga_tcheby_proxy,mesh9,6,3,0,"[6-3]",1,20,1.59654,0.975,0.696682,1,0.5,3343,2730
6073,604.114,ga_tcheby_proxy,mesh9,2,5,0,"[2-5]",1,20,1.59654,0.975,0.688564,1,0.5,3344,2730
6074,604.193,ga_tcheby_proxy,mesh9,4,7,0,"[4-7]",1,20,1.59654,0.975,0.68932,1,0.5,3345,2730
6075,604.29,ga_tcheby_proxy,mesh9,4,7,0,"[4-7]",1,20,1.59654,0.975,0.690073,1,0.5,3346,2730
6076,604.345,ga_tcheby_proxy,mesh9,7,1,1,"[]",0,0,0,0,0,0,0.5,3346,2731
6077,604.572,ga_tcheby_proxy,mesh9,7,1,0,"[7-4-1]",2,40,3.19307,0.975,0.700935,2,0.5,3347,2731
6078,604.666,ga_tcheby_proxy,mesh9,4,1,0,"[4-1]",1,20,1.59654,0.975,0.701632,1,0.5,3348,2731
6079,604.885,ga_tcheby_proxy,mesh9,2,3,0,"[2-1-0-3]",3,64,4.82552,0.97,0.685504,3,0.5,3349,2731
6080,604.962,ga_tcheby_proxy,mesh9,1,0,0,"[1-0]",1,22,1.61449,0.97,0.686275,1,0.5,3350,2731
6081,605.03,ga_tcheby_proxy,mesh9,1,6,0,"[1-4-7-6]",3,62,4.82488,0.964145,0.690821,3,0.5,3351,2731
6082,605.037,ga_tcheby_proxy,mesh9,5,8,1,"[]",0,0,0,0,0,0,0.5,3351,2732
6083,605.277,ga_tcheby_proxy,mesh9,8,6,0,"[8-7-6]",2,44,3.22898,0.97,0.683168,2,0.5,3352,2732
6084,605.283,ga_tcheby_proxy,mesh9,7,5,1,"[]",0,0,0,0,0,0,0.5,3352,2733
6085,605.344,ga_tcheby_proxy,mesh9,8,6,1,"[]",0,0,0,0,0,0,0.5,3352,2734
6086,605.42,ga_tcheby_proxy,mesh9,0,4,0,"[0-1-4]",2,42,3.21103,0.97,0.68932,2,0.5,3353,2734
6087,605.452,ga_tcheby_proxy,mesh9,6,5,1,"[]",0,0,0,0,0,0,0.5,3353,2735
6088,605.543,ga_tcheby_proxy,mesh9,1,6,0,"[1-0-3-6]",3,62,4.80756,0.97,0.687805,3,0.5,3354,2735
6089,605.581,ga_tcheby_proxy,mesh9,2,8,1,"[]",0,0,0,0,0,0,0.5,3354,2736
6090,605.585,ga_tcheby_proxy,mesh9,2,8,1,"[]",0,0,0,0,0,0,0.5,3354,2737
6091,605.613,ga_tcheby_proxy,mesh9,3,4,1,"[]",0,0,0,0,0,0,0.5,3354,2738
6092,605.9,ga_tcheby_proxy,mesh9,5,3,0,"[5-4-3]",2,44,3.22898,0.97,0.684729,2,0.5,3355,2738
6093,606.051,ga_tcheby_proxy,mesh9,4,2,0,"[4-5-2]",2,42,3.21103,0.97,0.700935,2,0.5,3356,2738
6094,606.151,ga_tcheby_proxy,mesh9,6,8,0,"[6-7-8]",2,44,3.22898,0.97,0.688564,2,0.5,3357,2738
6095,606.198,ga_tcheby_proxy,mesh9,6,2,1,"[]",0,0,0,0,0,0,0.5,3357,2739
6096,606.213,ga_tcheby_proxy,mesh9,6,2,1,"[]",0,0,0,0,0,0,0.5,3357,2740
6097,606.25,ga_tcheby_proxy,mesh9,1,8,1,"[]",0,0,0,0,0,0,0.5,3357,2741
6098,606.269,ga_tcheby_proxy,mesh9,3,6,1,"[]",0,0,0,0,0,0,0.5,3357,2742
6099,606.43,ga_tcheby_proxy,mesh9,4,5,0,"[4-5]",1,22,1.61449,0.97,0.690821,1,0.5,3358,2742
6100,606.489,ga_tcheby_proxy,mesh9,6,0,0,"[6-3-0]",2,40,3.26768,0.929905,0.700234,2,0.5,3359,2742
6101,606.575,ga_tcheby_proxy,mesh9,6,1,0,"[6-3-0-1]",3,62,4.80756,0.97,0.700935,3,0.5,3360,2742
6102,606.619,ga_tcheby_proxy,mesh9,6,8,1,"[]",0,0,0,0,0,0,0.5,3360,2743
6103,606.668,ga_tcheby_proxy,mesh9,7,8,1,"[]",0,0,0,0,0,0,0.5,3360,2744
6104,606.694,ga_tcheby_proxy,mesh9,1,0,1,"[]",0,0,0,0,0,0,0.5,3360,2745
6105,606.764,ga_tcheby_proxy,mesh9,6,7,0,"[6-3-0-1-4-7]",5,102,8.10336,0.913972,0.701632,5,0.5,3361,2745
6106,606.983,ga_tcheby_proxy,mesh9,7,4,0,"[7-4]",1,20,1.59654,0.975,0.698824,1,0.5,3362,2745
6107,607.062,ga_tcheby_proxy,mesh9,3,5,0,"[3-6-7-8-5]",4,84,6.42205,0.97,0.695962,4,0.5,3363,2745
6108,607.163,ga_tcheby_proxy,mesh9,3,5,0,"[3-4-5]",2,44,3.22898,0.97,0.691566,2,0.5,3364,2745
6109,607.208,ga_tcheby_proxy,mesh9,6,5,1,"[]",0,0,0,0,0,0,0.5,3364,2746
6110,607.28,ga_tcheby_proxy,mesh9,5,0,0,"[5-2-1-0]",3,64,4.91497,0.916959,0.701632,3,0.5,3365,2746
6111,607.458,ga_tcheby_proxy,mesh9,5,7,0,"[5-8-7]",2,42,3.21103,0.97,0.684729,2,0.5,3366,2746
6112,607.619,ga_tcheby_proxy,mesh9,2,7,0,"[2-5-8-7]",3,62,4.80756,0.97,0.68932,3,0.5,3367,2746
6113,607.674,ga_tcheby_proxy,mesh9,3,2,1,"[]",0,0,0,0,0,0,0.5,3367,2747
6114,607.688,ga_tcheby_proxy,mesh9,6,5,1,"[]",0,0,0,0,0,0,0.5,3367,2748
6115,607.83,ga_tcheby_proxy,mesh9,2,1,0,"[2-1]",1,22,1.61449,0.97,0.687042,1,0.5,3368,2748
6116,607.853,ga_tcheby_proxy,mesh9,8,7,1,"[]",0,0,0,0,0,0,0.5,3368,2749
6117,608.272,ga_tcheby_proxy,mesh9,0,5,0,"[0-1-2-5]",3,64,4.82552,0.97,0.690073,3,0.5,3369,2749
6118,608.32,ga_tcheby_proxy,mesh9,0,8,1,"[]",0,0,0,0,0,0,0.5,3369,2750
6119,608.372,ga_tcheby_proxy,mesh9,0,1,1,"[]",0,0,0,0,0,0,0.5,3369,2751
6120,608.391,ga_tcheby_proxy,mesh9,2,7,1,"[]",0,0,0,0,0,0,0.5,3369,2752
6121,608.539,ga_tcheby_proxy,mesh9,7,8,0,"[7-8]",1,22,1.61449,0.97,0.690073,1,0.5,3370,2752
6122,608.855,ga_tcheby_proxy,mesh9,1,6,0,"[1-0-3-6]",3,62,4.80756,0.97,0.68932,3,0.5,3371,2752
6123,608.863,ga_tcheby_proxy,mesh9,1,0,1,"[]",0,0,0,0,0,0,0.5,3371,2753
6124,608.877,ga_tcheby_proxy,mesh9,5,8,1,"[]",0,0,0,0,0,0,0.5,3371,2754
6125,608.953,ga_tcheby_proxy,mesh9,0,1,0,"[0-1]",1,22,1.65465,0.945448,0.682382,1,0.5,3372,2754
6126,609.321,ga_tcheby_proxy,mesh9,4,3,0,"[4-3]",1,22,1.61449,0.97,0.683951,1,0.5,3373,2754
6127,609.37,ga_tcheby_proxy,mesh9,8,4,1,"[]",0,0,0,0,0,0,0.5,3373,2755
6128,609.537,ga_tcheby_proxy,mesh9,7,8,0,"[7-8]",1,22,1.61449,0.97,0.690821,1,0.5,3374,2755
6129,609.573,ga_tcheby_proxy,mesh9,5,1,1,"[]",0,0,0,0,0,0,0.5,3374,2756
6130,609.838,ga_tcheby_proxy,mesh9,0,3,0,"[0-3]",1,20,1.59654,0.975,0.679198,1,0.5,3375,2756
6131,609.94,ga_tcheby_proxy,mesh9,3,0,0,"[3-0]",1,20,1.59654,0.975,0.702326,1,0.5,3376,2756
6132,609.951,ga_tcheby_proxy,mesh9,7,4,1,"[]",0,0,0,0,0,0,0.5,3376,2757
6133,610.162,ga_tcheby_proxy,mesh9,1,7,0,"[1-4-7]",2,40,3.19307,0.975,0.692308,2,0.5,3377,2757
6134,610.183,ga_tcheby_proxy,mesh9,5,0,1,"[]",0,0,0,0,0,0,0.5,3377,2758
6135,610.207,ga_tcheby_proxy,mesh9,7,0,1,"[]",0,0,0,0,0,0,0.5,3377,2759
6136,610.235,ga_tcheby_proxy,mesh9,3,2,1,"[]",0,0,0,0,0,0,0.5,3377,2760
6137,610.269,ga_tcheby_proxy,mesh9,3,5,1,"[]",0,0,0,0,0,0,0.5,3377,2761
6138,610.395,ga_tcheby_proxy,mesh9,7,6,0,"[7-6]",1,22,1.61449,0.97,0.675949,1,0.5,3378,2761
6139,610.399,ga_tcheby_proxy,mesh9,3,4,0,"[3-4]",1,22,1.72658,0.904441,0.690821,1,0.5,3379,2761
6140,610.404,ga_tcheby_proxy,mesh9,2,7,1,"[]",0,0,0,0,0,0,0.5,3379,2762
6141,610.469,ga_tcheby_proxy,mesh9,4,0,0,"[4-1-0]",2,42,3.21103,0.97,0.702326,2,0.5,3380,2762
6142,610.897,ga_tcheby_proxy,mesh9,6,4,0,"[6-7-4]",2,42,3.21103,0.97,0.699531,2,0.5,3381,2762
6143,611.061,ga_tcheby_proxy,mesh9,7,1,0,"[7-4-1]",2,40,3.19307,0.975,0.703016,2,0.5,3382,2762
6144,611.096,ga_tcheby_proxy,mesh9,8,7,1,"[]",0,0,0,0,0,0,0.5,3382,2763
6145,611.12,ga_tcheby_proxy,mesh9,1,7,1,"[]",0,0,0,0,0,0,0.5,3382,2764
6146,611.304,ga_tcheby_proxy,mesh9,5,7,0,"[5-8-7]",2,42,3.21103,0.97,0.686275,2,0.5,3383,2764
6147,611.457,ga_tcheby_proxy,mesh9,5,0,0,"[5-2-1-0]",3,64,4.82552,0.97,0.702326,3,0.5,3384,2764
6148,611.636,ga_tcheby_proxy,mesh9,0,7,0,"[0-3-6-7]",3,62,4.80756,0.97,0.690073,3,0.5,3385,2764
6149,611.637,ga_tcheby_proxy,mesh9,7,3,0,"[7-6-3]",2,42,3.27381,0.95073,0.699531,2,0.5,3386,2764
6150,611.765,ga_tcheby_proxy,mesh9,8,0,0,"[8-5-2-1-0]",4,84,6.42205,0.97,0.703016,4,0.5,3387,2764
6151,611.791,ga_tcheby_proxy,mesh9,5,8,1,"[]",0,0,0,0,0,0,0.5,3387,2765
6152,611.795,ga_tcheby_proxy,mesh9,7,6,1,"[]",0,0,0,0,0,0,0.5,3387,2766
6153,611.823,ga_tcheby_proxy,mesh9,5,7,1,"[]",0,0,0,0,0,0,0.5,3387,2767
6154,611.847,ga_tcheby_proxy,mesh9,2,8,1,"[]",0,0,0,0,0,0,0.5,3387,2768
6155,611.92,ga_tcheby_proxy,mesh9,5,2,0,"[5-2]",1,20,1.59654,0.975,0.703704,1,0.5,3388,2768
6156,611.994,ga_tcheby_proxy,mesh9,0,5,0,"[0-1-2-5]",3,64,4.82552,0.97,0.690821,3,0.5,3389,2768
6157,612.021,ga_tcheby_proxy,mesh9,2,0,1,"[]",0,0,0,0,0,0,0.5,3389,2769
6158,612.071,ga_tcheby_proxy,mesh9,5,2,1,"[]",0,0,0,0,0,0,0.5,3389,2770
6159,612.197,ga_tcheby_proxy,mesh9,2,5,0,"[2-5]",1,20,1.59654,0.975,0.691566,1,0.5,3390,2770
6160,612.277,ga_tcheby_proxy,mesh9,0,1,0,"[0-1]",1,22,1.61449,0.97,0.683951,1,0.5,3391,2770
6161,612.392,ga_tcheby_proxy,mesh9,7,2,0,"[7-4-1-2]",3,62,4.80756,0.97,0.703704,3,0.5,3392,2770
6162,612.619,ga_tcheby_proxy,mesh9,1,0,0,"[1-0]",1,22,1.61449,0.97,0.691566,1,0.5,3393,2770
6163,612.782,ga_tcheby_proxy,mesh9,3,7,0,"[3-6-7]",2,42,3.21103,0.97,0.690821,2,0.5,3394,2770
6164,612.834,ga_tcheby_proxy,mesh9,7,5,1,"[]",0,0,0,0,0,0,0.5,3394,2771
6165,612.867,ga_tcheby_proxy,mesh9,6,7,1,"[]",0,0,0,0,0,0,0.5,3394,2772
6166,612.868,ga_tcheby_proxy,mesh9,8,5,1,"[]",0,0,0,0,0,0,0.5,3394,2773
6167,612.974,ga_tcheby_proxy,mesh9,0,1,0,"[0-1]",1,22,1.61449,0.97,0.684729,1,0.5,3395,2773
6168,613.16,ga_tcheby_proxy,mesh9,1,6,0,"[1-4-3-6]",3,62,4.80756,0.97,0.691566,3,0.5,3396,2773
6169,613.177,ga_tcheby_proxy,mesh9,7,2,1,"[]",0,0,0,0,0,0,0.5,3396,2774
6170,613.177,ga_tcheby_proxy,mesh9,2,5,1,"[]",0,0,0,0,0,0,0.5,3396,2775
6171,613.225,ga_tcheby_proxy,mesh9,7,8,1,"[]",0,0,0,0,0,0,0.5,3396,2776
6172,613.6,ga_tcheby_proxy,mesh9,6,5,0,"[6-7-8-5]",3,64,4.82552,0.97,0.6974,3,0.5,3397,2776
6173,613.678,ga_tcheby_proxy,mesh9,7,6,0,"[7-6]",1,22,1.61449,0.97,0.677582,1,0.5,3398,2776
6174,613.692,ga_tcheby_proxy,mesh9,4,2,1,"[]",0,0,0,0,0,0,0.5,3398,2777
6175,613.778,ga_tcheby_proxy,mesh9,7,2,0,"[7-8-5-2]",3,62,4.80756,0.97,0.704388,3,0.5,3399,2777
6176,614.128,ga_tcheby_proxy,mesh9,7,3,0,"[7-6-3]",2,42,3.21103,0.97,0.700234,2,0.5,3400,2777
6177,614.364,ga_tcheby_proxy,mesh9,3,8,0,"[3-4-5-8]",3,64,4.82552,0.97,0.692308,3,0.5,3401,2777
6178,614.699,ga_tcheby_proxy,mesh9,4,2,0,"[4-1-2]",2,42,3.21103,0.97,0.704388,2,0.5,3402,2777
6179,614.827,ga_tcheby_proxy,mesh9,7,5,0,"[7-8-5]",2,42,3.21103,0.97,0.698824,2,0.5,3403,2777
6180,614.861,ga_tcheby_proxy,mesh9,5,4,1,"[]",0,0,0,0,0,0,0.5,3403,2778
6181,614.881,ga_tcheby_proxy,mesh9,1,7,1,"[]",0,0,0,0,0,0,0.5,3403,2779
6182,614.932,ga_tcheby_proxy,mesh9,8,0,1,"[]",0,0,0,0,0,0,0.5,3403,2780
6183,615.211,ga_tcheby_proxy,mesh9,0,5,0,"[0-1-2-5]",3,64,4.82552,0.97,0.692308,3,0.5,3404,2780
6184,615.45,ga_tcheby_proxy,mesh9,0,5,0,"[0-1-2-5]",3,64,4.82552,0.97,0.693046,3,0.5,3405,2780
6185,615.468,ga_tcheby_proxy,mesh9,3,4,1,"[]",0,0,0,0,0,0,0.5,3405,2781
6186,615.472,ga_tcheby_proxy,mesh9,0,3,1,"[]",0,0,0,0,0,0,0.5,3405,2782
6187,615.554,ga_tcheby_proxy,mesh9,6,8,0,"[6-7-8]",2,44,3.28099,0.938437,0.69378,2,0.5,3406,2782
6188,615.614,ga_tcheby_proxy,mesh9,3,0,1,"[]",0,0,0,0,0,0,0.5,3406,2783
6189,615.616,ga_tcheby_proxy,mesh9,7,0,1,"[]",0,0,0,0,0,0,0.5,3406,2784
6190,615.646,ga_tcheby_proxy,mesh9,8,1,1,"[]",0,0,0,0,0,0,0.5,3406,2785
6191,616.065,ga_tcheby_proxy,mesh9,1,3,0,"[1-4-3]",2,42,3.21103,0.97,0.692308,2,0.5,3407,2785
6192,616.304,ga_tcheby_proxy,mesh9,4,6,0,"[4-3-6]",2,42,3.21103,0.97,0.692308,2,0.5,3408,2785
6193,616.455,ga_tcheby_proxy,mesh9,2,1,0,"[2-1]",1,22,1.61449,0.97,0.68932,1,0.5,3409,2785
6194,616.457,ga_tcheby_proxy,mesh9,1,0,0,"[1-0]",1,22,1.66337,0.940278,0.692308,1,0.5,3410,2785
6195,616.458,ga_tcheby_proxy,mesh9,2,6,0,"[2-5-8-7-6]",4,84,6.7209,0.925197,0.69378,4,0.5,3411,2785
6196,616.631,ga_tcheby_proxy,mesh9,5,6,0,"[5-8-7-6]",3,64,4.82552,0.97,0.688564,3,0.5,3412,2785
6197,616.682,ga_tcheby_proxy,mesh9,4,0,1,"[]",0,0,0,0,0,0,0.5,3412,2786
6198,616.747,ga_tcheby_proxy,mesh9,4,5,0,"[4-7-8-5]",3,62,4.89144,0.920094,0.699531,3,0.5,3413,2786
6199,616.898,ga_tcheby_proxy,mesh9,5,8,0,"[5-8]",1,20,1.59654,0.975,0.68932,1,0.5,3414,2786
6200,616.941,ga_tcheby_proxy,mesh9,4,1,1,"[]",0,0,0,0,0,0,0.5,3414,2787
6201,617.003,ga_tcheby_proxy,mesh9,4,8,1,"[]",0,0,0,0,0,0,0.5,3414,2788
6202,617.169,ga_tcheby_proxy,mesh9,5,4,0,"[5-4]",1,22,1.61449,0.97,0.685504,1,0.5,3415,2788
6203,617.48,ga_tcheby_proxy,mesh9,6,5,0,"[6-7-8-5]",3,64,4.82552,0.97,0.700234,3,0.5,3416,2788
6204,617.563,ga_tcheby_proxy,mesh9,8,4,0,"[8-5-4]",2,42,3.21103,0.97,0.700935,2,0.5,3417,2788
6205,617.654,ga_tcheby_proxy,mesh9,5,8,0,"[5-8]",1,20,1.59654,0.975,0.690073,1,0.5,3418,2788
6206,617.661,ga_tcheby_proxy,mesh9,6,2,1,"[]",0,0,0,0,0,0,0.5,3418,2789
6207,617.681,ga_tcheby_proxy,mesh9,4,0,1,"[]",0,0,0,0,0,0,0.5,3418,2790
6208,617.792,ga_tcheby_proxy,mesh9,5,1,0,"[5-2-1]",2,42,3.21103,0.97,0.705069,2,0.5,3419,2790
6209,617.796,ga_tcheby_proxy,mesh9,5,3,0,"[5-4-3]",2,44,3.40676,0.916538,0.695545,2,0.5,3420,2790
6210,617.838,ga_tcheby_proxy,mesh9,4,7,1,"[]",0,0,0,0,0,0,0.5,3420,2791
6211,617.977,ga_tcheby_proxy,mesh9,7,0,0,"[7-6-3-0]",3,62,4.80756,0.97,0.703016,3,0.5,3421,2791
6212,618.018,ga_tcheby_proxy,mesh9,5,0,1,"[]",0,0,0,0,0,0,0.5,3421,2792
6213,618.046,ga_tcheby_proxy,mesh9,1,7,1,"[]",0,0,0,0,0,0,0.5,3421,2793
6214,618.21,ga_tcheby_proxy,mesh9,6,8,0,"[6-7-8]",2,44,3.22898,0.97,0.695962,2,0.5,3422,2793
6215,618.234,ga_tcheby_proxy,mesh9,3,7,1,"[]",0,0,0,0,0,0,0.5,3422,2794
6216,618.383,ga_tcheby_proxy,mesh9,0,5,0,"[0-1-4-5]",3,64,4.82552,0.97,0.693046,3,0.5,3423,2794
6217,618.692,ga_tcheby_proxy,mesh9,6,0,0,"[6-3-0]",2,40,3.19307,0.975,0.703704,2,0.5,3424,2794
6218,618.84,ga_tcheby_proxy,mesh9,8,7,0,"[8-7]",1,22,1.61449,0.97,0.687805,1,0.5,3425,2794
6219,618.847,ga_tcheby_proxy,mesh9,6,0,1,"[]",0,0,0,0,0,0,0.5,3425,2795
6220,618.911,ga_tcheby_proxy,mesh9,3,8,1,"[]",0,0,0,0,0,0,0.5,3425,2796
6221,618.975,ga_tcheby_proxy,mesh9,0,6,1,"[]",0,0,0,0,0,0,0.5,3425,2797
6222,619.291,ga_tcheby_proxy,mesh9,2,8,0,"[2-5-8]",2,40,3.19307,0.975,0.694511,2,0.5,3426,2797
6223,619.393,ga_tcheby_proxy,mesh9,1,0,0,"[1-0]",1,22,1.61449,0.97,0.693046,1,0.5,3427,2797
6224,619.416,ga_tcheby_proxy,mesh9,7,8,1,"[]",0,0,0,0,0,0,0.5,3427,2798
6225,619.453,ga_tcheby_proxy,mesh9,0,4,1,"[]",0,0,0,0,0,0,0.5,3427,2799
6226,619.462,ga_tcheby_proxy,mesh9,2,6,1,"[]",0,0,0,0,0,0,0.5,3427,2800
6227,619.468,ga_tcheby_proxy,mesh9,8,7,1,"[]",0,0,0,0,0,0,0.5,3427,2801
6228,619.559,ga_tcheby_proxy,mesh9,6,4,0,"[6-7-4]",2,42,3.21103,0.97,0.701632,2,0.5,3428,2801
6229,619.618,ga_tcheby_proxy,mesh9,0,6,0,"[0-3-6]",2,40,3.33382,0.920025,0.693046,2,0.5,3429,2801
6230,619.619,ga_tcheby_proxy,mesh9,6,7,1,"[]",0,0,0,0,0,0,0.5,3429,2802
6231,619.689,ga_tcheby_proxy,mesh9,0,7,0,"[0-1-4-7]",3,62,4.92102,0.934697,0.69378,3,0.5,3430,2802
6232,619.812,ga_tcheby_proxy,mesh9,5,0,0,"[5-4-3-0]",3,64,4.82552,0.97,0.704388,3,0.5,3431,2802
6233,620.005,ga_tcheby_proxy,mesh9,8,5,0,"[8-5]",1,20,1.59654,0.975,0.701632,1,0.5,3432,2802
6234,620.015,ga_tcheby_proxy,mesh9,2,4,1,"[]",0,0,0,0,0,0,0.5,3432,2803
6235,620.12,ga_tcheby_proxy,mesh9,7,0,0,"[7-6-3-0]",3,62,4.80756,0.97,0.705069,3,0.5,3433,2803
6236,620.123,ga_tcheby_proxy,mesh9,0,8,0,"[0-1-4-7-8]",4,84,6.7876,0.915981,0.699519,4,0.5,3434,2803
6237,620.141,ga_tcheby_proxy,mesh9,8,3,1,"[]",0,0,0,0,0,0,0.5,3434,2804
6238,620.381,ga_tcheby_proxy,mesh9,4,2,0,"[4-1-2]",2,42,3.21103,0.97,0.705069,2,0.5,3435,2804
6239,620.536,ga_tcheby_proxy,mesh9,3,5,0,"[3-4-5]",2,44,3.22898,0.97,0.69378,2,0.5,3436,2804
6240,620.57,ga_tcheby_proxy,mesh9,6,2,1,"[]",0,0,0,0,0,0,0.5,3436,2805
6241,620.748,ga_tcheby_proxy,mesh9,8,6,0,"[8-7-6]",2,44,3.22898,0.97,0.688564,2,0.5,3437,2805
6242,620.998,ga_tcheby_proxy,mesh9,7,4,0,"[7-4]",1,20,1.59654,0.975,0.702326,1,0.5,3438,2805
6243,621.189,ga_tcheby_proxy,mesh9,3,1,0,"[3-0-1]",2,42,3.21103,0.97,0.705747,2,0.5,3439,2805
6244,621.192,ga_tcheby_proxy,mesh9,5,1,0,"[5-4-1]",2,42,3.38922,0.917029,0.705747,2,0.5,3440,2805
6245,621.286,ga_tcheby_proxy,mesh9,4,8,0,"[4-5-8]",2,42,3.21103,0.97,0.694511,2,0.5,3441,2805
6246,621.43,ga_tcheby_proxy,mesh9,3,8,0,"[3-4-5-8]",3,64,4.82552,0.97,0.695238,3,0.5,3442,2805
6247,621.478,ga_tcheby_proxy,mesh9,8,7,1,"[]",0,0,0,0,0,0,0.5,3442,2806
6248,621.534,ga_tcheby_proxy,mesh9,8,5,1,"[]",0,0,0,0,0,0,0.5,3442,2807
6249,621.542,ga_tcheby_proxy,mesh9,4,0,1,"[]",0,0,0,0,0,0,0.5,3442,2808
6250,621.737,ga_tcheby_proxy,mesh9,0,7,0,"[0-3-6-7]",3,62,4.80756,0.97,0.69378,3,0.5,3443,2808
6251,621.811,ga_tcheby_proxy,mesh9,8,6,0,"[8-7-6]",2,44,3.31377,0.91958,0.68932,2,0.5,3444,2808
6252,621.972,ga_tcheby_proxy,mesh9,6,8,0,"[6-7-8]",2,44,3.22898,0.97,0.6974,2,0.5,3445,2808
6253,622.088,ga_tcheby_proxy,mesh9,2,5,0,"[2-5]",1,20,1.59654,0.975,0.695238,1,0.5,3446,2808
6254,622.214,ga_tcheby_proxy,mesh9,1,3,0,"[1-0-3]",2,42,3.21103,0.97,0.69378,2,0.5,3447,2808
6255,622.443,ga_tcheby_proxy,mesh9,3,5,0,"[3-4-5]",2,44,3.22898,0.97,0.695962,2,0.5,3448,2808
6256,622.483,ga_tcheby_proxy,mesh9,3,5,1,"[]",0,0,0,0,0,0,0.5,3448,2809
6257,622.541,ga_tcheby_proxy,mesh9,2,6,1,"[]",0,0,0,0,0,0,0.5,3448,2810
6258,622.741,ga_tcheby_proxy,mesh9,3,0,0,"[3-0]",1,20,1.59654,0.975,0.706422,1,0.5,3449,2810
6259,622.965,ga_tcheby_proxy,mesh9,3,2,0,"[3-4-5-2]",3,64,4.82552,0.97,0.705747,3,0.5,3450,2810
6260,623.002,ga_tcheby_proxy,mesh9,1,4,1,"[]",0,0,0,0,0,0,0.5,3450,2811
6261,623.145,ga_tcheby_proxy,mesh9,7,2,0,"[7-4-5-2]",3,62,4.80756,0.97,0.706422,3,0.5,3451,2811
6262,623.244,ga_tcheby_proxy,mesh9,4,8,0,"[4-5-8]",2,42,3.21103,0.97,0.698113,2,0.5,3452,2811
6263,623.321,ga_tcheby_proxy,mesh9,0,8,0,"[0-3-4-5-8]",4,84,6.42205,0.97,0.698824,4,0.5,3453,2811
6264,623.414,ga_tcheby_proxy,mesh9,1,3,0,"[1-0-3]",2,42,3.21103,0.97,0.694511,2,0.5,3454,2811
6265,623.438,ga_tcheby_proxy,mesh9,5,3,1,"[]",0,0,0,0,0,0,0.5,3454,2812
6266,623.542,ga_tcheby_proxy,mesh9,1,4,0,"[1-4]",1,20,1.59654,0.975,0.695238,1,0.5,3455,2812
6267,623.667,ga_tcheby_proxy,mesh9,0,7,0,"[0-3-6-7]",3,62,4.80756,0.97,0.694511,3,0.5,3456,2812
6268,623.678,ga_tcheby_proxy,mesh9,3,6,1,"[]",0,0,0,0,0,0,0.5,3456,2813
6269,623.715,ga_tcheby_proxy,mesh9,8,7,1,"[]",0,0,0,0,0,0,0.5,3456,2814
6270,623.741,ga_tcheby_proxy,mesh9,4,5,1,"[]",0,0,0,0,0,0,0.5,3456,2815
6271,623.851,ga_tcheby_proxy,mesh9,4,8,0,"[4-7-8]",2,42,3.21103,0.97,0.698113,2,0.5,3457,2815
6272,623.886,ga_tcheby_proxy,mesh9,2,5,1,"[]",0,0,0,0,0,0,0.5,3457,2816
6273,623.921,ga_tcheby_proxy,mesh9,7,0,1,"[]",0,0,0,0,0,0,0.5,3457,2817
6274,623.939,ga_tcheby_proxy,mesh9,6,2,1,"[]",0,0,0,0,0,0,0.5,3457,2818
6275,624.023,ga_tcheby_proxy,mesh9,2,6,0,"[2-1-0-3-6]",4,84,6.42205,0.97,0.695238,4,0.5,3458,2818
6276,624.044,ga_tcheby_proxy,mesh9,0,3,1,"[]",0,0,0,0,0,0,0.5,3458,2819
6277,624.115,ga_tcheby_proxy,mesh9,5,1,0,"[5-2-1]",2,42,3.32239,0.90484,0.707094,2,0.5,3459,2819
6278,624.139,ga_tcheby_proxy,mesh9,1,2,1,"[]",0,0,0,0,0,0,0.5,3459,2820
6279,624.51,ga_tcheby_proxy,mesh9,7,2,0,"[7-4-1-2]",3,62,4.80756,0.97,0.706422,3,0.5,3460,2820
6280,624.786,ga_tcheby_proxy,mesh9,5,7,0,"[5-8-7]",2,42,3.21103,0.97,0.694511,2,0.5,3461,2820
6281,625.018,ga_tcheby_proxy,mesh9,4,3,0,"[4-3]",1,22,1.61449,0.97,0.688564,1,0.5,3462,2820
6282,625.11,ga_tcheby_proxy,mesh9,8,1,0,"[8-5-4-1]",3,62,4.80756,0.97,0.707094,3,0.5,3463,2820
6283,625.361,ga_tcheby_proxy,mesh9,0,2,0,"[0-1-2]",2,44,3.22898,0.97,0.691566,2,0.5,3464,2820
6284,625.377,ga_tcheby_proxy,mesh9,6,5,1,"[]",0,0,0,0,0,0,0.5,3464,2821
6285,625.387,ga_tcheby_proxy,mesh9,5,4,1,"[]",0,0,0,0,0,0,0.5,3464,2822
6286,625.591,ga_tcheby_proxy,mesh9,1,6,0,"[1-0-3-6]",3,62,4.80756,0.97,0.695962,3,0.5,3465,2822
6287,625.854,ga_tcheby_proxy,mesh9,1,3,0,"[1-4-3]",2,42,3.21103,0.97,0.695962,2,0.5,3466,2822
6288,626.026,ga_tcheby_proxy,mesh9,7,2,0,"[7-8-5-2]",3,62,4.80756,0.97,0.707763,3,0.5,3467,2822
6289,626.042,ga_tcheby_proxy,mesh9,6,1,1,"[]",0,0,0,0,0,0,0.5,3467,2823
6290,626.064,ga_tcheby_proxy,mesh9,5,8,1,"[]",0,0,0,0,0,0,0.5,3467,2824
6291,626.11,ga_tcheby_proxy,mesh9,3,6,1,"[]",0,0,0,0,0,0,0.5,3467,2825
6292,626.182,ga_tcheby_proxy,mesh9,0,8,0,"[0-1-2-5-8]",4,84,6.54089,0.911027,0.695962,4,0.5,3468,2825
6293,626.235,ga_tcheby_proxy,mesh9,3,7,1,"[]",0,0,0,0,0,0,0.5,3468,2826
6294,626.247,ga_tcheby_proxy,mesh9,4,5,1,"[]",0,0,0,0,0,0,0.5,3468,2827
6295,626.383,ga_tcheby_proxy,mesh9,0,7,0,"[0-3-4-7]",3,62,4.80756,0.97,0.695962,3,0.5,3469,2827
6296,626.439,ga_tcheby_proxy,mesh9,0,4,1,"[]",0,0,0,0,0,0,0.5,3469,2828
6297,626.455,ga_tcheby_proxy,mesh9,1,8,1,"[]",0,0,0,0,0,0,0.5,3469,2829
6298,626.474,ga_tcheby_proxy,mesh9,0,1,1,"[]",0,0,0,0,0,0,0.5,3469,2830
6299,626.506,ga_tcheby_proxy,mesh9,3,8,1,"[]",0,0,0,0,0,0,0.5,3469,2831
6300,626.655,ga_tcheby_proxy,mesh9,1,8,0,"[1-2-5-8]",3,62,4.80756,0.97,0.696682,3,0.5,3470,2831
6301,626.669,ga_tcheby_proxy,mesh9,5,2,1,"[]",0,0,0,0,0,0,0.5,3470,2832
6302,626.69,ga_tcheby_proxy,mesh9,6,3,1,"[]",0,0,0,0,0,0,0.5,3470,2833
6303,626.766,ga_tcheby_proxy,mesh9,2,7,0,"[2-1-4-7]",3,62,4.80756,0.97,0.696682,3,0.5,3471,2833
6304,626.882,ga_tcheby_proxy,mesh9,2,5,0,"[2-5]",1,20,1.59654,0.975,0.6974,1,0.5,3472,2833
6305,626.942,ga_tcheby_proxy,mesh9,7,4,0,"[7-4]",1,20,1.68905,0.919696,0.704388,1,0.5,3473,2833
6306,626.993,ga_tcheby_proxy,mesh9,5,3,1,"[]",0,0,0,0,0,0,0.5,3473,2834
6307,627.07,ga_tcheby_proxy,mesh9,1,6,0,"[1-4-3-6]",3,62,4.80756,0.97,0.6974,3,0.5,3474,2834
6308,627.104,ga_tcheby_proxy,mesh9,7,5,1,"[]",0,0,0,0,0,0,0.5,3474,2835
6309,627.289,ga_tcheby_proxy,mesh9,7,8,0,"[7-8]",1,22,1.61449,0.97,0.699531,1,0.5,3475,2835
6310,627.507,ga_tcheby_proxy,mesh9,6,0,0,"[6-3-0]",2,40,3.19307,0.975,0.707094,2,0.5,3476,2835
6311,627.809,ga_tcheby_proxy,mesh9,6,3,0,"[6-3]",1,20,1.59654,0.975,0.703704,1,0.5,3477,2835
6312,628.521,ga_tcheby_proxy,mesh9,0,1,0,"[0-1]",1,22,1.61449,0.97,0.691566,1,0.5,3478,2835
6313,628.63,ga_tcheby_proxy,mesh9,2,6,0,"[2-1-0-3-6]",4,84,6.42205,0.97,0.6974,4,0.5,3479,2835
6314,629.127,ga_tcheby_proxy,mesh9,4,5,0,"[4-5]",1,22,1.61449,0.97,0.699531,1,0.5,3480,2835
6315,629.212,ga_tcheby_proxy,mesh9,2,5,0,"[2-5]",1,20,1.59654,0.975,0.698113,1,0.5,3481,2835
6316,629.248,ga_tcheby_proxy,mesh9,7,5,1,"[]",0,0,0,0,0,0,0.5,3481,2836
6317,629.389,ga_tcheby_proxy,mesh9,6,3,0,"[6-3]",1,20,1.59654,0.975,0.704388,1,0.5,3482,2836
6318,629.552,ga_tcheby_proxy,mesh9,3,8,0,"[3-4-5-8]",3,64,4.82552,0.97,0.700234,3,0.5,3483,2836
6319,629.667,ga_tcheby_proxy,mesh9,7,4,0,"[7-4]",1,20,1.59654,0.975,0.705069,1,0.5,3484,2836
6320,629.737,ga_tcheby_proxy,mesh9,5,8,0,"[5-8]",1,20,1.69838,0.914461,0.6974,1,0.5,3485,2836
6321,629.747,ga_tcheby_proxy,mesh9,2,6,1,"[]",0,0,0,0,0,0,0.5,3485,2837
6322,629.793,ga_tcheby_proxy,mesh9,1,6,1,"[]",0,0,0,0,0,0,0.5,3485,2838
6323,630.165,ga_tcheby_proxy,mesh9,0,4,0,"[0-3-4]",2,42,3.21103,0.97,0.6974,2,0.5,3486,2838
6324,630.231,ga_tcheby_proxy,mesh9,7,8,0,"[7-8]",1,22,1.61449,0.97,0.700234,1,0.5,3487,2838
6325,630.254,ga_tcheby_proxy,mesh9,6,1,1,"[]",0,0,0,0,0,0,0.5,3487,2839
6326,630.289,ga_tcheby_proxy,mesh9,7,3,1,"[]",0,0,0,0,0,0,0.5,3487,2840
6327,630.478,ga_tcheby_proxy,mesh9,0,6,0,"[0-3-6]",2,40,3.19307,0.975,0.698113,2,0.5,3488,2840
6328,630.515,ga_tcheby_proxy,mesh9,3,8,1,"[]",0,0,0,0,0,0,0.5,3488,2841
6329,630.585,ga_tcheby_proxy,mesh9,3,8,0,"[3-4-7-8]",3,64,4.83493,0.969069,0.700935,3,0.5,3489,2841
6330,630.691,ga_tcheby_proxy,mesh9,1,8,0,"[1-2-5-8]",3,62,4.80756,0.97,0.698824,3,0.5,3490,2841
6331,630.793,ga_tcheby_proxy,mesh9,5,7,0,"[5-4-7]",2,42,3.21103,0.97,0.698113,2,0.5,3491,2841
6332,630.795,ga_tcheby_proxy,mesh9,5,1,0,"[5-2-1]",2,42,3.32773,0.934497,0.708428,2,0.5,3492,2841
6333,631.254,ga_tcheby_proxy,mesh9,3,1,0,"[3-0-1]",2,42,3.21103,0.97,0.707763,2,0.5,3493,2841
6334,631.408,ga_tcheby_proxy,mesh9,5,7,0,"[5-8-7]",2,42,3.21103,0.97,0.698824,2,0.5,3494,2841
6335,631.433,ga_tcheby_proxy,mesh9,5,0,1,"[]",0,0,0,0,0,0,0.5,3494,2842
6336,631.726,ga_tcheby_proxy,mesh9,4,0,0,"[4-1-0]",2,42,3.21103,0.97,0.707763,2,0.5,3495,2842
6337,631.814,ga_tcheby_proxy,mesh9,7,8,0,"[7-8]",1,22,1.61449,0.97,0.701632,1,0.5,3496,2842
6338,631.884,ga_tcheby_proxy,mesh9,8,4,0,"[8-7-4]",2,42,3.21103,0.97,0.705747,2,0.5,3497,2842
6339,632.009,ga_tcheby_proxy,mesh9,5,8,0,"[5-8]",1,20,1.59654,0.975,0.699531,1,0.5,3498,2842
6340,632.151,ga_tcheby_proxy,mesh9,7,2,0,"[7-4-1-2]",3,62,4.80756,0.97,0.708428,3,0.5,3499,2842
6341,632.322,ga_tcheby_proxy,mesh9,4,5,0,"[4-5]",1,22,1.61449,0.97,0.700935,1,0.5,3500,2842
6342,632.353,ga_tcheby_proxy,mesh9,0,7,1,"[]",0,0,0,0,0,0,0.5,3500,2843
6343,632.519,ga_tcheby_proxy,mesh9,2,6,0,"[2-1-4-7-6]",4,84,6.42205,0.97,0.698824,4,0.5,3501,2843
6344,632.603,ga_tcheby_proxy,mesh9,7,0,0,"[7-4-3-0]",3,62,4.80756,0.97,0.708428,3,0.5,3502,2843
6345,632.636,ga_tcheby_proxy,mesh9,7,4,1,"[]",0,0,0,0,0,0,0.5,3502,2844
6346,632.78,ga_tcheby_proxy,mesh9,6,4,0,"[6-3-4]",2,42,3.21103,0.97,0.705069,2,0.5,3503,2844
6347,632.832,ga_tcheby_proxy,mesh9,8,4,1,"[]",0,0,0,0,0,0,0.5,3503,2845
6348,633.005,ga_tcheby_proxy,mesh9,3,0,0,"[3-0]",1,20,1.59654,0.975,0.709091,1,0.5,3504,2845
6349,633.064,ga_tcheby_proxy,mesh9,5,3,1,"[]",0,0,0,0,0,0,0.5,3504,2846
6350,633.249,ga_tcheby_proxy,mesh9,8,4,0,"[8-5-4]",2,42,3.21103,0.97,0.703704,2,0.5,3505,2846
6351,633.35,ga_tcheby_proxy,mesh9,5,2,0,"[5-2]",1,20,1.59654,0.975,0.709091,1,0.5,3506,2846
6352,633.372,ga_tcheby_proxy,mesh9,8,7,1,"[]",0,0,0,0,0,0,0.5,3506,2847
6353,633.383,ga_tcheby_proxy,mesh9,4,1,1,"[]",0,0,0,0,0,0,0.5,3506,2848
6354,633.458,ga_tcheby_proxy,mesh9,3,6,0,"[3-6]",1,20,1.59654,0.975,0.698824,1,0.5,3507,2848
6355,633.472,ga_tcheby_proxy,mesh9,6,4,1,"[]",0,0,0,0,0,0,0.5,3507,2849
6356,633.723,ga_tcheby_proxy,mesh9,2,8,0,"[2-5-8]",2,40,3.19307,0.975,0.700234,2,0.5,3508,2849
6357,633.788,ga_tcheby_proxy,mesh9,2,1,0,"[2-5-4-1]",3,62,4.95061,0.901125,0.709091,3,0.5,3509,2849
6358,633.851,ga_tcheby_proxy,mesh9,2,7,1,"[]",0,0,0,0,0,0,0.5,3509,2850
6359,633.925,ga_tcheby_proxy,mesh9,6,8,0,"[6-7-8]",2,44,3.29475,0.930428,0.702326,2,0.5,3510,2850
6360,634,ga_tcheby_proxy,mesh9,6,0,0,"[6-3-0]",2,40,3.22911,0.963713,0.709751,2,0.5,3511,2850
6361,634.164,ga_tcheby_proxy,mesh9,0,6,0,"[0-3-6]",2,40,3.19307,0.975,0.699531,2,0.5,3512,2850
6362,634.178,ga_tcheby_proxy,mesh9,6,0,1,"[]",0,0,0,0,0,0,0.5,3512,2851
6363,634.305,ga_tcheby_proxy,mesh9,1,8,0,"[1-2-5-8]",3,62,4.80756,0.97,0.700935,3,0.5,3513,2851
6364,634.317,ga_tcheby_proxy,mesh9,0,7,1,"[]",0,0,0,0,0,0,0.5,3513,2852
6365,634.361,ga_tcheby_proxy,mesh9,8,3,1,"[]",0,0,0,0,0,0,0.5,3513,2853
6366,634.447,ga_tcheby_proxy,mesh9,0,3,0,"[0-3]",1,20,1.59654,0.975,0.690821,1,0.5,3514,2853
6367,634.452,ga_tcheby_proxy,mesh9,4,0,1,"[]",0,0,0,0,0,0,0.5,3514,2854
6368,634.496,ga_tcheby_proxy,mesh9,1,0,1,"[]",0,0,0,0,0,0,0.5,3514,2855
6369,634.721,ga_tcheby_proxy,mesh9,0,2,0,"[0-1-2]",2,44,3.22898,0.97,0.695962,2,0.5,3515,2855
6370,634.788,ga_tcheby_proxy,mesh9,2,3,0,"[2-1-0-3]",3,64,5.06953,0.910419,0.698113,3,0.5,3516,2855
6371,634.813,ga_tcheby_proxy,mesh9,2,6,1,"[]",0,0,0,0,0,0,0.5,3516,2856
6372,634.863,ga_tcheby_proxy,mesh9,5,6,1,"[]",0,0,0,0,0,0,0.5,3516,2857
6373,634.903,ga_tcheby_proxy,mesh9,6,5,1,"[]",0,0,0,0,0,0,0.5,3516,2858
6374,634.996,ga_tcheby_proxy,mesh9,8,2,0,"[8-5-2]",2,40,3.19307,0.975,0.709751,2,0.5,3517,2858
6375,635.165,ga_tcheby_proxy,mesh9,4,5,0,"[4-5]",1,22,1.61449,0.97,0.701632,1,0.5,3518,2858
6376,635.358,ga_tcheby_proxy,mesh9,7,0,0,"[7-4-1-0]",3,62,4.80756,0.97,0.709751,3,0.5,3519,2858
6377,635.486,ga_tcheby_proxy,mesh9,1,2,0,"[1-2]",1,22,1.61449,0.97,0.696682,1,0.5,3520,2858
6378,635.522,ga_tcheby_proxy,mesh9,8,0,1,"[]",0,0,0,0,0,0,0.5,3520,2859
6379,635.752,ga_tcheby_proxy,mesh9,6,4,0,"[6-3-4]",2,42,3.21103,0.97,0.706422,2,0.5,3521,2859
6380,635.838,ga_tcheby_proxy,mesh9,2,8,0,"[2-5-8]",2,40,3.19307,0.975,0.701632,2,0.5,3522,2859
6381,635.94,ga_tcheby_proxy,mesh9,3,2,0,"[3-4-5-2]",3,64,4.82552,0.97,0.710407,3,0.5,3523,2859
6382,636.078,ga_tcheby_proxy,mesh9,5,3,0,"[5-4-3]",2,44,3.22898,0.97,0.692308,2,0.5,3524,2859
6383,636.272,ga_tcheby_proxy,mesh9,4,5,0,"[4-5]",1,22,1.61449,0.97,0.703016,1,0.5,3525,2859
6384,636.321,ga_tcheby_proxy,mesh9,2,0,1,"[]",0,0,0,0,0,0,0.5,3525,2860
6385,636.348,ga_tcheby_proxy,mesh9,3,2,1,"[]",0,0,0,0,0,0,0.5,3525,2861
6386,636.389,ga_tcheby_proxy,mesh9,7,2,1,"[]",0,0,0,0,0,0,0.5,3525,2862
6387,636.409,ga_tcheby_proxy,mesh9,6,8,1,"[]",0,0,0,0,0,0,0.5,3525,2863
6388,636.431,ga_tcheby_proxy,mesh9,4,0,1,"[]",0,0,0,0,0,0,0.5,3525,2864
6389,636.508,ga_tcheby_proxy,mesh9,6,0,0,"[6-3-0]",2,40,3.19307,0.975,0.710407,2,0.5,3526,2864
6390,636.697,ga_tcheby_proxy,mesh9,0,6,0,"[0-3-6]",2,40,3.19307,0.975,0.700234,2,0.5,3527,2864
6391,636.703,ga_tcheby_proxy,mesh9,0,2,1,"[]",0,0,0,0,0,0,0.5,3527,2865
6392,636.879,ga_tcheby_proxy,mesh9,6,0,0,"[6-3-0]",2,40,3.19307,0.975,0.711061,2,0.5,3528,2865
6393,637.061,ga_tcheby_proxy,mesh9,6,0,0,"[6-3-0]",2,40,3.19307,0.975,0.711712,2,0.5,3529,2865
6394,637.12,ga_tcheby_proxy,mesh9,7,0,1,"[]",0,0,0,0,0,0,0.5,3529,2866
6395,637.173,ga_tcheby_proxy,mesh9,6,7,1,"[]",0,0,0,0,0,0,0.5,3529,2867
6396,637.292,ga_tcheby_proxy,mesh9,5,1,0,"[5-4-1]",2,42,3.21103,0.97,0.710407,2,0.5,3530,2867
6397,637.383,ga_tcheby_proxy,mesh9,7,3,0,"[7-4-3]",2,42,3.21103,0.97,0.708428,2,0.5,3531,2867
6398,637.497,ga_tcheby_proxy,mesh9,2,0,0,"[2-1-0]",2,44,3.22898,0.97,0.699531,2,0.5,3532,2867
6399,637.556,ga_tcheby_proxy,mesh9,8,7,1,"[]",0,0,0,0,0,0,0.5,3532,2868
6400,637.715,ga_tcheby_proxy,mesh9,3,0,0,"[3-0]",1,20,1.59654,0.975,0.71236,1,0.5,3533,2868
6401,637.875,ga_tcheby_proxy,mesh9,5,3,0,"[5-4-3]",2,44,3.22898,0.97,0.69378,2,0.5,3534,2868
6402,637.886,ga_tcheby_proxy,mesh9,4,7,1,"[]",0,0,0,0,0,0,0.5,3534,2869
6403,638.053,ga_tcheby_proxy,mesh9,8,5,0,"[8-5]",1,20,1.59654,0.975,0.705069,1,0.5,3535,2869
6404,638.367,ga_tcheby_proxy,mesh9,7,2,0,"[7-8-5-2]",3,62,4.80756,0.97,0.711061,3,0.5,3536,2869
6405,638.396,ga_tcheby_proxy,mesh9,0,5,1,"[]",0,0,0,0,0,0,0.5,3536,2870
6406,638.458,ga_tcheby_proxy,mesh9,0,2,1,"[]",0,0,0,0,0,0,0.5,3536,2871
6407,638.492,ga_tcheby_proxy,mesh9,7,0,1,"[]",0,0,0,0,0,0,0.5,3536,2872
6408,638.604,ga_tcheby_proxy,mesh9,1,6,0,"[1-4-7-6]",3,62,4.80756,0.97,0.699531,3,0.5,3537,2872
6409,638.891,ga_tcheby_proxy,mesh9,3,7,0,"[3-6-7]",2,42,3.21103,0.97,0.700935,2,0.5,3538,2872
6410,638.949,ga_tcheby_proxy,mesh9,6,4,1,"[]",0,0,0,0,0,0,0.5,3538,2873
6411,639.146,ga_tcheby_proxy,mesh9,3,0,0,"[3-0]",1,20,1.59654,0.975,0.713004,1,0.5,3539,2873
6412,639.36,ga_tcheby_proxy,mesh9,1,5,0,"[1-2-5]",2,42,3.21103,0.97,0.702326,2,0.5,3540,2873
6413,639.691,ga_tcheby_proxy,mesh9,7,4,0,"[7-4]",1,20,1.59654,0.975,0.709091,1,0.5,3541,2873
6414,639.815,ga_tcheby_proxy,mesh9,0,2,0,"[0-1-2]",2,44,3.22898,0.97,0.698113,2,0.5,3542,2873
6415,639.876,ga_tcheby_proxy,mesh9,3,0,0,"[3-0]",1,20,1.65526,0.93915,0.713647,1,0.5,3543,2873
6416,639.922,ga_tcheby_proxy,mesh9,8,2,1,"[]",0,0,0,0,0,0,0.5,3543,2874
6417,639.929,ga_tcheby_proxy,mesh9,3,5,1,"[]",0,0,0,0,0,0,0.5,3543,2875
6418,639.934,ga_tcheby_proxy,mesh9,4,2,1,"[]",0,0,0,0,0,0,0.5,3543,2876
6419,640.013,ga_tcheby_proxy,mesh9,6,7,0,"[6-7]",1,22,1.61449,0.97,0.68932,1,0.5,3544,2876
6420,640.027,ga_tcheby_proxy,mesh9,1,6,1,"[]",0,0,0,0,0,0,0.5,3544,2877
6421,640.162,ga_tcheby_proxy,mesh9,0,5,0,"[0-1-2-5]",3,64,4.82552,0.97,0.703016,3,0.5,3545,2877
6422,640.204,ga_tcheby_proxy,mesh9,6,8,1,"[]",0,0,0,0,0,0,0.5,3545,2878
6423,640.219,ga_tcheby_proxy,mesh9,8,2,1,"[]",0,0,0,0,0,0,0.5,3545,2879
6424,640.471,ga_tcheby_proxy,mesh9,4,5,0,"[4-5]",1,22,1.61449,0.97,0.703704,1,0.5,3546,2879
6425,640.509,ga_tcheby_proxy,mesh9,3,4,1,"[]",0,0,0,0,0,0,0.5,3546,2880
6426,640.597,ga_tcheby_proxy,mesh9,0,4,0,"[0-1-4]",2,42,3.21103,0.97,0.699531,2,0.5,3547,2880
6427,640.762,ga_tcheby_proxy,mesh9,6,7,0,"[6-7]",1,22,1.61449,0.97,0.690073,1,0.5,3548,2880
6428,640.776,ga_tcheby_proxy,mesh9,4,7,1,"[]",0,0,0,0,0,0,0.5,3548,2881
6429,640.819,ga_tcheby_proxy,mesh9,2,1,1,"[]",0,0,0,0,0,0,0.5,3548,2882
6430,640.879,ga_tcheby_proxy,mesh9,5,7,1,"[]",0,0,0,0,0,0,0.5,3548,2883
6431,641.021,ga_tcheby_proxy,mesh9,8,2,0,"[8-5-2]",2,40,3.19307,0.975,0.711712,2,0.5,3549,2883
6432,641.132,ga_tcheby_proxy,mesh9,1,8,0,"[1-4-7-8]",3,62,4.80756,0.97,0.703704,3,0.5,3550,2883
6433,641.242,ga_tcheby_proxy,mesh9,0,4,0,"[0-3-4]",2,42,3.21103,0.97,0.700935,2,0.5,3551,2883
6434,641.272,ga_tcheby_proxy,mesh9,4,6,1,"[]",0,0,0,0,0,0,0.5,3551,2884
6435,641.33,ga_tcheby_proxy,mesh9,4,0,1,"[]",0,0,0,0,0,0,0.5,3551,2885
6436,641.359,ga_tcheby_proxy,mesh9,4,3,1,"[]",0,0,0,0,0,0,0.5,3551,2886
6437,641.458,ga_tcheby_proxy,mesh9,7,8,0,"[7-8]",1,22,1.61449,0.97,0.704388,1,0.5,3552,2886
6438,641.572,ga_tcheby_proxy,mesh9,0,3,0,"[0-3]",1,20,1.59654,0.975,0.69378,1,0.5,3553,2886
6439,641.806,ga_tcheby_proxy,mesh9,8,1,0,"[8-7-4-1]",3,62,4.80756,0.97,0.711061,3,0.5,3554,2886
6440,641.818,ga_tcheby_proxy,mesh9,3,6,1,"[]",0,0,0,0,0,0,0.5,3554,2887
6441,642.032,ga_tcheby_proxy,mesh9,3,0,0,"[3-0]",1,20,1.59654,0.975,0.714286,1,0.5,3555,2887
6442,642.061,ga_tcheby_proxy,mesh9,5,3,1,"[]",0,0,0,0,0,0,0.5,3555,2888
6443,642.092,ga_tcheby_proxy,mesh9,8,3,1,"[]",0,0,0,0,0,0,0.5,3555,2889
6444,642.122,ga_tcheby_proxy,mesh9,6,0,1,"[]",0,0,0,0,0,0,0.5,3555,2890
6445,642.162,ga_tcheby_proxy,mesh9,8,6,1,"[]",0,0,0,0,0,0,0.5,3555,2891
6446,642.452,ga_tcheby_proxy,mesh9,6,2,0,"[6-3-4-1-2]",4,84,6.42205,0.97,0.711712,4,0.5,3556,2891
6447,642.487,ga_tcheby_proxy,mesh9,8,5,1,"[]",0,0,0,0,0,0,0.5,3556,2892
6448,642.616,ga_tcheby_proxy,mesh9,3,5,0,"[3-4-5]",2,44,3.22898,0.97,0.704388,2,0.5,3557,2892
6449,642.733,ga_tcheby_proxy,mesh9,7,6,0,"[7-6]",1,22,1.61449,0.97,0.685504,1,0.5,3558,2892
6450,642.757,ga_tcheby_proxy,mesh9,5,7,1,"[]",0,0,0,0,0,0,0.5,3558,2893
6451,642.864,ga_tcheby_proxy,mesh9,0,1,0,"[0-1]",1,22,1.61449,0.97,0.695962,1,0.5,3559,2893
6452,643.311,ga_tcheby_proxy,mesh9,3,0,0,"[3-0]",1,20,1.59654,0.975,0.714922,1,0.5,3560,2893
6453,643.485,ga_tcheby_proxy,mesh9,4,8,0,"[4-7-8]",2,42,3.21103,0.97,0.705069,2,0.5,3561,2893
6454,643.569,ga_tcheby_proxy,mesh9,6,8,0,"[6-7-8]",2,44,3.22898,0.97,0.705747,2,0.5,3562,2893
6455,643.636,ga_tcheby_proxy,mesh9,1,5,0,"[1-4-5]",2,42,3.33034,0.900518,0.705069,2,0.5,3563,2893
6456,643.644,ga_tcheby_proxy,mesh9,4,6,1,"[]",0,0,0,0,0,0,0.5,3563,2894
6457,643.657,ga_tcheby_proxy,mesh9,2,4,1,"[]",0,0,0,0,0,0,0.5,3563,2895
6458,643.713,ga_tcheby_proxy,mesh9,4,0,1,"[]",0,0,0,0,0,0,0.5,3563,2896
6459,643.717,ga_tcheby_proxy,mesh9,4,7,1,"[]",0,0,0,0,0,0,0.5,3563,2897
6460,643.802,ga_tcheby_proxy,mesh9,2,8,0,"[2-5-8]",2,40,3.19307,0.975,0.703704,2,0.5,3564,2897
6461,643.965,ga_tcheby_proxy,mesh9,5,4,0,"[5-4]",1,22,1.61449,0.97,0.694511,1,0.5,3565,2897
6462,643.998,ga_tcheby_proxy,mesh9,0,3,1,"[]",0,0,0,0,0,0,0.5,3565,2898
6463,644.159,ga_tcheby_proxy,mesh9,0,6,0,"[0-3-6]",2,40,3.19307,0.975,0.701632,2,0.5,3566,2898
6464,644.211,ga_tcheby_proxy,mesh9,8,2,1,"[]",0,0,0,0,0,0,0.5,3566,2899
6465,644.407,ga_tcheby_proxy,mesh9,6,7,0,"[6-7]",1,22,1.61449,0.97,0.691566,1,0.5,3567,2899
6466,644.506,ga_tcheby_proxy,mesh9,7,2,0,"[7-8-5-2]",3,62,4.80756,0.97,0.71236,3,0.5,3568,2899
6467,644.57,ga_tcheby_proxy,mesh9,7,3,0,"[7-6-3]",2,42,3.31595,0.91294,0.709751,2,0.5,3569,2899
6468,644.712,ga_tcheby_proxy,mesh9,6,7,0,"[6-7]",1,22,1.61449,0.97,0.692308,1,0.5,3570,2899
6469,644.749,ga_tcheby_proxy,mesh9,2,1,1,"[]",0,0,0,0,0,0,0.5,3570,2900
6470,644.876,ga_tcheby_proxy,mesh9,2,0,0,"[2-1-0]",2,44,3.22898,0.97,0.700234,2,0.5,3571,2900
6471,644.921,ga_tcheby_proxy,mesh9,6,4,1,"[]",0,0,0,0,0,0,0.5,3571,2901
6472,645.053,ga_tcheby_proxy,mesh9,8,7,0,"[8-7]",1,22,1.61449,0.97,0.693046,1,0.5,3572,2901
6473,645.06,ga_tcheby_proxy,mesh9,8,5,1,"[]",0,0,0,0,0,0,0.5,3572,2902
6474,645.128,ga_tcheby_proxy,mesh9,2,8,0,"[2-5-8]",2,40,3.27764,0.924197,0.704388,2,0.5,3573,2902
6475,645.154,ga_tcheby_proxy,mesh9,6,3,1,"[]",0,0,0,0,0,0,0.5,3573,2903
6476,645.351,ga_tcheby_proxy,mesh9,7,4,0,"[7-4]",1,20,1.59654,0.975,0.710407,1,0.5,3574,2903
6477,645.402,ga_tcheby_proxy,mesh9,7,1,1,"[]",0,0,0,0,0,0,0.5,3574,2904
6478,645.509,ga_tcheby_proxy,mesh9,5,7,0,"[5-4-7]",2,42,3.21103,0.97,0.701632,2,0.5,3575,2904
6479,645.604,ga_tcheby_proxy,mesh9,7,2,0,"[7-4-1-2]",3,62,4.80756,0.97,0.71236,3,0.5,3576,2904
6480,645.621,ga_tcheby_proxy,mesh9,4,0,1,"[]",0,0,0,0,0,0,0.5,3576,2905
6481,645.76,ga_tcheby_proxy,mesh9,8,5,0,"[8-5]",1,20,1.59654,0.975,0.707763,1,0.5,3577,2905
6482,645.851,ga_tcheby_proxy,mesh9,3,6,0,"[3-6]",1,20,1.59654,0.975,0.702326,1,0.5,3578,2905
6483,645.931,ga_tcheby_proxy,mesh9,4,6,0,"[4-7-6]",2,42,3.21103,0.97,0.702326,2,0.5,3579,2905
6484,645.948,ga_tcheby_proxy,mesh9,0,4,1,"[]",0,0,0,0,0,0,0.5,3579,2906
6485,646.045,ga_tcheby_proxy,mesh9,1,7,0,"[1-4-7]",2,40,3.19307,0.975,0.703016,2,0.5,3580,2906
6486,646.093,ga_tcheby_proxy,mesh9,5,0,1,"[]",0,0,0,0,0,0,0.5,3580,2907
6487,646.111,ga_tcheby_proxy,mesh9,3,6,1,"[]",0,0,0,0,0,0,0.5,3580,2908
6488,646.318,ga_tcheby_proxy,mesh9,3,6,0,"[3-6]",1,20,1.59654,0.975,0.703016,1,0.5,3581,2908
6489,646.523,ga_tcheby_proxy,mesh9,8,6,0,"[8-7-6]",2,44,3.22898,0.97,0.69378,2,0.5,3582,2908
6490,646.573,ga_tcheby_proxy,mesh9,3,7,1,"[]",0,0,0,0,0,0,0.5,3582,2909
6491,646.786,ga_tcheby_proxy,mesh9,0,3,0,"[0-3]",1,20,1.59654,0.975,0.695238,1,0.5,3583,2909
6492,646.825,ga_tcheby_proxy,mesh9,4,7,1,"[]",0,0,0,0,0,0,0.5,3583,2910
6493,646.839,ga_tcheby_proxy,mesh9,6,7,1,"[]",0,0,0,0,0,0,0.5,3583,2911
6494,646.884,ga_tcheby_proxy,mesh9,1,5,1,"[]",0,0,0,0,0,0,0.5,3583,2912
6495,646.955,ga_tcheby_proxy,mesh9,4,6,0,"[4-1-0-3-6]",4,82,6.51302,0.906171,0.713004,4,0.5,3584,2912
6496,647.079,ga_tcheby_proxy,mesh9,4,3,0,"[4-3]",1,22,1.61449,0.97,0.69378,1,0.5,3585,2912
6497,647.203,ga_tcheby_proxy,mesh9,1,4,0,"[1-4]",1,20,1.59654,0.975,0.702326,1,0.5,3586,2912
6498,647.382,ga_tcheby_proxy,mesh9,4,8,0,"[4-5-8]",2,42,3.21103,0.97,0.705747,2,0.5,3587,2912
6499,647.467,ga_tcheby_proxy,mesh9,7,5,0,"[7-8-5]",2,42,3.21103,0.97,0.708428,2,0.5,3588,2912
6500,647.476,ga_tcheby_proxy,mesh9,4,0,1,"[]",0,0,0,0,0,0,0.5,3588,2913
6501,647.559,ga_tcheby_proxy,mesh9,6,8,0,"[6-7-8]",2,44,3.22898,0.97,0.707763,2,0.5,3589,2913
6502,647.6,ga_tcheby_proxy,mesh9,3,4,1,"[]",0,0,0,0,0,0,0.5,3589,2914
6503,647.658,ga_tcheby_proxy,mesh9,2,1,1,"[]",0,0,0,0,0,0,0.5,3589,2915
6504,647.854,ga_tcheby_proxy,mesh9,1,0,0,"[1-0]",1,22,1.61449,0.97,0.701632,1,0.5,3590,2915
6505,647.963,ga_tcheby_proxy,mesh9,4,3,0,"[4-3]",1,22,1.61449,0.97,0.694511,1,0.5,3591,2915
6506,648.092,ga_tcheby_proxy,mesh9,2,4,0,"[2-1-4]",2,42,3.21103,0.97,0.703016,2,0.5,3592,2915
6507,648.188,ga_tcheby_proxy,mesh9,6,2,0,"[6-7-4-5-2]",4,84,6.42205,0.97,0.713004,4,0.5,3593,2915
6508,648.329,ga_tcheby_proxy,mesh9,3,5,0,"[3-4-5]",2,44,3.22898,0.97,0.707094,2,0.5,3594,2915
6509,648.46,ga_tcheby_proxy,mesh9,8,4,0,"[8-5-4]",2,42,3.21103,0.97,0.709091,2,0.5,3595,2915
6510,648.747,ga_tcheby_proxy,mesh9,8,7,0,"[8-7]",1,22,1.61449,0.97,0.694511,1,0.5,3596,2915
6511,649.02,ga_tcheby_proxy,mesh9,3,0,0,"[3-0]",1,20,1.59654,0.975,0.715556,1,0.5,3597,2915
6512,649.06,ga_tcheby_proxy,mesh9,7,0,1,"[]",0,0,0,0,0,0,0.5,3597,2916
6513,649.072,ga_tcheby_proxy,mesh9,6,3,1,"[]",0,0,0,0,0,0,0.5,3597,2917
6514,649.12,ga_tcheby_proxy,mesh9,0,2,1,"[]",0,0,0,0,0,0,0.5,3597,2918
6515,649.179,ga_tcheby_proxy,mesh9,8,3,1,"[]",0,0,0,0,0,0,0.5,3597,2919
6516,649.332,ga_tcheby_proxy,mesh9,7,5,0,"[7-8-5]",2,42,3.21103,0.97,0.709751,2,0.5,3598,2919
6517,649.433,ga_tcheby_proxy,mesh9,1,0,0,"[1-0]",1,22,1.61449,0.97,0.702326,1,0.5,3599,2919
6518,649.632,ga_tcheby_proxy,mesh9,7,8,0,"[7-8]",1,22,1.61449,0.97,0.709091,1,0.5,3600,2919
6519,649.731,ga_tcheby_proxy,mesh9,4,2,0,"[4-5-2]",2,42,3.21103,0.97,0.713647,2,0.5,3601,2919
6520,649.805,ga_tcheby_proxy,mesh9,3,1,0,"[3-0-1]",2,42,3.21103,0.97,0.716186,2,0.5,3602,2919
6521,650.019,ga_tcheby_proxy,mesh9,1,5,0,"[1-2-5]",2,42,3.21103,0.97,0.705069,2,0.5,3603,2919
6522,650.313,ga_tcheby_proxy,mesh9,5,1,0,"[5-4-1]",2,42,3.21103,0.97,0.713647,2,0.5,3604,2919
6523,650.377,ga_tcheby_proxy,mesh9,3,6,0,"[3-6]",1,20,1.684,0.922551,0.704388,1,0.5,3605,2919
6524,650.406,ga_tcheby_proxy,mesh9,8,0,1,"[]",0,0,0,0,0,0,0.5,3605,2920
6525,650.528,ga_tcheby_proxy,mesh9,2,0,0,"[2-1-0]",2,44,3.22898,0.97,0.703016,2,0.5,3606,2920
6526,650.584,ga_tcheby_proxy,mesh9,4,5,1,"[]",0,0,0,0,0,0,0.5,3606,2921
6527,650.62,ga_tcheby_proxy,mesh9,3,7,1,"[]",0,0,0,0,0,0,0.5,3606,2922
6528,650.799,ga_tcheby_proxy,mesh9,1,5,0,"[1-2-5]",2,42,3.21103,0.97,0.705747,2,0.5,3607,2922
6529,650.843,ga_tcheby_proxy,mesh9,1,7,1,"[]",0,0,0,0,0,0,0.5,3607,2923
6530,651.023,ga_tcheby_proxy,mesh9,3,7,0,"[3-4-7]",2,42,3.21103,0.97,0.703704,2,0.5,3608,2923
6531,651.124,ga_tcheby_proxy,mesh9,6,7,0,"[6-7]",1,22,1.61449,0.97,0.694511,1,0.5,3609,2923
6532,651.355,ga_tcheby_proxy,mesh9,4,7,0,"[4-7]",1,20,1.59654,0.975,0.704388,1,0.5,3610,2923
6533,651.458,ga_tcheby_proxy,mesh9,8,7,0,"[8-7]",1,22,1.61449,0.97,0.695238,1,0.5,3611,2923
6534,651.621,ga_tcheby_proxy,mesh9,0,4,0,"[0-1-4]",2,42,3.21103,0.97,0.703704,2,0.5,3612,2923
6535,651.626,ga_tcheby_proxy,mesh9,3,6,0,"[3-6]",1,20,1.7215,0.901755,0.705069,1,0.5,3613,2923
6536,651.711,ga_tcheby_proxy,mesh9,4,2,0,"[4-5-2]",2,42,3.21103,0.97,0.714286,2,0.5,3614,2923
6537,651.715,ga_tcheby_proxy,mesh9,0,2,0,"[0-1-2]",2,44,3.43243,0.910011,0.70892,2,0.5,3615,2923
6538,651.964,ga_tcheby_proxy,mesh9,8,7,0,"[8-7]",1,22,1.61449,0.97,0.695962,1,0.5,3616,2923
6539,652.025,ga_tcheby_proxy,mesh9,7,4,0,"[7-4]",1,20,1.59654,0.975,0.71236,1,0.5,3617,2923
6540,652.116,ga_tcheby_proxy,mesh9,6,8,0,"[6-7-8]",2,44,3.22898,0.97,0.709751,2,0.5,3618,2923
6541,652.118,ga_tcheby_proxy,mesh9,5,2,0,"[5-2]",1,20,1.64518,0.945264,0.721348,1,0.5,3619,2923
6542,652.27,ga_tcheby_proxy,mesh9,2,3,0,"[2-1-0-3]",3,64,4.82552,0.97,0.703704,3,0.5,3620,2923
6543,652.636,ga_tcheby_proxy,mesh9,5,4,0,"[5-4]",1,22,1.61449,0.97,0.6974,1,0.5,3621,2923
6544,652.639,ga_tcheby_proxy,mesh9,1,8,0,"[1-4-5-8]",3,62,4.99701,0.931966,0.710706,3,0.5,3622,2923
6545,652.728,ga_tcheby_proxy,mesh9,8,2,0,"[8-5-2]",2,40,3.19307,0.975,0.715556,2,0.5,3623,2923
6546,652.883,ga_tcheby_proxy,mesh9,5,8,0,"[5-8]",1,20,1.59654,0.975,0.705069,1,0.5,3624,2923
6547,652.932,ga_tcheby_proxy,mesh9,6,1,1,"[]",0,0,0,0,0,0,0.5,3624,2924
6548,653.003,ga_tcheby_proxy,mesh9,6,4,0,"[6-7-4]",2,42,3.21103,0.97,0.713004,2,0.5,3625,2924
6549,653.028,ga_tcheby_proxy,mesh9,4,3,1,"[]",0,0,0,0,0,0,0.5,3625,2925
6550,653.25,ga_tcheby_proxy,mesh9,7,1,0,"[7-4-1]",2,40,3.19307,0.975,0.714286,2,0.5,3626,2925
6551,653.459,ga_tcheby_proxy,mesh9,7,1,0,"[7-4-1]",2,40,3.19307,0.975,0.714922,2,0.5,3627,2925
6552,653.484,ga_tcheby_proxy,mesh9,0,1,1,"[]",0,0,0,0,0,0,0.5,3627,2926
6553,653.568,ga_tcheby_proxy,mesh9,3,0,0,"[3-0]",1,20,1.59654,0.975,0.716814,1,0.5,3628,2926
6554,653.59,ga_tcheby_proxy,mesh9,4,7,1,"[]",0,0,0,0,0,0,0.5,3628,2927
6555,653.688,ga_tcheby_proxy,mesh9,3,0,0,"[3-0]",1,20,1.59654,0.975,0.717439,1,0.5,3629,2927
6556,653.76,ga_tcheby_proxy,mesh9,5,1,0,"[5-4-1]",2,42,3.21103,0.97,0.715556,2,0.5,3630,2927
6557,654.045,ga_tcheby_proxy,mesh9,7,3,0,"[7-6-3]",2,42,3.21103,0.97,0.710407,2,0.5,3631,2927
6558,654.355,ga_tcheby_proxy,mesh9,4,1,0,"[4-1]",1,20,1.59654,0.975,0.716186,1,0.5,3632,2927
6559,654.36,ga_tcheby_proxy,mesh9,2,7,0,"[2-5-4-7]",3,62,5.17129,0.900648,0.709977,3,0.5,3633,2927
6560,654.365,ga_tcheby_proxy,mesh9,7,5,1,"[]",0,0,0,0,0,0,0.5,3633,2928
6561,654.389,ga_tcheby_proxy,mesh9,3,7,1,"[]",0,0,0,0,0,0,0.5,3633,2929
6562,654.592,ga_tcheby_proxy,mesh9,1,0,0,"[1-0]",1,22,1.61449,0.97,0.704388,1,0.5,3634,2929
6563,655.043,ga_tcheby_proxy,mesh9,0,2,0,"[0-1-2]",2,44,3.22898,0.97,0.703016,2,0.5,3635,2929
6564,655.175,ga_tcheby_proxy,mesh9,3,4,0,"[3-4]",1,22,1.61449,0.97,0.704388,1,0.5,3636,2929
6565,655.257,ga_tcheby_proxy,mesh9,6,3,0,"[6-3]",1,20,1.59654,0.975,0.711061,1,0.5,3637,2929
6566,655.348,ga_tcheby_proxy,mesh9,4,1,0,"[4-1]",1,20,1.59654,0.975,0.716814,1,0.5,3638,2929
6567,655.378,ga_tcheby_proxy,mesh9,0,6,1,"[]",0,0,0,0,0,0,0.5,3638,2930
6568,655.5,ga_tcheby_proxy,mesh9,6,0,0,"[6-3-0]",2,40,3.19307,0.975,0.718062,2,0.5,3639,2930
6569,655.527,ga_tcheby_proxy,mesh9,4,1,1,"[]",0,0,0,0,0,0,0.5,3639,2931
6570,655.897,ga_tcheby_proxy,mesh9,7,2,0,"[7-4-5-2]",3,62,4.80756,0.97,0.716186,3,0.5,3640,2931
6571,655.919,ga_tcheby_proxy,mesh9,6,1,1,"[]",0,0,0,0,0,0,0.5,3640,2932
6572,656.044,ga_tcheby_proxy,mesh9,6,7,0,"[6-7]",1,22,1.61449,0.97,0.696682,1,0.5,3641,2932
6573,656.079,ga_tcheby_proxy,mesh9,7,8,1,"[]",0,0,0,0,0,0,0.5,3641,2933
6574,656.276,ga_tcheby_proxy,mesh9,3,8,0,"[3-4-7-8]",3,64,4.82552,0.97,0.710407,3,0.5,3642,2933
6575,656.331,ga_tcheby_proxy,mesh9,2,1,1,"[]",0,0,0,0,0,0,0.5,3642,2934
6576,656.416,ga_tcheby_proxy,mesh9,1,7,0,"[1-4-7]",2,40,3.19307,0.975,0.706422,2,0.5,3643,2934
6577,656.453,ga_tcheby_proxy,mesh9,1,4,1,"[]",0,0,0,0,0,0,0.5,3643,2935
6578,656.524,ga_tcheby_proxy,mesh9,3,0,0,"[3-0]",1,20,1.59654,0.975,0.718681,1,0.5,3644,2935
6579,656.687,ga_tcheby_proxy,mesh9,6,1,0,"[6-7-4-1]",3,62,4.80756,0.97,0.717439,3,0.5,3645,2935
6580,656.785,ga_tcheby_proxy,mesh9,2,1,0,"[2-1]",1,22,1.61449,0.97,0.699531,1,0.5,3646,2935
6581,657.274,ga_tcheby_proxy,mesh9,7,1,0,"[7-4-1]",2,40,3.19307,0.975,0.718062,2,0.5,3647,2935
6582,657.409,ga_tcheby_proxy,mesh9,1,5,0,"[1-2-5]",2,42,3.21103,0.97,0.707094,2,0.5,3648,2935
6583,657.439,ga_tcheby_proxy,mesh9,1,8,1,"[]",0,0,0,0,0,0,0.5,3648,2936
6584,657.481,ga_tcheby_proxy,mesh9,3,4,1,"[]",0,0,0,0,0,0,0.5,3648,2937
6585,657.515,ga_tcheby_proxy,mesh9,0,1,1,"[]",0,0,0,0,0,0,0.5,3648,2938
6586,657.573,ga_tcheby_proxy,mesh9,7,2,1,"[]",0,0,0,0,0,0,0.5,3648,2939
6587,657.579,ga_tcheby_proxy,mesh9,1,0,1,"[]",0,0,0,0,0,0,0.5,3648,2940
6588,657.946,ga_tcheby_proxy,mesh9,2,1,0,"[2-1]",1,22,1.61449,0.97,0.700234,1,0.5,3649,2940
6589,658.144,ga_tcheby_proxy,mesh9,3,8,0,"[3-4-5-8]",3,64,4.82552,0.97,0.710407,3,0.5,3650,2940
6590,658.54,ga_tcheby_proxy,mesh9,4,7,0,"[4-7]",1,20,1.59654,0.975,0.707094,1,0.5,3651,2940
6591,658.634,ga_tcheby_proxy,mesh9,0,8,0,"[0-1-2-5-8]",4,84,6.42205,0.97,0.707763,4,0.5,3652,2940
6592,658.788,ga_tcheby_proxy,mesh9,6,5,0,"[6-7-8-5]",3,64,4.82552,0.97,0.711061,3,0.5,3653,2940
6593,658.858,ga_tcheby_proxy,mesh9,4,1,0,"[4-1]",1,20,1.59654,0.975,0.718681,1,0.5,3654,2940
6594,659.14,ga_tcheby_proxy,mesh9,5,0,0,"[5-2-1-0]",3,64,4.82552,0.97,0.716814,3,0.5,3655,2940
6595,659.186,ga_tcheby_proxy,mesh9,7,8,1,"[]",0,0,0,0,0,0,0.5,3655,2941
6596,659.295,ga_tcheby_proxy,mesh9,5,6,0,"[5-4-3-6]",3,64,4.82552,0.97,0.705747,3,0.5,3656,2941
6597,659.414,ga_tcheby_proxy,mesh9,3,2,0,"[3-4-5-2]",3,64,4.82552,0.97,0.717439,3,0.5,3657,2941
6598,659.441,ga_tcheby_proxy,mesh9,3,7,1,"[]",0,0,0,0,0,0,0.5,3657,2942
6599,659.497,ga_tcheby_proxy,mesh9,4,1,1,"[]",0,0,0,0,0,0,0.5,3657,2943
6600,659.558,ga_tcheby_proxy,mesh9,5,3,1,"[]",0,0,0,0,0,0,0.5,3657,2944
6601,659.562,ga_tcheby_proxy,mesh9,5,6,1,"[]",0,0,0,0,0,0,0.5,3657,2945
6602,659.77,ga_tcheby_proxy,mesh9,1,5,0,"[1-2-5]",2,42,3.21103,0.97,0.708428,2,0.5,3658,2945
6603,659.792,ga_tcheby_proxy,mesh9,5,4,1,"[]",0,0,0,0,0,0,0.5,3658,2946
6604,660.847,ga_tcheby_proxy,mesh9,2,8,0,"[2-5-8]",2,40,3.19307,0.975,0.709091,2,0.5,3659,2946
6605,660.913,ga_tcheby_proxy,mesh9,0,8,0,"[0-1-4-7-8]",4,84,6.47444,0.938214,0.711712,4,0.5,3660,2946
6606,661.181,ga_tcheby_proxy,mesh9,2,4,0,"[2-1-4]",2,42,3.21103,0.97,0.706422,2,0.5,3661,2946
6607,661.363,ga_tcheby_proxy,mesh9,2,0,0,"[2-1-0]",2,44,3.22898,0.97,0.705747,2,0.5,3662,2946
6608,661.554,ga_tcheby_proxy,mesh9,1,7,0,"[1-4-7]",2,40,3.19307,0.975,0.708428,2,0.5,3663,2946
6609,661.702,ga_tcheby_proxy,mesh9,1,5,0,"[1-2-5]",2,42,3.21103,0.97,0.709751,2,0.5,3664,2946
6610,661.732,ga_tcheby_proxy,mesh9,6,7,1,"[]",0,0,0,0,0,0,0.5,3664,2947
6611,661.762,ga_tcheby_proxy,mesh9,7,1,1,"[]",0,0,0,0,0,0,0.5,3664,2948
6612,661.858,ga_tcheby_proxy,mesh9,5,7,0,"[5-8-7]",2,42,3.21103,0.97,0.707763,2,0.5,3665,2948
6613,662.048,ga_tcheby_proxy,mesh9,3,8,0,"[3-4-5-8]",3,64,4.82552,0.97,0.711712,3,0.5,3666,2948
6614,662.171,ga_tcheby_proxy,mesh9,2,8,0,"[2-5-8]",2,40,3.19307,0.975,0.710407,2,0.5,3667,2948
6615,662.283,ga_tcheby_proxy,mesh9,2,8,0,"[2-5-8]",2,40,3.19307,0.975,0.711061,2,0.5,3668,2948
6616,662.321,ga_tcheby_proxy,mesh9,4,1,1,"[]",0,0,0,0,0,0,0.5,3668,2949
6617,662.322,ga_tcheby_proxy,mesh9,6,1,1,"[]",0,0,0,0,0,0,0.5,3668,2950
6618,662.328,ga_tcheby_proxy,mesh9,6,8,1,"[]",0,0,0,0,0,0,0.5,3668,2951
6619,662.358,ga_tcheby_proxy,mesh9,1,2,1,"[]",0,0,0,0,0,0,0.5,3668,2952
6620,662.364,ga_tcheby_proxy,mesh9,5,2,1,"[]",0,0,0,0,0,0,0.5,3668,2953
6621,662.367,ga_tcheby_proxy,mesh9,8,0,1,"[]",0,0,0,0,0,0,0.5,3668,2954
6622,662.417,ga_tcheby_proxy,mesh9,3,4,0,"[3-4]",1,22,1.73676,0.90064,0.773067,1,0.5,3669,2954
6623,662.597,ga_tcheby_proxy,mesh9,2,7,0,"[2-1-4-7]",3,62,4.80756,0.97,0.709091,3,0.5,3670,2954
6624,662.637,ga_tcheby_proxy,mesh9,0,6,1,"[]",0,0,0,0,0,0,0.5,3670,2955
6625,662.721,ga_tcheby_proxy,mesh9,3,6,0,"[3-6]",1,20,1.59654,0.975,0.706422,1,0.5,3671,2955
6626,662.765,ga_tcheby_proxy,mesh9,4,7,1,"[]",0,0,0,0,0,0,0.5,3671,2956
6627,662.967,ga_tcheby_proxy,mesh9,2,6,0,"[2-1-0-3-6]",4,84,6.42205,0.97,0.707094,4,0.5,3672,2956
6628,662.998,ga_tcheby_proxy,mesh9,6,7,1,"[]",0,0,0,0,0,0,0.5,3672,2957
6629,663.124,ga_tcheby_proxy,mesh9,4,7,0,"[4-7]",1,20,1.59654,0.975,0.709751,1,0.5,3673,2957
6630,663.174,ga_tcheby_proxy,mesh9,3,1,1,"[]",0,0,0,0,0,0,0.5,3673,2958
6631,663.428,ga_tcheby_proxy,mesh9,8,1,0,"[8-5-2-1]",3,62,4.80756,0.97,0.718062,3,0.5,3674,2958
6632,663.434,ga_tcheby_proxy,mesh9,0,2,1,"[]",0,0,0,0,0,0,0.5,3674,2959
6633,663.459,ga_tcheby_proxy,mesh9,5,4,1,"[]",0,0,0,0,0,0,0.5,3674,2960
6634,663.516,ga_tcheby_proxy,mesh9,0,8,1,"[]",0,0,0,0,0,0,0.5,3674,2961
6635,663.563,ga_tcheby_proxy,mesh9,1,5,1,"[]",0,0,0,0,0,0,0.5,3674,2962
6636,663.731,ga_tcheby_proxy,mesh9,3,2,0,"[3-4-5-2]",3,64,4.82552,0.97,0.718681,3,0.5,3675,2962
6637,663.794,ga_tcheby_proxy,mesh9,4,8,1,"[]",0,0,0,0,0,0,0.5,3675,2963
6638,663.799,ga_tcheby_proxy,mesh9,7,1,1,"[]",0,0,0,0,0,0,0.5,3675,2964
6639,663.895,ga_tcheby_proxy,mesh9,4,5,0,"[4-5]",1,22,1.61449,0.97,0.713004,1,0.5,3676,2964
6640,663.919,ga_tcheby_proxy,mesh9,3,8,1,"[]",0,0,0,0,0,0,0.5,3676,2965
6641,664.003,ga_tcheby_proxy,mesh9,4,8,0,"[4-7-8]",2,42,3.21103,0.97,0.71236,2,0.5,3677,2965
6642,664.18,ga_tcheby_proxy,mesh9,5,2,0,"[5-2]",1,20,1.59654,0.975,0.719298,1,0.5,3678,2965
6643,664.43,ga_tcheby_proxy,mesh9,2,3,0,"[2-1-0-3]",3,64,4.82552,0.97,0.707094,3,0.5,3679,2965
6644,664.593,ga_tcheby_proxy,mesh9,5,6,0,"[5-4-3-6]",3,64,4.82552,0.97,0.707763,3,0.5,3680,2965
6645,664.673,ga_tcheby_proxy,mesh9,7,5,0,"[7-4-5]",2,42,3.22978,0.95838,0.716814,2,0.5,3681,2965
6646,664.677,ga_tcheby_proxy,mesh9,7,8,1,"[]",0,0,0,0,0,0,0.5,3681,2966
6647,664.681,ga_tcheby_proxy,mesh9,5,2,1,"[]",0,0,0,0,0,0,0.5,3681,2967
6648,664.916,ga_tcheby_proxy,mesh9,8,1,0,"[8-5-4-1]",3,62,4.80756,0.97,0.719298,3,0.5,3682,2967
6649,664.964,ga_tcheby_proxy,mesh9,5,4,1,"[]",0,0,0,0,0,0,0.5,3682,2968
6650,665.136,ga_tcheby_proxy,mesh9,8,5,0,"[8-5]",1,20,1.59654,0.975,0.713004,1,0.5,3683,2968
6651,665.207,ga_tcheby_proxy,mesh9,6,5,0,"[6-7-4-5]",3,64,4.82552,0.97,0.717439,3,0.5,3684,2968
6652,665.48,ga_tcheby_proxy,mesh9,8,3,0,"[8-7-6-3]",3,64,4.82552,0.97,0.71236,3,0.5,3685,2968
6653,665.579,ga_tcheby_proxy,mesh9,8,0,0,"[8-7-4-3-0]",4,84,6.42205,0.97,0.719298,4,0.5,3686,2968
6654,665.809,ga_tcheby_proxy,mesh9,3,4,0,"[3-4]",1,22,1.61449,0.97,0.709091,1,0.5,3687,2968
6655,665.828,ga_tcheby_proxy,mesh9,8,2,1,"[]",0,0,0,0,0,0,0.5,3687,2969
6656,665.893,ga_tcheby_proxy,mesh9,6,2,1,"[]",0,0,0,0,0,0,0.5,3687,2970
6657,665.974,ga_tcheby_proxy,mesh9,3,1,0,"[3-0-1]",2,42,3.21103,0.97,0.719912,2,0.5,3688,2970
6658,666.066,ga_tcheby_proxy,mesh9,6,2,0,"[6-7-4-1-2]",4,84,6.42205,0.97,0.719912,4,0.5,3689,2970
6659,666.132,ga_tcheby_proxy,mesh9,7,1,0,"[7-4-1]",2,40,3.19307,0.975,0.720524,2,0.5,3690,2970
6660,666.326,ga_tcheby_proxy,mesh9,3,7,0,"[3-6-7]",2,42,3.21103,0.97,0.708428,2,0.5,3691,2970
6661,666.458,ga_tcheby_proxy,mesh9,8,3,0,"[8-7-6-3]",3,64,4.82552,0.97,0.713004,3,0.5,3692,2970
6662,666.902,ga_tcheby_proxy,mesh9,4,1,0,"[4-1]",1,20,1.59654,0.975,0.721133,1,0.5,3693,2970
6663,667.23,ga_tcheby_proxy,mesh9,1,6,0,"[1-4-3-6]",3,62,4.80756,0.97,0.709091,3,0.5,3694,2970
6664,667.292,ga_tcheby_proxy,mesh9,6,0,0,"[6-3-0]",2,40,3.20124,0.969849,0.720524,2,0.5,3695,2970
6665,667.469,ga_tcheby_proxy,mesh9,2,7,0,"[2-1-4-7]",3,62,4.80756,0.97,0.711061,3,0.5,3696,2970
6666,667.482,ga_tcheby_proxy,mesh9,1,4,1,"[]",0,0,0,0,0,0,0.5,3696,2971
6667,667.493,ga_tcheby_proxy,mesh9,0,6,1,"[]",0,0,0,0,0,0,0.5,3696,2972
6668,667.641,ga_tcheby_proxy,mesh9,6,3,0,"[6-3]",1,20,1.59654,0.975,0.714286,1,0.5,3697,2972
6669,667.703,ga_tcheby_proxy,mesh9,7,5,1,"[]",0,0,0,0,0,0,0.5,3697,2973
6670,667.871,ga_tcheby_proxy,mesh9,6,4,0,"[6-3-4]",2,42,3.21103,0.97,0.714922,2,0.5,3698,2973
6671,668.083,ga_tcheby_proxy,mesh9,2,7,0,"[2-1-4-7]",3,62,4.80756,0.97,0.711712,3,0.5,3699,2973
6672,668.084,ga_tcheby_proxy,mesh9,1,4,0,"[1-4]",1,20,1.63754,0.949687,0.710407,1,0.5,3700,2973
6673,668.14,ga_tcheby_proxy,mesh9,8,4,1,"[]",0,0,0,0,0,0,0.5,3700,2974
6674,668.174,ga_tcheby_proxy,mesh9,7,8,1,"[]",0,0,0,0,0,0,0.5,3700,2975
6675,668.252,ga_tcheby_proxy,mesh9,8,6,0,"[8-5-4-3-6]",4,84,6.42205,0.97,0.713647,4,0.5,3701,2975
6676,668.305,ga_tcheby_proxy,mesh9,2,3,1,"[]",0,0,0,0,0,0,0.5,3701,2976
6677,668.322,ga_tcheby_proxy,mesh9,8,1,1,"[]",0,0,0,0,0,0,0.5,3701,2977
6678,668.424,ga_tcheby_proxy,mesh9,6,4,0,"[6-3-4]",2,42,3.21103,0.97,0.715556,2,0.5,3702,2977
6679,668.432,ga_tcheby_proxy,mesh9,6,7,1,"[]",0,0,0,0,0,0,0.5,3702,2978
6680,668.494,ga_tcheby_proxy,mesh9,7,3,0,"[7-4-3]",2,42,3.29025,0.947923,0.719912,2,0.5,3703,2978
6681,668.505,ga_tcheby_proxy,mesh9,6,5,1,"[]",0,0,0,0,0,0,0.5,3703,2979
6682,668.519,ga_tcheby_proxy,mesh9,4,3,1,"[]",0,0,0,0,0,0,0.5,3703,2980
6683,668.596,ga_tcheby_proxy,mesh9,6,7,0,"[6-7]",1,22,1.62461,0.963693,0.700935,1,0.5,3704,2980
6684,668.617,ga_tcheby_proxy,mesh9,6,2,1,"[]",0,0,0,0,0,0,0.5,3704,2981
6685,668.742,ga_tcheby_proxy,mesh9,6,7,0,"[6-7]",1,22,1.61449,0.97,0.701632,1,0.5,3705,2981
6686,668.871,ga_tcheby_proxy,mesh9,2,1,0,"[2-1]",1,22,1.61449,0.97,0.707094,1,0.5,3706,2981
6687,668.941,ga_tcheby_proxy,mesh9,2,8,0,"[2-5-8]",2,40,3.25612,0.936614,0.711712,2,0.5,3707,2981
6688,669.244,ga_tcheby_proxy,mesh9,7,8,0,"[7-8]",1,22,1.61449,0.97,0.713004,1,0.5,3708,2981
6689,669.333,ga_tcheby_proxy,mesh9,5,4,0,"[5-4]",1,22,1.61449,0.97,0.702326,1,0.5,3709,2981
6690,669.55,ga_tcheby_proxy,mesh9,5,3,0,"[5-4-3]",2,44,3.22898,0.97,0.703016,2,0.5,3710,2981
6691,669.602,ga_tcheby_proxy,mesh9,2,3,1,"[]",0,0,0,0,0,0,0.5,3710,2982
6692,669.619,ga_tcheby_proxy,mesh9,8,5,1,"[]",0,0,0,0,0,0,0.5,3710,2983
6693,669.688,ga_tcheby_proxy,mesh9,6,0,0,"[6-3-0]",2,40,3.19307,0.975,0.721133,2,0.5,3711,2983
6694,669.823,ga_tcheby_proxy,mesh9,8,1,0,"[8-5-2-1]",3,62,4.80756,0.97,0.719912,3,0.5,3712,2983
6695,669.873,ga_tcheby_proxy,mesh9,2,7,1,"[]",0,0,0,0,0,0,0.5,3712,2984
6696,669.941,ga_tcheby_proxy,mesh9,8,3,0,"[8-7-6-3]",3,64,4.93213,0.934523,0.716814,3,0.5,3713,2984
6697,670.139,ga_tcheby_proxy,mesh9,5,2,0,"[5-2]",1,20,1.59654,0.975,0.720524,1,0.5,3714,2984
6698,670.151,ga_tcheby_proxy,mesh9,8,2,1,"[]",0,0,0,0,0,0,0.5,3714,2985
6699,670.485,ga_tcheby_proxy,mesh9,3,7,0,"[3-6-7]",2,42,3.21103,0.97,0.710407,2,0.5,3715,2985
6700,670.583,ga_tcheby_proxy,mesh9,0,2,0,"[0-1-2]",2,44,3.22898,0.97,0.707094,2,0.5,3716,2985
6701,670.603,ga_tcheby_proxy,mesh9,0,5,1,"[]",0,0,0,0,0,0,0.5,3716,2986
6702,670.669,ga_tcheby_proxy,mesh9,5,3,1,"[]",0,0,0,0,0,0,0.5,3716,2987
6703,670.674,ga_tcheby_proxy,mesh9,8,3,1,"[]",0,0,0,0,0,0,0.5,3716,2988
6704,670.849,ga_tcheby_proxy,mesh9,3,2,0,"[3-4-5-2]",3,64,4.82552,0.97,0.721133,3,0.5,3717,2988
6705,670.937,ga_tcheby_proxy,mesh9,3,8,0,"[3-6-7-8]",3,64,4.82552,0.97,0.713647,3,0.5,3718,2988
6706,671.097,ga_tcheby_proxy,mesh9,6,7,0,"[6-7]",1,22,1.61449,0.97,0.703704,1,0.5,3719,2988
6707,671.39,ga_tcheby_proxy,mesh9,7,3,0,"[7-6-3]",2,42,3.21103,0.97,0.717439,2,0.5,3720,2988
6708,671.451,ga_tcheby_proxy,mesh9,4,8,0,"[4-5-8]",2,42,3.3727,0.909242,0.715556,2,0.5,3721,2988
6709,671.621,ga_tcheby_proxy,mesh9,4,0,0,"[4-1-0]",2,42,3.21103,0.97,0.721739,2,0.5,3722,2988
6710,671.928,ga_tcheby_proxy,mesh9,8,6,0,"[8-7-6]",2,44,3.22898,0.97,0.700234,2,0.5,3723,2988
6711,672.061,ga_tcheby_proxy,mesh9,4,0,0,"[4-3-0]",2,42,3.21103,0.97,0.721739,2,0.5,3724,2988
6712,672.153,ga_tcheby_proxy,mesh9,2,3,0,"[2-1-0-3]",3,64,4.82552,0.97,0.708428,3,0.5,3725,2988
6713,672.157,ga_tcheby_proxy,mesh9,7,6,0,"[7-6]",1,22,1.71061,0.913269,0.694712,1,0.5,3726,2988
6714,672.195,ga_tcheby_proxy,mesh9,1,0,1,"[]",0,0,0,0,0,0,0.5,3726,2989
6715,672.228,ga_tcheby_proxy,mesh9,2,7,1,"[]",0,0,0,0,0,0,0.5,3726,2990
6716,672.324,ga_tcheby_proxy,mesh9,2,8,0,"[2-5-8]",2,40,3.19307,0.975,0.71236,2,0.5,3727,2990
6717,672.377,ga_tcheby_proxy,mesh9,5,7,1,"[]",0,0,0,0,0,0,0.5,3727,2991
6718,672.422,ga_tcheby_proxy,mesh9,2,6,1,"[]",0,0,0,0,0,0,0.5,3727,2992
6719,672.52,ga_tcheby_proxy,mesh9,6,0,0,"[6-3-0]",2,40,3.19307,0.975,0.722343,2,0.5,3728,2992
6720,672.524,ga_tcheby_proxy,mesh9,4,0,0,"[4-3-0]",2,42,3.41388,0.909465,0.722944,2,0.5,3729,2992
6721,672.72,ga_tcheby_proxy,mesh9,4,5,0,"[4-5]",1,22,1.61449,0.97,0.716186,1,0.5,3730,2992
6722,672.859,ga_tcheby_proxy,mesh9,0,1,0,"[0-1]",1,22,1.61449,0.97,0.702326,1,0.5,3731,2992
6723,672.888,ga_tcheby_proxy,mesh9,2,7,1,"[]",0,0,0,0,0,0,0.5,3731,2993
6724,672.934,ga_tcheby_proxy,mesh9,6,3,1,"[]",0,0,0,0,0,0,0.5,3731,2994
6725,673.04,ga_tcheby_proxy,mesh9,2,3,0,"[2-1-0-3]",3,64,4.82552,0.97,0.709091,3,0.5,3732,2994
6726,673.329,ga_tcheby_proxy,mesh9,4,7,0,"[4-7]",1,20,1.59654,0.975,0.71236,1,0.5,3733,2994
6727,673.451,ga_tcheby_proxy,mesh9,6,5,0,"[6-7-8-5]",3,64,4.82552,0.97,0.714922,3,0.5,3734,2994
6728,673.458,ga_tcheby_proxy,mesh9,3,4,1,"[]",0,0,0,0,0,0,0.5,3734,2995
6729,673.715,ga_tcheby_proxy,mesh9,3,1,0,"[3-4-1]",2,42,3.21103,0.97,0.722343,2,0.5,3735,2995
6730,673.867,ga_tcheby_proxy,mesh9,1,0,0,"[1-0]",1,22,1.61449,0.97,0.709751,1,0.5,3736,2995
6731,673.897,ga_tcheby_proxy,mesh9,1,3,1,"[]",0,0,0,0,0,0,0.5,3736,2996
6732,673.949,ga_tcheby_proxy,mesh9,1,0,1,"[]",0,0,0,0,0,0,0.5,3736,2997
6733,674.022,ga_tcheby_proxy,mesh9,6,8,0,"[6-7-8]",2,44,3.22898,0.97,0.714922,2,0.5,3737,2997
6734,674.19,ga_tcheby_proxy,mesh9,5,1,0,"[5-2-1]",2,42,3.21103,0.97,0.721739,2,0.5,3738,2997
6735,674.255,ga_tcheby_proxy,mesh9,6,8,0,"[6-7-8]",2,44,3.32698,0.912193,0.715556,2,0.5,3739,2997
6736,674.419,ga_tcheby_proxy,mesh9,6,2,0,"[6-7-4-5-2]",4,84,6.42205,0.97,0.722343,4,0.5,3740,2997
6737,674.716,ga_tcheby_proxy,mesh9,3,8,0,"[3-4-7-8]",3,64,4.82552,0.97,0.716186,3,0.5,3741,2997
6738,674.72,ga_tcheby_proxy,mesh9,8,6,0,"[8-7-6]",2,44,3.41725,0.913937,0.700935,2,0.5,3742,2997
6739,674.741,ga_tcheby_proxy,mesh9,3,8,1,"[]",0,0,0,0,0,0,0.5,3742,2998
6740,674.77,ga_tcheby_proxy,mesh9,2,0,1,"[]",0,0,0,0,0,0,0.5,3742,2999
6741,674.774,ga_tcheby_proxy,mesh9,1,8,1,"[]",0,0,0,0,0,0,0.5,3742,3000
6742,674.901,ga_tcheby_proxy,mesh9,0,2,0,"[0-1-2]",2,44,3.22898,0.97,0.707763,2,0.5,3743,3000
6743,674.912,ga_tcheby_proxy,mesh9,3,8,1,"[]",0,0,0,0,0,0,0.5,3743,3001
6744,675.114,ga_tcheby_proxy,mesh9,6,3,0,"[6-3]",1,20,1.59654,0.975,0.718681,1,0.5,3744,3001
6745,675.369,ga_tcheby_proxy,mesh9,8,4,0,"[8-5-4]",2,42,3.21103,0.97,0.715556,2,0.5,3745,3001
6746,675.5,ga_tcheby_proxy,mesh9,0,2,0,"[0-1-2]",2,44,3.22898,0.97,0.708428,2,0.5,3746,3001
6747,675.565,ga_tcheby_proxy,mesh9,1,4,0,"[1-4]",1,20,1.60491,0.969721,0.711061,1,0.5,3747,3001
6748,675.849,ga_tcheby_proxy,mesh9,7,6,0,"[7-6]",1,22,1.61449,0.97,0.694511,1,0.5,3748,3001
6749,675.944,ga_tcheby_proxy,mesh9,8,1,0,"[8-7-4-1]",3,62,4.80756,0.97,0.722944,3,0.5,3749,3001
6750,676.089,ga_tcheby_proxy,mesh9,5,7,0,"[5-8-7]",2,42,3.21103,0.97,0.71236,2,0.5,3750,3001
6751,676.113,ga_tcheby_proxy,mesh9,4,5,1,"[]",0,0,0,0,0,0,0.5,3750,3002
6752,676.135,ga_tcheby_proxy,mesh9,5,7,1,"[]",0,0,0,0,0,0,0.5,3750,3003
6753,676.136,ga_tcheby_proxy,mesh9,7,4,1,"[]",0,0,0,0,0,0,0.5,3750,3004
6754,676.176,ga_tcheby_proxy,mesh9,1,7,1,"[]",0,0,0,0,0,0,0.5,3750,3005
6755,676.206,ga_tcheby_proxy,mesh9,5,3,1,"[]",0,0,0,0,0,0,0.5,3750,3006
6756,676.234,ga_tcheby_proxy,mesh9,2,7,1,"[]",0,0,0,0,0,0,0.5,3750,3007
6757,676.274,ga_tcheby_proxy,mesh9,1,5,1,"[]",0,0,0,0,0,0,0.5,3750,3008
6758,676.368,ga_tcheby_proxy,mesh9,4,2,0,"[4-5-2]",2,42,3.21103,0.97,0.722944,2,0.5,3751,3008
6759,676.386,ga_tcheby_proxy,mesh9,6,7,1,"[]",0,0,0,0,0,0,0.5,3751,3009
6760,676.445,ga_tcheby_proxy,mesh9,5,8,1,"[]",0,0,0,0,0,0,0.5,3751,3010
6761,676.644,ga_tcheby_proxy,mesh9,2,7,0,"[2-5-8-7]",3,62,4.80756,0.97,0.713004,3,0.5,3752,3010
6762,676.78,ga_tcheby_proxy,mesh9,7,8,0,"[7-8]",1,22,1.61449,0.97,0.716814,1,0.5,3753,3010
6763,676.784,ga_tcheby_proxy,mesh9,2,7,0,"[2-1-4-7]",3,62,5.14712,0.90367,0.714932,3,0.5,3754,3010
6764,677.095,ga_tcheby_proxy,mesh9,6,7,0,"[6-7]",1,22,1.61449,0.97,0.707094,1,0.5,3755,3010
6765,677.1,ga_tcheby_proxy,mesh9,2,6,1,"[]",0,0,0,0,0,0,0.5,3755,3011
6766,677.312,ga_tcheby_proxy,mesh9,5,2,0,"[5-2]",1,20,1.59654,0.975,0.723542,1,0.5,3756,3011
6767,677.402,ga_tcheby_proxy,mesh9,5,2,0,"[5-2]",1,20,1.59654,0.975,0.724138,1,0.5,3757,3011
6768,677.462,ga_tcheby_proxy,mesh9,3,1,1,"[]",0,0,0,0,0,0,0.5,3757,3012
6769,677.541,ga_tcheby_proxy,mesh9,6,2,0,"[6-3-0-1-2]",4,84,6.42205,0.97,0.723542,4,0.5,3758,3012
6770,677.581,ga_tcheby_proxy,mesh9,3,2,1,"[]",0,0,0,0,0,0,0.5,3758,3013
6771,677.61,ga_tcheby_proxy,mesh9,1,0,1,"[]",0,0,0,0,0,0,0.5,3758,3014
6772,677.665,ga_tcheby_proxy,mesh9,2,3,1,"[]",0,0,0,0,0,0,0.5,3758,3015
6773,677.707,ga_tcheby_proxy,mesh9,2,6,1,"[]",0,0,0,0,0,0,0.5,3758,3016
6774,677.738,ga_tcheby_proxy,mesh9,0,8,1,"[]",0,0,0,0,0,0,0.5,3758,3017
6775,677.885,ga_tcheby_proxy,mesh9,0,3,0,"[0-3]",1,20,1.59654,0.975,0.700234,1,0.5,3759,3017
6776,677.932,ga_tcheby_proxy,mesh9,6,3,1,"[]",0,0,0,0,0,0,0.5,3759,3018
6777,677.951,ga_tcheby_proxy,mesh9,7,8,1,"[]",0,0,0,0,0,0,0.5,3759,3019
6778,678.039,ga_tcheby_proxy,mesh9,7,1,0,"[7-4-1]",2,40,3.19307,0.975,0.723542,2,0.5,3760,3019
6779,678.131,ga_tcheby_proxy,mesh9,1,0,0,"[1-0]",1,22,1.61449,0.97,0.710407,1,0.5,3761,3019
6780,678.165,ga_tcheby_proxy,mesh9,7,3,1,"[]",0,0,0,0,0,0,0.5,3761,3020
6781,678.236,ga_tcheby_proxy,mesh9,2,0,0,"[2-1-4-3-0]",4,84,6.49152,0.932879,0.724138,4,0.5,3762,3020
6782,678.693,ga_tcheby_proxy,mesh9,6,0,0,"[6-3-0]",2,40,3.19307,0.975,0.724731,2,0.5,3763,3020
6783,678.775,ga_tcheby_proxy,mesh9,6,7,0,"[6-7]",1,22,1.61449,0.97,0.707763,1,0.5,3764,3020
6784,678.839,ga_tcheby_proxy,mesh9,4,0,1,"[]",0,0,0,0,0,0,0.5,3764,3021
6785,678.899,ga_tcheby_proxy,mesh9,4,5,1,"[]",0,0,0,0,0,0,0.5,3764,3022
6786,679.011,ga_tcheby_proxy,mesh9,4,3,0,"[4-3]",1,22,1.61449,0.97,0.702326,1,0.5,3765,3022
6787,679.121,ga_tcheby_proxy,mesh9,6,4,0,"[6-3-4]",2,42,3.21103,0.97,0.720524,2,0.5,3766,3022
6788,679.142,ga_tcheby_proxy,mesh9,6,7,1,"[]",0,0,0,0,0,0,0.5,3766,3023
6789,679.339,ga_tcheby_proxy,mesh9,0,5,0,"[0-1-2-5]",3,64,4.82552,0.97,0.713647,3,0.5,3767,3023
6790,679.376,ga_tcheby_proxy,mesh9,1,6,1,"[]",0,0,0,0,0,0,0.5,3767,3024
6791,679.396,ga_tcheby_proxy,mesh9,0,5,1,"[]",0,0,0,0,0,0,0.5,3767,3025
6792,679.431,ga_tcheby_proxy,mesh9,1,0,1,"[]",0,0,0,0,0,0,0.5,3767,3026
6793,679.471,ga_tcheby_proxy,mesh9,3,7,1,"[]",0,0,0,0,0,0,0.5,3767,3027
6794,679.507,ga_tcheby_proxy,mesh9,3,7,1,"[]",0,0,0,0,0,0,0.5,3767,3028
6795,679.584,ga_tcheby_proxy,mesh9,7,6,0,"[7-6]",1,22,1.69977,0.919304,0.695238,1,0.5,3768,3028
6796,679.661,ga_tcheby_proxy,mesh9,2,0,0,"[2-1-0]",2,44,3.22898,0.97,0.711712,2,0.5,3769,3028
6797,679.689,ga_tcheby_proxy,mesh9,6,4,1,"[]",0,0,0,0,0,0,0.5,3769,3029
6798,679.738,ga_tcheby_proxy,mesh9,4,2,1,"[]",0,0,0,0,0,0,0.5,3769,3030
6799,679.779,ga_tcheby_proxy,mesh9,5,7,1,"[]",0,0,0,0,0,0,0.5,3769,3031
6800,679.824,ga_tcheby_proxy,mesh9,8,2,1,"[]",0,0,0,0,0,0,0.5,3769,3032
6801,679.869,ga_tcheby_proxy,mesh9,6,7,1,"[]",0,0,0,0,0,0,0.5,3769,3033
6802,679.873,ga_tcheby_proxy,mesh9,3,8,1,"[]",0,0,0,0,0,0,0.5,3769,3034
6803,679.986,ga_tcheby_proxy,mesh9,7,6,0,"[7-6]",1,22,1.61449,0.97,0.695962,1,0.5,3770,3034
6804,680.134,ga_tcheby_proxy,mesh9,2,3,0,"[2-1-0-3]",3,64,4.82552,0.97,0.71236,3,0.5,3771,3034
6805,680.27,ga_tcheby_proxy,mesh9,1,0,0,"[1-0]",1,22,1.61449,0.97,0.71236,1,0.5,3772,3034
6806,680.454,ga_tcheby_proxy,mesh9,3,0,0,"[3-0]",1,20,1.59654,0.975,0.725322,1,0.5,3773,3034
6807,680.48,ga_tcheby_proxy,mesh9,1,7,1,"[]",0,0,0,0,0,0,0.5,3773,3035
6808,680.664,ga_tcheby_proxy,mesh9,7,0,0,"[7-4-1-0]",3,62,4.80756,0.97,0.724138,3,0.5,3774,3035
6809,680.668,ga_tcheby_proxy,mesh9,7,3,0,"[7-6-3]",2,42,3.42715,0.906089,0.724289,2,0.5,3775,3035
6810,680.756,ga_tcheby_proxy,mesh9,8,5,0,"[8-5]",1,20,1.59654,0.975,0.716186,1,0.5,3776,3035
6811,681.011,ga_tcheby_proxy,mesh9,7,2,0,"[7-4-5-2]",3,62,4.80756,0.97,0.724731,3,0.5,3777,3035
6812,681.014,ga_tcheby_proxy,mesh9,2,8,0,"[2-5-8]",2,40,3.32794,0.934168,0.719101,2,0.5,3778,3035
6813,681.027,ga_tcheby_proxy,mesh9,6,0,1,"[]",0,0,0,0,0,0,0.5,3778,3036
6814,681.124,ga_tcheby_proxy,mesh9,2,3,0,"[2-1-4-3]",3,64,4.82552,0.97,0.713004,3,0.5,3779,3036
6815,681.339,ga_tcheby_proxy,mesh9,0,6,0,"[0-3-6]",2,40,3.19307,0.975,0.711712,2,0.5,3780,3036
6816,681.359,ga_tcheby_proxy,mesh9,2,1,1,"[]",0,0,0,0,0,0,0.5,3780,3037
6817,681.459,ga_tcheby_proxy,mesh9,8,3,0,"[8-5-4-3]",3,64,4.82552,0.97,0.716814,3,0.5,3781,3037
6818,681.995,ga_tcheby_proxy,mesh9,1,0,0,"[1-0]",1,22,1.61449,0.97,0.713647,1,0.5,3782,3037
6819,682.078,ga_tcheby_proxy,mesh9,1,2,0,"[1-2]",1,22,1.61449,0.97,0.710407,1,0.5,3783,3037
6820,682.237,ga_tcheby_proxy,mesh9,7,2,0,"[7-4-1-2]",3,62,4.80756,0.97,0.724731,3,0.5,3784,3037
6821,682.305,ga_tcheby_proxy,mesh9,2,5,0,"[2-5]",1,20,1.59654,0.975,0.714922,1,0.5,3785,3037
6822,682.34,ga_tcheby_proxy,mesh9,5,1,1,"[]",0,0,0,0,0,0,0.5,3785,3038
6823,682.433,ga_tcheby_proxy,mesh9,4,7,0,"[4-7]",1,20,1.59654,0.975,0.714286,1,0.5,3786,3038
6824,682.476,ga_tcheby_proxy,mesh9,1,3,1,"[]",0,0,0,0,0,0,0.5,3786,3039
6825,682.499,ga_tcheby_proxy,mesh9,3,5,1,"[]",0,0,0,0,0,0,0.5,3786,3040
6826,682.608,ga_tcheby_proxy,mesh9,8,7,0,"[8-7]",1,22,1.61449,0.97,0.703704,1,0.5,3787,3040
6827,682.771,ga_tcheby_proxy,mesh9,8,7,0,"[8-7]",1,22,1.61449,0.97,0.704388,1,0.5,3788,3040
6828,682.818,ga_tcheby_proxy,mesh9,3,5,1,"[]",0,0,0,0,0,0,0.5,3788,3041
6829,682.821,ga_tcheby_proxy,mesh9,6,5,1,"[]",0,0,0,0,0,0,0.5,3788,3042
6830,682.85,ga_tcheby_proxy,mesh9,4,2,1,"[]",0,0,0,0,0,0,0.5,3788,3043
6831,682.927,ga_tcheby_proxy,mesh9,8,6,0,"[8-7-6]",2,44,3.22898,0.97,0.705069,2,0.5,3789,3043
6832,683,ga_tcheby_proxy,mesh9,4,6,0,"[4-7-6]",2,42,3.21103,0.97,0.714922,2,0.5,3790,3043
6833,683.092,ga_tcheby_proxy,mesh9,5,2,0,"[5-2]",1,20,1.59654,0.975,0.725322,1,0.5,3791,3043
6834,683.312,ga_tcheby_proxy,mesh9,7,0,0,"[7-4-1-0]",3,62,4.80756,0.97,0.725322,3,0.5,3792,3043
6835,683.372,ga_tcheby_proxy,mesh9,2,5,0,"[2-5]",1,20,1.62888,0.954926,0.715556,1,0.5,3793,3043
6836,683.487,ga_tcheby_proxy,mesh9,2,1,0,"[2-1]",1,22,1.61449,0.97,0.713647,1,0.5,3794,3043
6837,683.646,ga_tcheby_proxy,mesh9,4,7,0,"[4-7]",1,20,1.59654,0.975,0.715556,1,0.5,3795,3043
6838,683.685,ga_tcheby_proxy,mesh9,8,6,1,"[]",0,0,0,0,0,0,0.5,3795,3044
6839,683.782,ga_tcheby_proxy,mesh9,3,1,0,"[3-0-1]",2,42,3.21103,0.97,0.72591,2,0.5,3796,3044
6840,683.792,ga_tcheby_proxy,mesh9,8,0,1,"[]",0,0,0,0,0,0,0.5,3796,3045
6841,683.798,ga_tcheby_proxy,mesh9,7,8,1,"[]",0,0,0,0,0,0,0.5,3796,3046
6842,683.927,ga_tcheby_proxy,mesh9,0,1,0,"[0-1]",1,22,1.61449,0.97,0.706422,1,0.5,3797,3046
6843,683.973,ga_tcheby_proxy,mesh9,6,3,1,"[]",0,0,0,0,0,0,0.5,3797,3047
6844,684.046,ga_tcheby_proxy,mesh9,5,7,0,"[5-8-7]",2,42,3.21103,0.97,0.714286,2,0.5,3798,3047
6845,684.049,ga_tcheby_proxy,mesh9,7,5,0,"[7-8-5]",2,42,3.35604,0.925785,0.720621,2,0.5,3799,3047
6846,684.073,ga_tcheby_proxy,mesh9,6,8,1,"[]",0,0,0,0,0,0,0.5,3799,3048
6847,684.209,ga_tcheby_proxy,mesh9,5,7,0,"[5-8-7]",2,42,3.21103,0.97,0.714922,2,0.5,3800,3048
6848,684.271,ga_tcheby_proxy,mesh9,0,8,1,"[]",0,0,0,0,0,0,0.5,3800,3049
6849,684.394,ga_tcheby_proxy,mesh9,8,6,0,"[8-7-6]",2,44,3.22898,0.97,0.707094,2,0.5,3801,3049
6850,684.686,ga_tcheby_proxy,mesh9,3,7,0,"[3-6-7]",2,42,3.21103,0.97,0.71236,2,0.5,3802,3049
6851,684.821,ga_tcheby_proxy,mesh9,7,4,0,"[7-4]",1,20,1.59654,0.975,0.724731,1,0.5,3803,3049
6852,684.935,ga_tcheby_proxy,mesh9,3,7,0,"[3-6-7]",2,42,3.21103,0.97,0.713004,2,0.5,3804,3049
6853,684.975,ga_tcheby_proxy,mesh9,1,5,1,"[]",0,0,0,0,0,0,0.5,3804,3050
6854,685.039,ga_tcheby_proxy,mesh9,2,1,0,"[2-1]",1,22,1.72242,0.906716,0.714286,1,0.5,3805,3050
6855,685.133,ga_tcheby_proxy,mesh9,1,4,0,"[1-4]",1,20,1.59654,0.975,0.713647,1,0.5,3806,3050
6856,685.15,ga_tcheby_proxy,mesh9,2,3,1,"[]",0,0,0,0,0,0,0.5,3806,3051
6857,685.296,ga_tcheby_proxy,mesh9,0,7,0,"[0-3-6-7]",3,62,4.80756,0.97,0.713647,3,0.5,3807,3051
6858,685.37,ga_tcheby_proxy,mesh9,8,2,0,"[8-5-2]",2,40,3.19307,0.975,0.72591,2,0.5,3808,3051
6859,685.403,ga_tcheby_proxy,mesh9,8,3,1,"[]",0,0,0,0,0,0,0.5,3808,3052
6860,685.486,ga_tcheby_proxy,mesh9,2,1,0,"[2-1]",1,22,1.61449,0.97,0.714922,1,0.5,3809,3052
6861,685.548,ga_tcheby_proxy,mesh9,7,2,0,"[7-4-1-2]",3,62,4.96393,0.902839,0.72591,3,0.5,3810,3052
6862,685.582,ga_tcheby_proxy,mesh9,2,1,1,"[]",0,0,0,0,0,0,0.5,3810,3053
6863,685.732,ga_tcheby_proxy,mesh9,4,8,0,"[4-7-8]",2,42,3.21103,0.97,0.718062,2,0.5,3811,3053
6864,685.841,ga_tcheby_proxy,mesh9,0,2,0,"[0-1-2]",2,44,3.22898,0.97,0.71236,2,0.5,3812,3053
6865,686.039,ga_tcheby_proxy,mesh9,4,0,0,"[4-1-0]",2,42,3.21103,0.97,0.726496,2,0.5,3813,3053
6866,686.134,ga_tcheby_proxy,mesh9,5,8,0,"[5-8]",1,20,1.59654,0.975,0.715556,1,0.5,3814,3053
6867,686.207,ga_tcheby_proxy,mesh9,4,5,0,"[4-1-2-5]",3,62,4.80756,0.97,0.727079,3,0.5,3815,3053
6868,686.253,ga_tcheby_proxy,mesh9,0,2,1,"[]",0,0,0,0,0,0,0.5,3815,3054
6869,686.268,ga_tcheby_proxy,mesh9,8,0,1,"[]",0,0,0,0,0,0,0.5,3815,3055
6870,686.326,ga_tcheby_proxy,mesh9,6,7,1,"[]",0,0,0,0,0,0,0.5,3815,3056
6871,686.368,ga_tcheby_proxy,mesh9,1,2,1,"[]",0,0,0,0,0,0,0.5,3815,3057
6872,686.4,ga_tcheby_proxy,mesh9,5,7,1,"[]",0,0,0,0,0,0,0.5,3815,3058
6873,686.468,ga_tcheby_proxy,mesh9,4,0,1,"[]",0,0,0,0,0,0,0.5,3815,3059
6874,686.473,ga_tcheby_proxy,mesh9,7,2,1,"[]",0,0,0,0,0,0,0.5,3815,3060
6875,686.624,ga_tcheby_proxy,mesh9,1,4,0,"[1-4]",1,20,1.59654,0.975,0.714286,1,0.5,3816,3060
6876,686.649,ga_tcheby_proxy,mesh9,0,1,1,"[]",0,0,0,0,0,0,0.5,3816,3061
6877,686.694,ga_tcheby_proxy,mesh9,6,8,1,"[]",0,0,0,0,0,0,0.5,3816,3062
6878,686.722,ga_tcheby_proxy,mesh9,5,4,1,"[]",0,0,0,0,0,0,0.5,3816,3063
6879,686.802,ga_tcheby_proxy,mesh9,6,4,0,"[6-3-4]",2,42,3.21103,0.97,0.721739,2,0.5,3817,3063
6880,686.832,ga_tcheby_proxy,mesh9,5,2,1,"[]",0,0,0,0,0,0,0.5,3817,3064
6881,686.938,ga_tcheby_proxy,mesh9,1,4,0,"[1-4]",1,20,1.59654,0.975,0.714922,1,0.5,3818,3064
6882,687.034,ga_tcheby_proxy,mesh9,5,1,0,"[5-2-1]",2,42,3.21103,0.97,0.726496,2,0.5,3819,3064
6883,687.05,ga_tcheby_proxy,mesh9,7,5,1,"[]",0,0,0,0,0,0,0.5,3819,3065
6884,687.159,ga_tcheby_proxy,mesh9,0,2,0,"[0-1-2]",2,44,3.22898,0.97,0.713647,2,0.5,3820,3065
6885,687.27,ga_tcheby_proxy,mesh9,5,2,0,"[5-2]",1,20,1.59654,0.975,0.727079,1,0.5,3821,3065
6886,687.28,ga_tcheby_proxy,mesh9,5,7,1,"[]",0,0,0,0,0,0,0.5,3821,3066
6887,687.316,ga_tcheby_proxy,mesh9,3,4,1,"[]",0,0,0,0,0,0,0.5,3821,3067
6888,687.361,ga_tcheby_proxy,mesh9,4,1,1,"[]",0,0,0,0,0,0,0.5,3821,3068
6889,687.382,ga_tcheby_proxy,mesh9,0,6,1,"[]",0,0,0,0,0,0,0.5,3821,3069
6890,687.392,ga_tcheby_proxy,mesh9,2,4,1,"[]",0,0,0,0,0,0,0.5,3821,3070
6891,687.59,ga_tcheby_proxy,mesh9,5,3,0,"[5-4-3]",2,44,3.22898,0.97,0.705069,2,0.5,3822,3070
6892,687.592,ga_tcheby_proxy,mesh9,4,3,0,"[4-3]",1,22,1.66761,0.937822,0.706697,1,0.5,3823,3070
6893,687.684,ga_tcheby_proxy,mesh9,0,3,0,"[0-3]",1,20,1.59654,0.975,0.703016,1,0.5,3824,3070
6894,687.794,ga_tcheby_proxy,mesh9,5,0,0,"[5-4-3-0]",3,64,4.82552,0.97,0.726496,3,0.5,3825,3070
6895,687.91,ga_tcheby_proxy,mesh9,4,5,0,"[4-5]",1,22,1.61449,0.97,0.718681,1,0.5,3826,3070
6896,688.007,ga_tcheby_proxy,mesh9,7,3,0,"[7-6-3]",2,42,3.21103,0.97,0.722343,2,0.5,3827,3070
6897,688.108,ga_tcheby_proxy,mesh9,6,5,0,"[6-7-8-5]",3,64,4.82552,0.97,0.718681,3,0.5,3828,3070
6898,688.291,ga_tcheby_proxy,mesh9,2,0,0,"[2-1-0]",2,44,3.22898,0.97,0.716186,2,0.5,3829,3070
6899,688.336,ga_tcheby_proxy,mesh9,8,2,1,"[]",0,0,0,0,0,0,0.5,3829,3071
6900,688.407,ga_tcheby_proxy,mesh9,5,2,0,"[5-2]",1,20,1.59654,0.975,0.72766,1,0.5,3830,3071
6901,688.492,ga_tcheby_proxy,mesh9,1,4,0,"[1-4]",1,20,1.59654,0.975,0.715556,1,0.5,3831,3071
6902,688.513,ga_tcheby_proxy,mesh9,4,3,1,"[]",0,0,0,0,0,0,0.5,3831,3072
6903,688.514,ga_tcheby_proxy,mesh9,0,4,1,"[]",0,0,0,0,0,0,0.5,3831,3073
6904,688.526,ga_tcheby_proxy,mesh9,5,7,1,"[]",0,0,0,0,0,0,0.5,3831,3074
6905,688.676,ga_tcheby_proxy,mesh9,4,7,0,"[4-7]",1,20,1.59654,0.975,0.716814,1,0.5,3832,3074
6906,688.74,ga_tcheby_proxy,mesh9,6,3,0,"[6-3]",1,20,1.59654,0.975,0.722944,1,0.5,3833,3074
6907,688.837,ga_tcheby_proxy,mesh9,7,2,0,"[7-4-1-2]",3,62,4.80756,0.97,0.72766,3,0.5,3834,3074
6908,688.918,ga_tcheby_proxy,mesh9,7,2,0,"[7-8-5-2]",3,62,4.80756,0.97,0.728238,3,0.5,3835,3074
6909,688.939,ga_tcheby_proxy,mesh9,4,2,1,"[]",0,0,0,0,0,0,0.5,3835,3075
6910,689.151,ga_tcheby_proxy,mesh9,4,0,0,"[4-3-0]",2,42,3.21103,0.97,0.727079,2,0.5,3836,3075
6911,689.293,ga_tcheby_proxy,mesh9,2,5,0,"[2-5]",1,20,1.59654,0.975,0.716814,1,0.5,3837,3075
6912,689.399,ga_tcheby_proxy,mesh9,8,3,0,"[8-5-4-3]",3,64,4.82552,0.97,0.719912,3,0.5,3838,3075
6913,689.408,ga_tcheby_proxy,mesh9,1,0,1,"[]",0,0,0,0,0,0,0.5,3838,3076
6914,689.451,ga_tcheby_proxy,mesh9,2,5,1,"[]",0,0,0,0,0,0,0.5,3838,3077
6915,689.478,ga_tcheby_proxy,mesh9,1,0,1,"[]",0,0,0,0,0,0,0.5,3838,3078
6916,689.532,ga_tcheby_proxy,mesh9,0,6,1,"[]",0,0,0,0,0,0,0.5,3838,3079
6917,689.683,ga_tcheby_proxy,mesh9,7,8,0,"[7-8]",1,22,1.61449,0.97,0.719912,1,0.5,3839,3079
6918,689.796,ga_tcheby_proxy,mesh9,7,8,0,"[7-8]",1,22,1.61449,0.97,0.720524,1,0.5,3840,3079
6919,689.865,ga_tcheby_proxy,mesh9,5,0,0,"[5-4-1-0]",3,64,5.02357,0.916011,0.728238,3,0.5,3841,3079
6920,690.303,ga_tcheby_proxy,mesh9,5,3,0,"[5-4-3]",2,44,3.22898,0.97,0.707763,2,0.5,3842,3079
6921,690.388,ga_tcheby_proxy,mesh9,2,7,0,"[2-1-4-7]",3,62,4.80756,0.97,0.717439,3,0.5,3843,3079
6922,690.459,ga_tcheby_proxy,mesh9,1,6,0,"[1-4-7-6]",3,62,4.86187,0.937088,0.718062,3,0.5,3844,3079
6923,690.53,ga_tcheby_proxy,mesh9,0,7,0,"[0-1-4-7]",3,62,4.82518,0.963959,0.718681,3,0.5,3845,3079
6924,690.58,ga_tcheby_proxy,mesh9,0,7,1,"[]",0,0,0,0,0,0,0.5,3845,3080
6925,690.616,ga_tcheby_proxy,mesh9,8,1,1,"[]",0,0,0,0,0,0,0.5,3845,3081
6926,690.768,ga_tcheby_proxy,mesh9,1,7,0,"[1-4-7]",2,40,3.19307,0.975,0.719298,2,0.5,3846,3081
6927,690.78,ga_tcheby_proxy,mesh9,2,3,1,"[]",0,0,0,0,0,0,0.5,3846,3082
6928,690.792,ga_tcheby_proxy,mesh9,5,2,1,"[]",0,0,0,0,0,0,0.5,3846,3083
6929,690.838,ga_tcheby_proxy,mesh9,7,4,1,"[]",0,0,0,0,0,0,0.5,3846,3084
6930,690.867,ga_tcheby_proxy,mesh9,7,0,1,"[]",0,0,0,0,0,0,0.5,3846,3085
6931,690.954,ga_tcheby_proxy,mesh9,7,8,0,"[7-8]",1,22,1.61449,0.97,0.721133,1,0.5,3847,3085
6932,691.051,ga_tcheby_proxy,mesh9,5,7,0,"[5-8-7]",2,42,3.21103,0.97,0.716186,2,0.5,3848,3085
6933,691.19,ga_tcheby_proxy,mesh9,2,4,0,"[2-5-4]",2,42,3.21103,0.97,0.717439,2,0.5,3849,3085
6934,691.297,ga_tcheby_proxy,mesh9,8,2,0,"[8-5-2]",2,40,3.19307,0.975,0.728814,2,0.5,3850,3085
6935,691.307,ga_tcheby_proxy,mesh9,2,0,1,"[]",0,0,0,0,0,0,0.5,3850,3086
6936,691.448,ga_tcheby_proxy,mesh9,2,4,0,"[2-5-4]",2,42,3.21103,0.97,0.718062,2,0.5,3851,3086
6937,691.462,ga_tcheby_proxy,mesh9,3,4,1,"[]",0,0,0,0,0,0,0.5,3851,3087
6938,691.506,ga_tcheby_proxy,mesh9,4,2,1,"[]",0,0,0,0,0,0,0.5,3851,3088
6939,691.546,ga_tcheby_proxy,mesh9,8,5,1,"[]",0,0,0,0,0,0,0.5,3851,3089
6940,691.581,ga_tcheby_proxy,mesh9,3,8,1,"[]",0,0,0,0,0,0,0.5,3851,3090
6941,691.604,ga_tcheby_proxy,mesh9,5,0,1,"[]",0,0,0,0,0,0,0.5,3851,3091
6942,691.641,ga_tcheby_proxy,mesh9,8,7,1,"[]",0,0,0,0,0,0,0.5,3851,3092
6943,691.706,ga_tcheby_proxy,mesh9,7,6,0,"[7-4-3-6]",3,62,4.97973,0.928595,0.726496,3,0.5,3852,3092
6944,691.753,ga_tcheby_proxy,mesh9,2,5,1,"[]",0,0,0,0,0,0,0.5,3852,3093
6945,691.793,ga_tcheby_proxy,mesh9,8,6,1,"[]",0,0,0,0,0,0,0.5,3852,3094
6946,691.915,ga_tcheby_proxy,mesh9,1,7,0,"[1-4-7]",2,40,3.19307,0.975,0.719912,2,0.5,3853,3094
6947,691.997,ga_tcheby_proxy,mesh9,0,1,0,"[0-1]",1,22,1.61449,0.97,0.709091,1,0.5,3854,3094
6948,692.053,ga_tcheby_proxy,mesh9,2,6,1,"[]",0,0,0,0,0,0,0.5,3854,3095
6949,692.272,ga_tcheby_proxy,mesh9,7,6,0,"[7-6]",1,22,1.61449,0.97,0.700935,1,0.5,3855,3095
6950,692.34,ga_tcheby_proxy,mesh9,4,3,0,"[4-3]",1,22,1.68634,0.926934,0.709091,1,0.5,3856,3095
6951,692.426,ga_tcheby_proxy,mesh9,5,6,0,"[5-4-3-6]",3,64,4.82552,0.97,0.714922,3,0.5,3857,3095
6952,692.432,ga_tcheby_proxy,mesh9,3,5,1,"[]",0,0,0,0,0,0,0.5,3857,3096
6953,692.499,ga_tcheby_proxy,mesh9,5,0,0,"[5-8-7-6-3-0]",5,104,8.1753,0.920088,0.72766,5,0.5,3858,3096
6954,692.564,ga_tcheby_proxy,mesh9,3,8,1,"[]",0,0,0,0,0,0,0.5,3858,3097
6955,692.628,ga_tcheby_proxy,mesh9,6,4,0,"[6-7-4]",2,42,3.37282,0.915939,0.727079,2,0.5,3859,3097
6956,692.73,ga_tcheby_proxy,mesh9,5,4,0,"[5-4]",1,22,1.61449,0.97,0.710407,1,0.5,3860,3097
6957,692.768,ga_tcheby_proxy,mesh9,7,2,1,"[]",0,0,0,0,0,0,0.5,3860,3098
6958,692.848,ga_tcheby_proxy,mesh9,8,0,0,"[8-7-6-3-0]",4,84,6.42205,0.97,0.728238,4,0.5,3861,3098
6959,692.867,ga_tcheby_proxy,mesh9,2,8,1,"[]",0,0,0,0,0,0,0.5,3861,3099
6960,692.897,ga_tcheby_proxy,mesh9,0,5,1,"[]",0,0,0,0,0,0,0.5,3861,3100
6961,693.011,ga_tcheby_proxy,mesh9,8,6,0,"[8-7-6]",2,44,3.22898,0.97,0.709751,2,0.5,3862,3100
6962,693.089,ga_tcheby_proxy,mesh9,5,7,0,"[5-8-7]",2,42,3.21103,0.97,0.717439,2,0.5,3863,3100
6963,693.096,ga_tcheby_proxy,mesh9,3,4,1,"[]",0,0,0,0,0,0,0.5,3863,3101
6964,693.159,ga_tcheby_proxy,mesh9,2,0,1,"[]",0,0,0,0,0,0,0.5,3863,3102
6965,693.16,ga_tcheby_proxy,mesh9,6,3,1,"[]",0,0,0,0,0,0,0.5,3863,3103
6966,693.333,ga_tcheby_proxy,mesh9,0,7,0,"[0-3-6-7]",3,62,4.80756,0.97,0.715556,3,0.5,3864,3103
6967,693.478,ga_tcheby_proxy,mesh9,8,7,0,"[8-7]",1,22,1.61449,0.97,0.711061,1,0.5,3865,3103
6968,693.58,ga_tcheby_proxy,mesh9,5,0,0,"[5-4-1-0]",3,64,4.82552,0.97,0.728814,3,0.5,3866,3103
6969,693.597,ga_tcheby_proxy,mesh9,6,5,1,"[]",0,0,0,0,0,0,0.5,3866,3104
6970,693.677,ga_tcheby_proxy,mesh9,6,5,0,"[6-7-8-5]",3,64,4.82552,0.97,0.721739,3,0.5,3867,3104
6971,693.905,ga_tcheby_proxy,mesh9,1,0,0,"[1-0]",1,22,1.61449,0.97,0.717439,1,0.5,3868,3104
6972,693.928,ga_tcheby_proxy,mesh9,3,1,1,"[]",0,0,0,0,0,0,0.5,3868,3105
6973,694.023,ga_tcheby_proxy,mesh9,1,2,0,"[1-2]",1,22,1.61449,0.97,0.714922,1,0.5,3869,3105
6974,694.064,ga_tcheby_proxy,mesh9,1,3,1,"[]",0,0,0,0,0,0,0.5,3869,3106
6975,694.248,ga_tcheby_proxy,mesh9,8,1,0,"[8-5-2-1]",3,62,4.80756,0.97,0.729387,3,0.5,3870,3106
6976,694.306,ga_tcheby_proxy,mesh9,4,5,1,"[]",0,0,0,0,0,0,0.5,3870,3107
6977,694.714,ga_tcheby_proxy,mesh9,3,6,0,"[3-6]",1,20,1.59654,0.975,0.716186,1,0.5,3871,3107
6978,694.732,ga_tcheby_proxy,mesh9,7,4,1,"[]",0,0,0,0,0,0,0.5,3871,3108
6979,694.805,ga_tcheby_proxy,mesh9,4,8,0,"[4-1-2-5-8]",4,82,6.4041,0.97,0.729387,4,0.5,3872,3108
6980,695.07,ga_tcheby_proxy,mesh9,8,2,0,"[8-5-2]",2,40,3.19307,0.975,0.729958,2,0.5,3873,3108
6981,695.262,ga_tcheby_proxy,mesh9,5,0,0,"[5-4-3-0]",3,64,4.82552,0.97,0.728814,3,0.5,3874,3108
6982,695.491,ga_tcheby_proxy,mesh9,5,1,0,"[5-4-1]",2,42,3.21103,0.97,0.729958,2,0.5,3875,3108
6983,695.683,ga_tcheby_proxy,mesh9,7,8,0,"[7-8]",1,22,1.61449,0.97,0.722343,1,0.5,3876,3108
6984,695.774,ga_tcheby_proxy,mesh9,3,6,0,"[3-6]",1,20,1.59654,0.975,0.716814,1,0.5,3877,3108
6985,695.935,ga_tcheby_proxy,mesh9,4,7,0,"[4-7]",1,20,1.59654,0.975,0.720524,1,0.5,3878,3108
6986,695.966,ga_tcheby_proxy,mesh9,2,7,1,"[]",0,0,0,0,0,0,0.5,3878,3109
6987,695.998,ga_tcheby_proxy,mesh9,8,4,1,"[]",0,0,0,0,0,0,0.5,3878,3110
6988,696.134,ga_tcheby_proxy,mesh9,0,6,0,"[0-3-6]",2,40,3.19307,0.975,0.717439,2,0.5,3879,3110
6989,696.369,ga_tcheby_proxy,mesh9,8,2,0,"[8-5-2]",2,40,3.19307,0.975,0.730526,2,0.5,3880,3110
6990,696.377,ga_tcheby_proxy,mesh9,5,1,1,"[]",0,0,0,0,0,0,0.5,3880,3111
6991,696.399,ga_tcheby_proxy,mesh9,6,2,1,"[]",0,0,0,0,0,0,0.5,3880,3112
6992,696.439,ga_tcheby_proxy,mesh9,3,0,1,"[]",0,0,0,0,0,0,0.5,3880,3113
6993,696.501,ga_tcheby_proxy,mesh9,1,4,0,"[1-4]",1,20,1.60584,0.96914,0.719298,1,0.5,3881,3113
6994,696.617,ga_tcheby_proxy,mesh9,3,4,0,"[3-4]",1,22,1.61449,0.97,0.714286,1,0.5,3882,3113
6995,696.621,ga_tcheby_proxy,mesh9,4,6,0,"[4-7-6]",2,42,3.43018,0.904952,0.721133,2,0.5,3883,3113
6996,696.641,ga_tcheby_proxy,mesh9,7,0,1,"[]",0,0,0,0,0,0,0.5,3883,3114
6997,696.717,ga_tcheby_proxy,mesh9,6,5,0,"[6-3-4-5]",3,64,4.82552,0.97,0.724731,3,0.5,3884,3114
6998,696.871,ga_tcheby_proxy,mesh9,1,3,0,"[1-0-3]",2,42,3.21103,0.97,0.718062,2,0.5,3885,3114
6999,697.032,ga_tcheby_proxy,mesh9,4,8,0,"[4-5-8]",2,42,3.21103,0.97,0.719912,2,0.5,3886,3114
7000,697.05,ga_tcheby_proxy,mesh9,2,0,1,"[]",0,0,0,0,0,0,0.5,3886,3115
7001,697.353,ga_tcheby_proxy,mesh9,3,7,0,"[3-6-7]",2,42,3.21103,0.97,0.718062,2,0.5,3887,3115
7002,697.652,ga_tcheby_proxy,mesh9,6,3,0,"[6-3]",1,20,1.59654,0.975,0.725322,1,0.5,3888,3115
7003,697.654,ga_tcheby_proxy,mesh9,8,7,0,"[8-7]",1,22,1.68381,0.928453,0.714932,1,0.5,3889,3115
7004,697.71,ga_tcheby_proxy,mesh9,7,2,1,"[]",0,0,0,0,0,0,0.5,3889,3116
7005,697.785,ga_tcheby_proxy,mesh9,6,5,0,"[6-3-4-5]",3,64,4.88404,0.934629,0.72591,3,0.5,3890,3116
7006,697.869,ga_tcheby_proxy,mesh9,5,6,0,"[5-4-3-6]",3,64,4.82552,0.97,0.718681,3,0.5,3891,3116
7007,697.881,ga_tcheby_proxy,mesh9,4,3,1,"[]",0,0,0,0,0,0,0.5,3891,3117
7008,698.006,ga_tcheby_proxy,mesh9,2,1,0,"[2-1]",1,22,1.61449,0.97,0.718062,1,0.5,3892,3117
7009,698.327,ga_tcheby_proxy,mesh9,5,0,0,"[5-4-3-0]",3,64,4.82552,0.97,0.729387,3,0.5,3893,3117
7010,698.373,ga_tcheby_proxy,mesh9,7,6,1,"[]",0,0,0,0,0,0,0.5,3893,3118
7011,698.4,ga_tcheby_proxy,mesh9,2,3,1,"[]",0,0,0,0,0,0,0.5,3893,3119
7012,698.432,ga_tcheby_proxy,mesh9,4,2,1,"[]",0,0,0,0,0,0,0.5,3893,3120
7013,698.463,ga_tcheby_proxy,mesh9,4,0,1,"[]",0,0,0,0,0,0,0.5,3893,3121
7014,698.548,ga_tcheby_proxy,mesh9,7,2,0,"[7-4-5-2]",3,62,4.80756,0.97,0.731092,3,0.5,3894,3121
7015,698.653,ga_tcheby_proxy,mesh9,3,0,0,"[3-0]",1,20,1.59654,0.975,0.729958,1,0.5,3895,3121
7016,698.754,ga_tcheby_proxy,mesh9,8,2,0,"[8-5-2]",2,40,3.19307,0.975,0.731656,2,0.5,3896,3121
7017,698.796,ga_tcheby_proxy,mesh9,7,1,1,"[]",0,0,0,0,0,0,0.5,3896,3122
7018,698.823,ga_tcheby_proxy,mesh9,7,8,1,"[]",0,0,0,0,0,0,0.5,3896,3123
7019,698.927,ga_tcheby_proxy,mesh9,7,2,0,"[7-4-1-2]",3,62,4.80756,0.97,0.730526,3,0.5,3897,3123
7020,699.036,ga_tcheby_proxy,mesh9,8,2,0,"[8-5-2]",2,40,3.19307,0.975,0.732218,2,0.5,3898,3123
7021,699.371,ga_tcheby_proxy,mesh9,1,0,0,"[1-0]",1,22,1.61449,0.97,0.718681,1,0.5,3899,3123
7022,699.868,ga_tcheby_proxy,mesh9,2,8,0,"[2-5-8]",2,40,3.19307,0.975,0.719298,2,0.5,3900,3123
7023,700.179,ga_tcheby_proxy,mesh9,6,3,0,"[6-3]",1,20,1.59654,0.975,0.726496,1,0.5,3901,3123
7024,700.305,ga_tcheby_proxy,mesh9,4,5,0,"[4-5]",1,22,1.61449,0.97,0.721739,1,0.5,3902,3123
7025,700.653,ga_tcheby_proxy,mesh9,1,7,0,"[1-4-7]",2,40,3.19307,0.975,0.721739,2,0.5,3903,3123
7026,700.696,ga_tcheby_proxy,mesh9,1,2,1,"[]",0,0,0,0,0,0,0.5,3903,3124
7027,700.866,ga_tcheby_proxy,mesh9,2,1,0,"[2-1]",1,22,1.61449,0.97,0.718681,1,0.5,3904,3124
7028,700.982,ga_tcheby_proxy,mesh9,4,6,0,"[4-3-6]",2,42,3.21103,0.97,0.719298,2,0.5,3905,3124
7029,701.188,ga_tcheby_proxy,mesh9,4,1,0,"[4-1]",1,20,1.59654,0.975,0.731092,1,0.5,3906,3124
7030,701.192,ga_tcheby_proxy,mesh9,0,5,0,"[0-1-2-5]",3,64,5.17213,0.9018,0.721604,3,0.5,3907,3124
7031,701.662,ga_tcheby_proxy,mesh9,6,4,0,"[6-3-4]",2,42,3.21103,0.97,0.727079,2,0.5,3908,3124
7032,701.755,ga_tcheby_proxy,mesh9,3,7,0,"[3-6-7]",2,42,3.21103,0.97,0.719912,2,0.5,3909,3124
7033,701.79,ga_tcheby_proxy,mesh9,4,1,1,"[]",0,0,0,0,0,0,0.5,3909,3125
7034,701.8,ga_tcheby_proxy,mesh9,3,2,1,"[]",0,0,0,0,0,0,0.5,3909,3126
7035,701.981,ga_tcheby_proxy,mesh9,0,5,0,"[0-1-2-5]",3,64,4.82552,0.97,0.720524,3,0.5,3910,3126
7036,702.457,ga_tcheby_proxy,mesh9,3,4,0,"[3-4]",1,22,1.61449,0.97,0.716814,1,0.5,3911,3126
7037,702.628,ga_tcheby_proxy,mesh9,4,6,0,"[4-3-6]",2,42,3.21103,0.97,0.720524,2,0.5,3912,3126
7038,702.692,ga_tcheby_proxy,mesh9,7,1,0,"[7-4-1]",2,40,3.32406,0.917142,0.731656,2,0.5,3913,3126
7039,702.711,ga_tcheby_proxy,mesh9,2,3,1,"[]",0,0,0,0,0,0,0.5,3913,3127
7040,702.749,ga_tcheby_proxy,mesh9,7,6,1,"[]",0,0,0,0,0,0,0.5,3913,3128
7041,702.917,ga_tcheby_proxy,mesh9,5,1,0,"[5-4-1]",2,42,3.21103,0.97,0.732218,2,0.5,3914,3128
7042,702.962,ga_tcheby_proxy,mesh9,1,6,1,"[]",0,0,0,0,0,0,0.5,3914,3129
7043,703.094,ga_tcheby_proxy,mesh9,1,8,0,"[1-2-5-8]",3,62,4.80756,0.97,0.721133,3,0.5,3915,3129
7044,703.292,ga_tcheby_proxy,mesh9,5,7,0,"[5-8-7]",2,42,3.21103,0.97,0.720524,2,0.5,3916,3129
7045,703.3,ga_tcheby_proxy,mesh9,5,3,1,"[]",0,0,0,0,0,0,0.5,3916,3130
7046,703.368,ga_tcheby_proxy,mesh9,8,2,0,"[8-5-2]",2,40,3.23927,0.946577,0.732777,2,0.5,3917,3130
7047,703.507,ga_tcheby_proxy,mesh9,8,3,0,"[8-5-4-3]",3,64,4.82552,0.97,0.725322,3,0.5,3918,3130
7048,703.516,ga_tcheby_proxy,mesh9,3,5,1,"[]",0,0,0,0,0,0,0.5,3918,3131
7049,703.691,ga_tcheby_proxy,mesh9,6,4,0,"[6-3-4]",2,42,3.21103,0.97,0.72766,2,0.5,3919,3131
7050,703.807,ga_tcheby_proxy,mesh9,0,6,0,"[0-3-6]",2,40,3.19307,0.975,0.721133,2,0.5,3920,3131
7051,703.949,ga_tcheby_proxy,mesh9,7,6,0,"[7-6]",1,22,1.61449,0.97,0.704388,1,0.5,3921,3131
7052,704.363,ga_tcheby_proxy,mesh9,4,3,0,"[4-3]",1,22,1.61449,0.97,0.714286,1,0.5,3922,3131
7053,704.394,ga_tcheby_proxy,mesh9,2,4,1,"[]",0,0,0,0,0,0,0.5,3922,3132
7054,704.498,ga_tcheby_proxy,mesh9,5,1,0,"[5-4-1]",2,42,3.21103,0.97,0.732777,2,0.5,3923,3132
7055,704.561,ga_tcheby_proxy,mesh9,3,1,1,"[]",0,0,0,0,0,0,0.5,3923,3133
7056,704.64,ga_tcheby_proxy,mesh9,7,6,0,"[7-6]",1,22,1.64355,0.952111,0.705069,1,0.5,3924,3133
7057,704.815,ga_tcheby_proxy,mesh9,1,3,0,"[1-0-3]",2,42,3.21103,0.97,0.719298,2,0.5,3925,3133
7058,704.826,ga_tcheby_proxy,mesh9,3,1,1,"[]",0,0,0,0,0,0,0.5,3925,3134
7059,704.898,ga_tcheby_proxy,mesh9,5,4,0,"[5-4]",1,22,1.68298,0.928863,0.716186,1,0.5,3926,3134
7060,704.974,ga_tcheby_proxy,mesh9,1,4,0,"[1-4]",1,20,1.59654,0.975,0.720524,1,0.5,3927,3134
7061,705.015,ga_tcheby_proxy,mesh9,5,7,1,"[]",0,0,0,0,0,0,0.5,3927,3135
7062,705.084,ga_tcheby_proxy,mesh9,6,1,0,"[6-3-4-1]",3,62,4.80756,0.97,0.733333,3,0.5,3928,3135
7063,705.213,ga_tcheby_proxy,mesh9,0,7,0,"[0-3-6-7]",3,62,4.80756,0.97,0.721739,3,0.5,3929,3135
7064,705.463,ga_tcheby_proxy,mesh9,1,2,0,"[1-2]",1,22,1.61449,0.97,0.718681,1,0.5,3930,3135
7065,705.522,ga_tcheby_proxy,mesh9,5,3,1,"[]",0,0,0,0,0,0,0.5,3930,3136
7066,705.66,ga_tcheby_proxy,mesh9,1,2,0,"[1-2]",1,22,1.61449,0.97,0.719298,1,0.5,3931,3136
7067,705.678,ga_tcheby_proxy,mesh9,2,3,1,"[]",0,0,0,0,0,0,0.5,3931,3137
7068,705.727,ga_tcheby_proxy,mesh9,4,2,1,"[]",0,0,0,0,0,0,0.5,3931,3138
7069,705.786,ga_tcheby_proxy,mesh9,2,7,1,"[]",0,0,0,0,0,0,0.5,3931,3139
7070,705.931,ga_tcheby_proxy,mesh9,2,3,0,"[2-1-0-3]",3,64,4.82552,0.97,0.719912,3,0.5,3932,3139
7071,706.072,ga_tcheby_proxy,mesh9,4,3,0,"[4-3]",1,22,1.61449,0.97,0.714922,1,0.5,3933,3139
7072,706.158,ga_tcheby_proxy,mesh9,4,0,0,"[4-3-0]",2,42,3.21103,0.97,0.730526,2,0.5,3934,3139
7073,706.18,ga_tcheby_proxy,mesh9,6,8,1,"[]",0,0,0,0,0,0,0.5,3934,3140
7074,706.211,ga_tcheby_proxy,mesh9,8,5,1,"[]",0,0,0,0,0,0,0.5,3934,3141
7075,706.346,ga_tcheby_proxy,mesh9,6,3,0,"[6-3]",1,20,1.59654,0.975,0.728814,1,0.5,3935,3141
7076,706.366,ga_tcheby_proxy,mesh9,4,2,1,"[]",0,0,0,0,0,0,0.5,3935,3142
7077,706.627,ga_tcheby_proxy,mesh9,4,6,0,"[4-7-6]",2,42,3.21103,0.97,0.722343,2,0.5,3936,3142
7078,706.659,ga_tcheby_proxy,mesh9,6,5,1,"[]",0,0,0,0,0,0,0.5,3936,3143
7079,706.812,ga_tcheby_proxy,mesh9,5,1,0,"[5-2-1]",2,42,3.21103,0.97,0.733333,2,0.5,3937,3143
7080,706.942,ga_tcheby_proxy,mesh9,2,5,0,"[2-5]",1,20,1.59654,0.975,0.721739,1,0.5,3938,3143
7081,707.019,ga_tcheby_proxy,mesh9,7,0,0,"[7-4-3-0]",3,62,4.80756,0.97,0.731092,3,0.5,3939,3143
7082,707.227,ga_tcheby_proxy,mesh9,3,7,0,"[3-6-7]",2,42,3.21103,0.97,0.722343,2,0.5,3940,3143
7083,707.239,ga_tcheby_proxy,mesh9,1,0,1,"[]",0,0,0,0,0,0,0.5,3940,3144
7084,707.395,ga_tcheby_proxy,mesh9,6,8,0,"[6-7-8]",2,44,3.22898,0.97,0.722944,2,0.5,3941,3144
7085,707.418,ga_tcheby_proxy,mesh9,7,1,1,"[]",0,0,0,0,0,0,0.5,3941,3145
7086,707.461,ga_tcheby_proxy,mesh9,5,7,1,"[]",0,0,0,0,0,0,0.5,3941,3146
7087,707.509,ga_tcheby_proxy,mesh9,3,1,1,"[]",0,0,0,0,0,0,0.5,3941,3147
7088,707.663,ga_tcheby_proxy,mesh9,5,0,0,"[5-4-3-0]",3,64,4.82552,0.97,0.731656,3,0.5,3942,3147
7089,707.821,ga_tcheby_proxy,mesh9,0,4,0,"[0-3-4]",2,42,3.21103,0.97,0.718681,2,0.5,3943,3147
7090,707.827,ga_tcheby_proxy,mesh9,8,6,1,"[]",0,0,0,0,0,0,0.5,3943,3148
7091,707.93,ga_tcheby_proxy,mesh9,1,4,0,"[1-4]",1,20,1.59654,0.975,0.721133,1,0.5,3944,3148
7092,708.026,ga_tcheby_proxy,mesh9,0,6,0,"[0-3-6]",2,40,3.19307,0.975,0.722944,2,0.5,3945,3148
7093,708.085,ga_tcheby_proxy,mesh9,5,4,1,"[]",0,0,0,0,0,0,0.5,3945,3149
7094,708.086,ga_tcheby_proxy,mesh9,8,1,1,"[]",0,0,0,0,0,0,0.5,3945,3150
7095,708.308,ga_tcheby_proxy,mesh9,6,3,0,"[6-3]",1,20,1.59654,0.975,0.729387,1,0.5,3946,3150
7096,708.327,ga_tcheby_proxy,mesh9,5,0,1,"[]",0,0,0,0,0,0,0.5,3946,3151
7097,708.364,ga_tcheby_proxy,mesh9,6,1,1,"[]",0,0,0,0,0,0,0.5,3946,3152
7098,708.529,ga_tcheby_proxy,mesh9,2,1,0,"[2-1]",1,22,1.61449,0.97,0.720524,1,0.5,3947,3152
7099,708.663,ga_tcheby_proxy,mesh9,4,6,0,"[4-7-6]",2,42,3.21103,0.97,0.722944,2,0.5,3948,3152
7100,708.703,ga_tcheby_proxy,mesh9,3,2,1,"[]",0,0,0,0,0,0,0.5,3948,3153
7101,708.753,ga_tcheby_proxy,mesh9,6,1,1,"[]",0,0,0,0,0,0,0.5,3948,3154
7102,708.806,ga_tcheby_proxy,mesh9,8,7,1,"[]",0,0,0,0,0,0,0.5,3948,3155
7103,709.232,ga_tcheby_proxy,mesh9,7,4,0,"[7-4]",1,20,1.59654,0.975,0.729958,1,0.5,3949,3155
7104,709.308,ga_tcheby_proxy,mesh9,0,2,0,"[0-1-2]",2,44,3.22898,0.97,0.719912,2,0.5,3950,3155
7105,709.357,ga_tcheby_proxy,mesh9,6,8,1,"[]",0,0,0,0,0,0,0.5,3950,3156
7106,709.685,ga_tcheby_proxy,mesh9,0,1,0,"[0-1]",1,22,1.61449,0.97,0.711712,1,0.5,3951,3156
7107,709.795,ga_tcheby_proxy,mesh9,1,2,0,"[1-2]",1,22,1.61449,0.97,0.720524,1,0.5,3952,3156
7108,709.946,ga_tcheby_proxy,mesh9,4,6,0,"[4-7-6]",2,42,3.21103,0.97,0.723542,2,0.5,3953,3156
7109,710.001,ga_tcheby_proxy,mesh9,3,6,1,"[]",0,0,0,0,0,0,0.5,3953,3157
7110,710.052,ga_tcheby_proxy,mesh9,1,4,1,"[]",0,0,0,0,0,0,0.5,3953,3158
7111,710.327,ga_tcheby_proxy,mesh9,4,2,0,"[4-5-2]",2,42,3.21103,0.97,0.733888,2,0.5,3954,3158
7112,710.388,ga_tcheby_proxy,mesh9,6,2,1,"[]",0,0,0,0,0,0,0.5,3954,3159
7113,710.406,ga_tcheby_proxy,mesh9,1,7,1,"[]",0,0,0,0,0,0,0.5,3954,3160
7114,710.41,ga_tcheby_proxy,mesh9,1,5,1,"[]",0,0,0,0,0,0,0.5,3954,3161
7115,710.504,ga_tcheby_proxy,mesh9,1,2,0,"[1-2]",1,22,1.61449,0.97,0.721133,1,0.5,3955,3161
7116,710.835,ga_tcheby_proxy,mesh9,4,7,0,"[4-7]",1,20,1.59654,0.975,0.724138,1,0.5,3956,3161
7117,710.843,ga_tcheby_proxy,mesh9,5,1,1,"[]",0,0,0,0,0,0,0.5,3956,3162
7118,710.96,ga_tcheby_proxy,mesh9,6,5,0,"[6-7-8-5]",3,64,4.82552,0.97,0.72591,3,0.5,3957,3162
7119,710.976,ga_tcheby_proxy,mesh9,8,5,1,"[]",0,0,0,0,0,0,0.5,3957,3163
7120,710.98,ga_tcheby_proxy,mesh9,8,6,1,"[]",0,0,0,0,0,0,0.5,3957,3164
7121,711.027,ga_tcheby_proxy,mesh9,1,7,1,"[]",0,0,0,0,0,0,0.5,3957,3165
7122,711.047,ga_tcheby_proxy,mesh9,4,7,1,"[]",0,0,0,0,0,0,0.5,3957,3166
7123,711.111,ga_tcheby_proxy,mesh9,6,8,1,"[]",0,0,0,0,0,0,0.5,3957,3167
7124,711.177,ga_tcheby_proxy,mesh9,4,3,0,"[4-7-6-3]",3,62,4.95325,0.91903,0.729958,3,0.5,3958,3167
7125,711.177,ga_tcheby_proxy,mesh9,4,7,0,"[4-7]",1,20,1.65291,0.940572,0.726882,1,0.5,3959,3167
7126,711.221,ga_tcheby_proxy,mesh9,3,2,1,"[]",0,0,0,0,0,0,0.5,3959,3168
7127,711.346,ga_tcheby_proxy,mesh9,6,8,0,"[6-7-8]",2,44,3.22898,0.97,0.724138,2,0.5,3960,3168
7128,711.359,ga_tcheby_proxy,mesh9,8,1,1,"[]",0,0,0,0,0,0,0.5,3960,3169
7129,711.377,ga_tcheby_proxy,mesh9,3,7,1,"[]",0,0,0,0,0,0,0.5,3960,3170
7130,711.462,ga_tcheby_proxy,mesh9,6,7,0,"[6-7]",1,22,1.66721,0.938022,0.717439,1,0.5,3961,3170
7131,711.679,ga_tcheby_proxy,mesh9,5,6,0,"[5-8-7-6]",3,64,4.82552,0.97,0.721133,3,0.5,3962,3170
7132,711.938,ga_tcheby_proxy,mesh9,0,1,0,"[0-1]",1,22,1.61449,0.97,0.71236,1,0.5,3963,3170
7133,711.944,ga_tcheby_proxy,mesh9,6,5,1,"[]",0,0,0,0,0,0,0.5,3963,3171
7134,711.971,ga_tcheby_proxy,mesh9,0,1,1,"[]",0,0,0,0,0,0,0.5,3963,3172
7135,711.973,ga_tcheby_proxy,mesh9,8,3,1,"[]",0,0,0,0,0,0,0.5,3963,3173
7136,712.06,ga_tcheby_proxy,mesh9,4,5,0,"[4-5]",1,22,1.61449,0.97,0.722944,1,0.5,3964,3173
7137,712.074,ga_tcheby_proxy,mesh9,4,6,1,"[]",0,0,0,0,0,0,0.5,3964,3174
7138,712.096,ga_tcheby_proxy,mesh9,2,1,1,"[]",0,0,0,0,0,0,0.5,3964,3175
7139,712.113,ga_tcheby_proxy,mesh9,3,8,1,"[]",0,0,0,0,0,0,0.5,3964,3176
7140,712.211,ga_tcheby_proxy,mesh9,2,4,0,"[2-1-4]",2,42,3.21103,0.97,0.721739,2,0.5,3965,3176
7141,712.262,ga_tcheby_proxy,mesh9,4,5,1,"[]",0,0,0,0,0,0,0.5,3965,3177
7142,712.265,ga_tcheby_proxy,mesh9,2,6,1,"[]",0,0,0,0,0,0,0.5,3965,3178
7143,712.408,ga_tcheby_proxy,mesh9,3,1,0,"[3-0-1]",2,42,3.21103,0.97,0.732218,2,0.5,3966,3178
7144,712.418,ga_tcheby_proxy,mesh9,0,7,1,"[]",0,0,0,0,0,0,0.5,3966,3179
7145,712.547,ga_tcheby_proxy,mesh9,6,4,0,"[6-7-4]",2,42,3.21103,0.97,0.730526,2,0.5,3967,3179
7146,712.75,ga_tcheby_proxy,mesh9,7,8,0,"[7-8]",1,22,1.61449,0.97,0.724731,1,0.5,3968,3179
7147,712.76,ga_tcheby_proxy,mesh9,1,0,1,"[]",0,0,0,0,0,0,0.5,3968,3180
7148,712.761,ga_tcheby_proxy,mesh9,2,3,1,"[]",0,0,0,0,0,0,0.5,3968,3181
7149,712.936,ga_tcheby_proxy,mesh9,0,5,0,"[0-1-2-5]",3,64,4.82552,0.97,0.722343,3,0.5,3969,3181
7150,713.088,ga_tcheby_proxy,mesh9,4,5,0,"[4-5]",1,22,1.61449,0.97,0.723542,1,0.5,3970,3181
7151,713.253,ga_tcheby_proxy,mesh9,7,8,0,"[7-8]",1,22,1.61449,0.97,0.725322,1,0.5,3971,3181
7152,713.389,ga_tcheby_proxy,mesh9,2,8,0,"[2-5-8]",2,40,3.19307,0.975,0.722944,2,0.5,3972,3181
7153,713.444,ga_tcheby_proxy,mesh9,3,4,1,"[]",0,0,0,0,0,0,0.5,3972,3182
7154,713.474,ga_tcheby_proxy,mesh9,2,6,1,"[]",0,0,0,0,0,0,0.5,3972,3183
7155,713.756,ga_tcheby_proxy,mesh9,7,4,0,"[7-4]",1,20,1.59654,0.975,0.731092,1,0.5,3973,3183
7156,713.817,ga_tcheby_proxy,mesh9,2,3,1,"[]",0,0,0,0,0,0,0.5,3973,3184
7157,714.168,ga_tcheby_proxy,mesh9,5,0,0,"[5-4-3-0]",3,64,4.82552,0.97,0.732777,3,0.5,3974,3184
7158,714.493,ga_tcheby_proxy,mesh9,3,1,0,"[3-0-1]",2,42,3.21103,0.97,0.733333,2,0.5,3975,3184
7159,714.69,ga_tcheby_proxy,mesh9,6,4,0,"[6-3-4]",2,42,3.21103,0.97,0.730526,2,0.5,3976,3184
7160,714.695,ga_tcheby_proxy,mesh9,6,8,1,"[]",0,0,0,0,0,0,0.5,3976,3185
7161,714.779,ga_tcheby_proxy,mesh9,3,6,0,"[3-6]",1,20,1.59654,0.975,0.723542,1,0.5,3977,3185
7162,715.056,ga_tcheby_proxy,mesh9,0,8,0,"[0-1-2-5-8]",4,84,6.42205,0.97,0.723542,4,0.5,3978,3185
7163,715.113,ga_tcheby_proxy,mesh9,4,8,1,"[]",0,0,0,0,0,0,0.5,3978,3186
7164,715.136,ga_tcheby_proxy,mesh9,8,5,1,"[]",0,0,0,0,0,0,0.5,3978,3187
7165,715.18,ga_tcheby_proxy,mesh9,8,2,1,"[]",0,0,0,0,0,0,0.5,3978,3188
7166,715.27,ga_tcheby_proxy,mesh9,7,4,0,"[7-4]",1,20,1.59654,0.975,0.731656,1,0.5,3979,3188
7167,715.294,ga_tcheby_proxy,mesh9,0,7,1,"[]",0,0,0,0,0,0,0.5,3979,3189
7168,715.315,ga_tcheby_proxy,mesh9,3,4,1,"[]",0,0,0,0,0,0,0.5,3979,3190
7169,715.445,ga_tcheby_proxy,mesh9,1,5,0,"[1-4-5]",2,42,3.21103,0.97,0.724138,2,0.5,3980,3190
7170,715.646,ga_tcheby_proxy,mesh9,8,7,0,"[8-7]",1,22,1.61449,0.97,0.713647,1,0.5,3981,3190
7171,715.647,ga_tcheby_proxy,mesh9,6,2,0,"[6-7-4-1-2]",4,84,6.55635,0.949098,0.733888,4,0.5,3982,3190
7172,715.936,ga_tcheby_proxy,mesh9,6,0,0,"[6-3-0]",2,40,3.19307,0.975,0.733888,2,0.5,3983,3190
7173,716.002,ga_tcheby_proxy,mesh9,1,8,1,"[]",0,0,0,0,0,0,0.5,3983,3191
7174,716.015,ga_tcheby_proxy,mesh9,2,1,1,"[]",0,0,0,0,0,0,0.5,3983,3192
7175,716.027,ga_tcheby_proxy,mesh9,0,8,1,"[]",0,0,0,0,0,0,0.5,3983,3193
7176,716.143,ga_tcheby_proxy,mesh9,2,4,0,"[2-1-4]",2,42,3.21103,0.97,0.722944,2,0.5,3984,3193
7177,716.193,ga_tcheby_proxy,mesh9,8,2,1,"[]",0,0,0,0,0,0,0.5,3984,3194
7178,716.4,ga_tcheby_proxy,mesh9,5,0,0,"[5-4-3-0]",3,64,4.82552,0.97,0.73444,3,0.5,3985,3194
7179,716.447,ga_tcheby_proxy,mesh9,1,7,1,"[]",0,0,0,0,0,0,0.5,3985,3195
7180,716.622,ga_tcheby_proxy,mesh9,6,2,0,"[6-3-4-1-2]",4,84,6.42205,0.97,0.73444,4,0.5,3986,3195
7181,716.672,ga_tcheby_proxy,mesh9,0,7,1,"[]",0,0,0,0,0,0,0.5,3986,3196
7182,716.685,ga_tcheby_proxy,mesh9,2,6,1,"[]",0,0,0,0,0,0,0.5,3986,3197
7183,716.73,ga_tcheby_proxy,mesh9,3,1,1,"[]",0,0,0,0,0,0,0.5,3986,3198
7184,716.857,ga_tcheby_proxy,mesh9,1,4,0,"[1-4]",1,20,1.59654,0.975,0.723542,1,0.5,3987,3198
7185,716.923,ga_tcheby_proxy,mesh9,0,3,0,"[0-3]",1,20,1.66701,0.932294,0.709751,1,0.5,3988,3198
7186,716.954,ga_tcheby_proxy,mesh9,2,4,1,"[]",0,0,0,0,0,0,0.5,3988,3199
7187,717.034,ga_tcheby_proxy,mesh9,0,5,0,"[0-1-2-5]",3,64,4.82552,0.97,0.724138,3,0.5,3989,3199
7188,717.072,ga_tcheby_proxy,mesh9,4,0,1,"[]",0,0,0,0,0,0,0.5,3989,3200
7189,717.211,ga_tcheby_proxy,mesh9,4,6,0,"[4-3-6]",2,42,3.21103,0.97,0.724138,2,0.5,3990,3200
7190,717.385,ga_tcheby_proxy,mesh9,2,3,0,"[2-1-0-3]",3,64,4.82552,0.97,0.722343,3,0.5,3991,3200
7191,717.551,ga_tcheby_proxy,mesh9,6,0,0,"[6-3-0]",2,40,3.19307,0.975,0.73499,2,0.5,3992,3200
7192,717.576,ga_tcheby_proxy,mesh9,4,2,1,"[]",0,0,0,0,0,0,0.5,3992,3201
7193,717.835,ga_tcheby_proxy,mesh9,8,1,0,"[8-5-2-1]",3,62,4.80756,0.97,0.73444,3,0.5,3993,3201
7194,717.877,ga_tcheby_proxy,mesh9,6,3,1,"[]",0,0,0,0,0,0,0.5,3993,3202
7195,717.926,ga_tcheby_proxy,mesh9,4,1,1,"[]",0,0,0,0,0,0,0.5,3993,3203
7196,717.952,ga_tcheby_proxy,mesh9,0,2,1,"[]",0,0,0,0,0,0,0.5,3993,3204
7197,718.04,ga_tcheby_proxy,mesh9,0,4,0,"[0-3-4]",2,42,3.21103,0.97,0.720524,2,0.5,3994,3204
7198,718.069,ga_tcheby_proxy,mesh9,5,3,1,"[]",0,0,0,0,0,0,0.5,3994,3205
7199,718.41,ga_tcheby_proxy,mesh9,2,0,0,"[2-1-0]",2,44,3.22898,0.97,0.723542,2,0.5,3995,3205
7200,718.465,ga_tcheby_proxy,mesh9,3,4,1,"[]",0,0,0,0,0,0,0.5,3995,3206
7201,718.545,ga_tcheby_proxy,mesh9,4,8,0,"[4-5-8]",2,42,3.21103,0.97,0.724731,2,0.5,3996,3206
7202,718.687,ga_tcheby_proxy,mesh9,0,3,0,"[0-3]",1,20,1.59654,0.975,0.711712,1,0.5,3997,3206
7203,718.887,ga_tcheby_proxy,mesh9,8,6,0,"[8-7-6]",2,44,3.22898,0.97,0.714286,2,0.5,3998,3206
7204,718.897,ga_tcheby_proxy,mesh9,2,6,1,"[]",0,0,0,0,0,0,0.5,3998,3207
7205,718.902,ga_tcheby_proxy,mesh9,7,5,1,"[]",0,0,0,0,0,0,0.5,3998,3208
7206,719.126,ga_tcheby_proxy,mesh9,3,6,0,"[3-6]",1,20,1.59654,0.975,0.724731,1,0.5,3999,3208
7207,719.161,ga_tcheby_proxy,mesh9,8,3,1,"[]",0,0,0,0,0,0,0.5,3999,3209
7208,719.357,ga_tcheby_proxy,mesh9,1,7,0,"[1-4-7]",2,40,3.19307,0.975,0.72591,2,0.5,4000,3209
7209,719.408,ga_tcheby_proxy,mesh9,5,0,1,"[]",0,0,0,0,0,0,0.5,4000,3210
7210,719.456,ga_tcheby_proxy,mesh9,0,6,1,"[]",0,0,0,0,0,0,0.5,4000,3211
7211,719.499,ga_tcheby_proxy,mesh9,1,5,1,"[]",0,0,0,0,0,0,0.5,4000,3212
7212,719.501,ga_tcheby_proxy,mesh9,7,6,1,"[]",0,0,0,0,0,0,0.5,4000,3213
7213,719.796,ga_tcheby_proxy,mesh9,1,6,0,"[1-0-3-6]",3,62,4.80756,0.97,0.725322,3,0.5,4001,3213
7214,719.896,ga_tcheby_proxy,mesh9,4,0,0,"[4-1-0]",2,42,3.21103,0.97,0.73499,2,0.5,4002,3213
7215,719.899,ga_tcheby_proxy,mesh9,4,6,0,"[4-3-6]",2,42,3.38561,0.916428,0.72591,2,0.5,4003,3213
7216,719.934,ga_tcheby_proxy,mesh9,0,2,1,"[]",0,0,0,0,0,0,0.5,4003,3214
7217,719.944,ga_tcheby_proxy,mesh9,1,6,1,"[]",0,0,0,0,0,0,0.5,4003,3215
7218,720.119,ga_tcheby_proxy,mesh9,7,3,0,"[7-4-3]",2,42,3.21103,0.97,0.732777,2,0.5,4004,3215
7219,720.174,ga_tcheby_proxy,mesh9,2,0,1,"[]",0,0,0,0,0,0,0.5,4004,3216
7220,720.319,ga_tcheby_proxy,mesh9,6,8,0,"[6-7-8]",2,44,3.22898,0.97,0.72591,2,0.5,4005,3216
7221,720.432,ga_tcheby_proxy,mesh9,6,7,0,"[6-7]",1,22,1.61449,0.97,0.719912,1,0.5,4006,3216
7222,720.573,ga_tcheby_proxy,mesh9,5,1,0,"[5-2-1]",2,42,3.21103,0.97,0.73499,2,0.5,4007,3216
7223,720.78,ga_tcheby_proxy,mesh9,0,7,0,"[0-1-4-7]",3,62,4.80756,0.97,0.726496,3,0.5,4008,3216
7224,720.91,ga_tcheby_proxy,mesh9,4,1,0,"[4-1]",1,20,1.59654,0.975,0.735537,1,0.5,4009,3216
7225,720.924,ga_tcheby_proxy,mesh9,3,2,1,"[]",0,0,0,0,0,0,0.5,4009,3217
7226,721.188,ga_tcheby_proxy,mesh9,0,3,0,"[0-3]",1,20,1.59654,0.975,0.713004,1,0.5,4010,3217
7227,721.239,ga_tcheby_proxy,mesh9,7,4,1,"[]",0,0,0,0,0,0,0.5,4010,3218
7228,721.245,ga_tcheby_proxy,mesh9,7,2,1,"[]",0,0,0,0,0,0,0.5,4010,3219
7229,721.506,ga_tcheby_proxy,mesh9,2,5,0,"[2-5]",1,20,1.59654,0.975,0.724731,1,0.5,4011,3219
7230,721.558,ga_tcheby_proxy,mesh9,8,5,1,"[]",0,0,0,0,0,0,0.5,4011,3220
7231,721.754,ga_tcheby_proxy,mesh9,1,7,0,"[1-4-7]",2,40,3.19307,0.975,0.727079,2,0.5,4012,3220
7232,721.79,ga_tcheby_proxy,mesh9,7,2,1,"[]",0,0,0,0,0,0,0.5,4012,3221
7233,721.84,ga_tcheby_proxy,mesh9,2,3,1,"[]",0,0,0,0,0,0,0.5,4012,3222
7234,721.879,ga_tcheby_proxy,mesh9,0,2,1,"[]",0,0,0,0,0,0,0.5,4012,3223
7235,721.932,ga_tcheby_proxy,mesh9,3,4,1,"[]",0,0,0,0,0,0,0.5,4012,3224
7236,722.048,ga_tcheby_proxy,mesh9,6,5,0,"[6-7-8-5]",3,64,4.82552,0.97,0.727079,3,0.5,4013,3224
7237,722.156,ga_tcheby_proxy,mesh9,5,6,0,"[5-8-7-6]",3,64,4.82552,0.97,0.723542,3,0.5,4014,3224
7238,722.173,ga_tcheby_proxy,mesh9,2,7,1,"[]",0,0,0,0,0,0,0.5,4014,3225
7239,722.202,ga_tcheby_proxy,mesh9,7,6,1,"[]",0,0,0,0,0,0,0.5,4014,3226
7240,722.229,ga_tcheby_proxy,mesh9,6,1,1,"[]",0,0,0,0,0,0,0.5,4014,3227
7241,722.302,ga_tcheby_proxy,mesh9,4,8,0,"[4-7-8]",2,42,3.24016,0.95688,0.72766,2,0.5,4015,3227
7242,722.625,ga_tcheby_proxy,mesh9,0,6,0,"[0-3-6]",2,40,3.19307,0.975,0.726496,2,0.5,4016,3227
7243,722.989,ga_tcheby_proxy,mesh9,6,8,0,"[6-7-8]",2,44,3.22898,0.97,0.72766,2,0.5,4017,3227
7244,723.124,ga_tcheby_proxy,mesh9,8,5,0,"[8-5]",1,20,1.59654,0.975,0.72766,1,0.5,4018,3227
7245,723.225,ga_tcheby_proxy,mesh9,7,6,0,"[7-6]",1,22,1.61449,0.97,0.710407,1,0.5,4019,3227
7246,723.327,ga_tcheby_proxy,mesh9,6,5,0,"[6-7-8-5]",3,64,4.82552,0.97,0.728238,3,0.5,4020,3227
7247,723.627,ga_tcheby_proxy,mesh9,6,5,0,"[6-7-8-5]",3,64,4.82552,0.97,0.728814,3,0.5,4021,3227
7248,723.645,ga_tcheby_proxy,mesh9,1,3,1,"[]",0,0,0,0,0,0,0.5,4021,3228
7249,723.806,ga_tcheby_proxy,mesh9,6,7,0,"[6-7]",1,22,1.61449,0.97,0.722944,1,0.5,4022,3228
7250,723.81,ga_tcheby_proxy,mesh9,1,8,0,"[1-4-5-8]",3,62,5.08431,0.915288,0.72885,3,0.5,4023,3228
7251,723.861,ga_tcheby_proxy,mesh9,2,0,1,"[]",0,0,0,0,0,0,0.5,4023,3229
7252,723.874,ga_tcheby_proxy,mesh9,5,8,1,"[]",0,0,0,0,0,0,0.5,4023,3230
7253,723.875,ga_tcheby_proxy,mesh9,3,5,1,"[]",0,0,0,0,0,0,0.5,4023,3231
7254,723.963,ga_tcheby_proxy,mesh9,1,2,0,"[1-2]",1,22,1.61449,0.97,0.724731,1,0.5,4024,3231
7255,723.997,ga_tcheby_proxy,mesh9,5,4,1,"[]",0,0,0,0,0,0,0.5,4024,3232
7256,724.05,ga_tcheby_proxy,mesh9,8,0,1,"[]",0,0,0,0,0,0,0.5,4024,3233
7257,724.116,ga_tcheby_proxy,mesh9,4,7,0,"[4-7]",1,20,1.59654,0.975,0.728238,1,0.5,4025,3233
7258,724.308,ga_tcheby_proxy,mesh9,7,4,0,"[7-4]",1,20,1.59654,0.975,0.733333,1,0.5,4026,3233
7259,724.382,ga_tcheby_proxy,mesh9,1,0,0,"[1-0]",1,22,1.61449,0.97,0.722944,1,0.5,4027,3233
7260,724.502,ga_tcheby_proxy,mesh9,6,0,0,"[6-3-0]",2,40,3.19307,0.975,0.735537,2,0.5,4028,3233
7261,724.639,ga_tcheby_proxy,mesh9,3,0,0,"[3-0]",1,20,1.59654,0.975,0.736082,1,0.5,4029,3233
7262,724.708,ga_tcheby_proxy,mesh9,8,2,0,"[8-5-2]",2,40,3.23681,0.953247,0.735537,2,0.5,4030,3233
7263,724.896,ga_tcheby_proxy,mesh9,0,3,0,"[0-3]",1,20,1.59654,0.975,0.714286,1,0.5,4031,3233
7264,725.058,ga_tcheby_proxy,mesh9,1,2,0,"[1-2]",1,22,1.61449,0.97,0.725322,1,0.5,4032,3233
7265,725.064,ga_tcheby_proxy,mesh9,5,7,1,"[]",0,0,0,0,0,0,0.5,4032,3234
7266,725.217,ga_tcheby_proxy,mesh9,2,1,0,"[2-1]",1,22,1.61449,0.97,0.724731,1,0.5,4033,3234
7267,725.258,ga_tcheby_proxy,mesh9,0,4,1,"[]",0,0,0,0,0,0,0.5,4033,3235
7268,725.35,ga_tcheby_proxy,mesh9,6,2,0,"[6-7-4-1-2]",4,84,6.42205,0.97,0.736082,4,0.5,4034,3235
7269,725.447,ga_tcheby_proxy,mesh9,4,0,0,"[4-1-0]",2,42,3.21103,0.97,0.736626,2,0.5,4035,3235
7270,725.628,ga_tcheby_proxy,mesh9,3,1,0,"[3-0-1]",2,42,3.21103,0.97,0.736626,2,0.5,4036,3235
7271,725.709,ga_tcheby_proxy,mesh9,0,2,0,"[0-1-2]",2,44,3.25744,0.952469,0.726496,2,0.5,4037,3235
7272,725.883,ga_tcheby_proxy,mesh9,3,4,0,"[3-4]",1,22,1.61449,0.97,0.721133,1,0.5,4038,3235
7273,726.03,ga_tcheby_proxy,mesh9,2,8,0,"[2-5-8]",2,40,3.19307,0.975,0.725322,2,0.5,4039,3235
7274,726.03,ga_tcheby_proxy,mesh9,0,4,0,"[0-3-4]",2,42,3.2441,0.959712,0.721739,2,0.5,4040,3235
7275,726.046,ga_tcheby_proxy,mesh9,1,4,1,"[]",0,0,0,0,0,0,0.5,4040,3236
7276,726.525,ga_tcheby_proxy,mesh9,5,7,0,"[5-8-7]",2,42,3.21103,0.97,0.725322,2,0.5,4041,3236
7277,726.79,ga_tcheby_proxy,mesh9,4,2,0,"[4-5-2]",2,42,3.21103,0.97,0.736082,2,0.5,4042,3236
7278,726.966,ga_tcheby_proxy,mesh9,2,6,0,"[2-5-8-7-6]",4,84,6.42205,0.97,0.72591,4,0.5,4043,3236
7279,727.062,ga_tcheby_proxy,mesh9,2,0,0,"[2-1-0]",2,44,3.22898,0.97,0.725322,2,0.5,4044,3236
7280,727.249,ga_tcheby_proxy,mesh9,2,7,0,"[2-5-8-7]",3,62,4.80756,0.97,0.726496,3,0.5,4045,3236
7281,727.297,ga_tcheby_proxy,mesh9,3,5,1,"[]",0,0,0,0,0,0,0.5,4045,3237
7282,727.327,ga_tcheby_proxy,mesh9,3,4,1,"[]",0,0,0,0,0,0,0.5,4045,3238
7283,727.375,ga_tcheby_proxy,mesh9,7,3,1,"[]",0,0,0,0,0,0,0.5,4045,3239
7284,727.384,ga_tcheby_proxy,mesh9,7,1,1,"[]",0,0,0,0,0,0,0.5,4045,3240
7285,727.479,ga_tcheby_proxy,mesh9,6,3,0,"[6-3]",1,20,1.59654,0.975,0.733333,1,0.5,4046,3240
7286,727.483,ga_tcheby_proxy,mesh9,6,2,0,"[6-7-4-5-2]",4,84,6.87498,0.903578,0.744283,4,0.5,4047,3240
7287,727.51,ga_tcheby_proxy,mesh9,0,6,1,"[]",0,0,0,0,0,0,0.5,4047,3241
7288,727.561,ga_tcheby_proxy,mesh9,8,7,1,"[]",0,0,0,0,0,0,0.5,4047,3242
7289,727.614,ga_tcheby_proxy,mesh9,1,0,1,"[]",0,0,0,0,0,0,0.5,4047,3243
7290,727.744,ga_tcheby_proxy,mesh9,6,4,0,"[6-3-4]",2,42,3.21103,0.97,0.733888,2,0.5,4048,3243
7291,727.858,ga_tcheby_proxy,mesh9,5,4,0,"[5-4]",1,22,1.61449,0.97,0.718681,1,0.5,4049,3243
7292,728.192,ga_tcheby_proxy,mesh9,2,3,0,"[2-1-0-3]",3,64,4.82552,0.97,0.72591,3,0.5,4050,3243
7293,728.252,ga_tcheby_proxy,mesh9,1,6,1,"[]",0,0,0,0,0,0,0.5,4050,3244
7294,728.705,ga_tcheby_proxy,mesh9,6,4,0,"[6-3-4]",2,42,3.21103,0.97,0.73444,2,0.5,4051,3244
7295,728.838,ga_tcheby_proxy,mesh9,0,3,0,"[0-3]",1,20,1.59654,0.975,0.716186,1,0.5,4052,3244
7296,728.947,ga_tcheby_proxy,mesh9,8,0,0,"[8-5-2-1-0]",4,84,6.42205,0.97,0.737166,4,0.5,4053,3244
7297,729.103,ga_tcheby_proxy,mesh9,8,2,0,"[8-5-2]",2,40,3.19307,0.975,0.737705,2,0.5,4054,3244
7298,729.174,ga_tcheby_proxy,mesh9,0,8,1,"[]",0,0,0,0,0,0,0.5,4054,3245
7299,729.218,ga_tcheby_proxy,mesh9,7,8,1,"[]",0,0,0,0,0,0,0.5,4054,3246
7300,729.244,ga_tcheby_proxy,mesh9,1,5,1,"[]",0,0,0,0,0,0,0.5,4054,3247
7301,729.305,ga_tcheby_proxy,mesh9,7,3,1,"[]",0,0,0,0,0,0,0.5,4054,3248
7302,729.608,ga_tcheby_proxy,mesh9,8,0,0,"[8-7-4-1-0]",4,84,6.42205,0.97,0.737166,4,0.5,4055,3248
7303,729.715,ga_tcheby_proxy,mesh9,6,4,0,"[6-3-4]",2,42,3.21103,0.97,0.73499,2,0.5,4056,3248
7304,729.734,ga_tcheby_proxy,mesh9,8,5,1,"[]",0,0,0,0,0,0,0.5,4056,3249
7305,730.123,ga_tcheby_proxy,mesh9,2,8,0,"[2-5-8]",2,40,3.19307,0.975,0.727079,2,0.5,4057,3249
7306,730.148,ga_tcheby_proxy,mesh9,8,0,1,"[]",0,0,0,0,0,0,0.5,4057,3250
7307,730.283,ga_tcheby_proxy,mesh9,0,7,0,"[0-3-6-7]",3,62,4.80756,0.97,0.727079,3,0.5,4058,3250
7308,730.457,ga_tcheby_proxy,mesh9,6,8,0,"[6-7-8]",2,44,3.22898,0.97,0.729387,2,0.5,4059,3250
7309,730.477,ga_tcheby_proxy,mesh9,8,0,1,"[]",0,0,0,0,0,0,0.5,4059,3251
7310,730.634,ga_tcheby_proxy,mesh9,4,1,0,"[4-1]",1,20,1.59654,0.975,0.737705,1,0.5,4060,3251
7311,730.635,ga_tcheby_proxy,mesh9,4,2,0,"[4-5-2]",2,42,3.24926,0.958098,0.738241,2,0.5,4061,3251
7312,730.718,ga_tcheby_proxy,mesh9,8,7,0,"[8-7]",1,22,1.61449,0.97,0.718062,1,0.5,4062,3251
7313,730.842,ga_tcheby_proxy,mesh9,2,8,0,"[2-5-8]",2,40,3.19307,0.975,0.72766,2,0.5,4063,3251
7314,730.859,ga_tcheby_proxy,mesh9,5,7,1,"[]",0,0,0,0,0,0,0.5,4063,3252
7315,730.864,ga_tcheby_proxy,mesh9,1,5,1,"[]",0,0,0,0,0,0,0.5,4063,3253
7316,731.069,ga_tcheby_proxy,mesh9,0,3,0,"[0-3]",1,20,1.59654,0.975,0.717439,1,0.5,4064,3253
7317,731.093,ga_tcheby_proxy,mesh9,5,6,1,"[]",0,0,0,0,0,0,0.5,4064,3254
7318,731.338,ga_tcheby_proxy,mesh9,2,6,0,"[2-1-4-3-6]",4,84,6.42205,0.97,0.72766,4,0.5,4065,3254
7319,731.364,ga_tcheby_proxy,mesh9,3,8,1,"[]",0,0,0,0,0,0,0.5,4065,3255
7320,731.437,ga_tcheby_proxy,mesh9,0,5,0,"[0-3-4-5]",3,64,4.82552,0.97,0.72766,3,0.5,4066,3255
7321,731.528,ga_tcheby_proxy,mesh9,4,0,0,"[4-3-0]",2,42,3.21103,0.97,0.737166,2,0.5,4067,3255
7322,731.57,ga_tcheby_proxy,mesh9,3,1,1,"[]",0,0,0,0,0,0,0.5,4067,3256
7323,731.615,ga_tcheby_proxy,mesh9,0,1,1,"[]",0,0,0,0,0,0,0.5,4067,3257
7324,731.783,ga_tcheby_proxy,mesh9,1,6,0,"[1-4-3-6]",3,62,4.80756,0.97,0.728238,3,0.5,4068,3257
7325,731.821,ga_tcheby_proxy,mesh9,6,3,1,"[]",0,0,0,0,0,0,0.5,4068,3258
7326,731.987,ga_tcheby_proxy,mesh9,8,0,0,"[8-7-4-3-0]",4,84,6.42205,0.97,0.737705,4,0.5,4069,3258
7327,732.021,ga_tcheby_proxy,mesh9,6,2,1,"[]",0,0,0,0,0,0,0.5,4069,3259
7328,732.071,ga_tcheby_proxy,mesh9,0,2,1,"[]",0,0,0,0,0,0,0.5,4069,3260
7329,732.087,ga_tcheby_proxy,mesh9,7,0,1,"[]",0,0,0,0,0,0,0.5,4069,3261
7330,732.15,ga_tcheby_proxy,mesh9,8,5,1,"[]",0,0,0,0,0,0,0.5,4069,3262
7331,732.226,ga_tcheby_proxy,mesh9,2,7,0,"[2-5-8-7]",3,62,4.80756,0.97,0.728238,3,0.5,4070,3262
7332,732.236,ga_tcheby_proxy,mesh9,5,8,1,"[]",0,0,0,0,0,0,0.5,4070,3263
7333,732.535,ga_tcheby_proxy,mesh9,4,7,0,"[4-7]",1,20,1.59654,0.975,0.728814,1,0.5,4071,3263
7334,732.582,ga_tcheby_proxy,mesh9,7,8,1,"[]",0,0,0,0,0,0,0.5,4071,3264
7335,732.703,ga_tcheby_proxy,mesh9,5,8,0,"[5-8]",1,20,1.59654,0.975,0.728814,1,0.5,4072,3264
7336,732.707,ga_tcheby_proxy,mesh9,2,4,0,"[2-1-4]",2,42,3.42524,0.905294,0.733906,2,0.5,4073,3264
7337,732.723,ga_tcheby_proxy,mesh9,1,8,1,"[]",0,0,0,0,0,0,0.5,4073,3265
7338,732.734,ga_tcheby_proxy,mesh9,0,1,1,"[]",0,0,0,0,0,0,0.5,4073,3266
7339,732.759,ga_tcheby_proxy,mesh9,7,1,1,"[]",0,0,0,0,0,0,0.5,4073,3267
7340,732.926,ga_tcheby_proxy,mesh9,0,7,0,"[0-3-6-7]",3,62,4.80756,0.97,0.728814,3,0.5,4074,3267
7341,733.078,ga_tcheby_proxy,mesh9,5,0,0,"[5-4-1-0]",3,64,4.82552,0.97,0.738241,3,0.5,4075,3267
7342,733.156,ga_tcheby_proxy,mesh9,6,3,0,"[6-3]",1,20,1.59654,0.975,0.735537,1,0.5,4076,3267
7343,733.198,ga_tcheby_proxy,mesh9,8,1,1,"[]",0,0,0,0,0,0,0.5,4076,3268
7344,733.796,ga_tcheby_proxy,mesh9,0,3,0,"[0-3]",1,20,1.59654,0.975,0.719298,1,0.5,4077,3268
7345,733.801,ga_tcheby_proxy,mesh9,3,4,1,"[]",0,0,0,0,0,0,0.5,4077,3269
7346,733.862,ga_tcheby_proxy,mesh9,3,4,0,"[3-4]",1,22,1.73237,0.901294,0.724731,1,0.5,4078,3269
7347,733.873,ga_tcheby_proxy,mesh9,6,7,1,"[]",0,0,0,0,0,0,0.5,4078,3270
7348,733.886,ga_tcheby_proxy,mesh9,6,0,1,"[]",0,0,0,0,0,0,0.5,4078,3271
7349,734.059,ga_tcheby_proxy,mesh9,4,8,0,"[4-5-8]",2,42,3.21103,0.97,0.729387,2,0.5,4079,3271
7350,734.239,ga_tcheby_proxy,mesh9,4,0,0,"[4-3-0]",2,42,3.21103,0.97,0.738241,2,0.5,4080,3271
7351,734.548,ga_tcheby_proxy,mesh9,3,6,0,"[3-6]",1,20,1.59654,0.975,0.729387,1,0.5,4081,3271
7352,734.814,ga_tcheby_proxy,mesh9,3,1,0,"[3-0-1]",2,42,3.21103,0.97,0.738776,2,0.5,4082,3271
7353,734.87,ga_tcheby_proxy,mesh9,7,4,1,"[]",0,0,0,0,0,0,0.5,4082,3272
7354,734.97,ga_tcheby_proxy,mesh9,3,7,0,"[3-4-7]",2,42,3.21103,0.97,0.729387,2,0.5,4083,3272
7355,735.138,ga_tcheby_proxy,mesh9,3,0,0,"[3-0]",1,20,1.59654,0.975,0.739308,1,0.5,4084,3272
7356,735.176,ga_tcheby_proxy,mesh9,4,6,1,"[]",0,0,0,0,0,0,0.5,4084,3273
7357,735.347,ga_tcheby_proxy,mesh9,7,4,0,"[7-4]",1,20,1.59654,0.975,0.736082,1,0.5,4085,3273
7358,735.444,ga_tcheby_proxy,mesh9,4,6,0,"[4-7-6]",2,42,3.21103,0.97,0.729958,2,0.5,4086,3273
7359,735.492,ga_tcheby_proxy,mesh9,6,7,1,"[]",0,0,0,0,0,0,0.5,4086,3274
7360,735.572,ga_tcheby_proxy,mesh9,8,1,0,"[8-5-2-1]",3,62,4.80756,0.97,0.738776,3,0.5,4087,3274
7361,735.632,ga_tcheby_proxy,mesh9,0,2,1,"[]",0,0,0,0,0,0,0.5,4087,3275
7362,735.642,ga_tcheby_proxy,mesh9,1,3,1,"[]",0,0,0,0,0,0,0.5,4087,3276
7363,735.807,ga_tcheby_proxy,mesh9,1,0,0,"[1-0]",1,22,1.61449,0.97,0.727079,1,0.5,4088,3276
7364,735.854,ga_tcheby_proxy,mesh9,2,6,1,"[]",0,0,0,0,0,0,0.5,4088,3277
7365,735.867,ga_tcheby_proxy,mesh9,2,6,1,"[]",0,0,0,0,0,0,0.5,4088,3278
7366,735.936,ga_tcheby_proxy,mesh9,0,4,0,"[0-3-6-7-4]",4,82,6.55385,0.910943,0.742358,4,0.5,4089,3278
7367,735.971,ga_tcheby_proxy,mesh9,5,0,1,"[]",0,0,0,0,0,0,0.5,4089,3279
7368,735.987,ga_tcheby_proxy,mesh9,5,2,1,"[]",0,0,0,0,0,0,0.5,4089,3280
7369,736.018,ga_tcheby_proxy,mesh9,6,1,1,"[]",0,0,0,0,0,0,0.5,4089,3281
7370,736.172,ga_tcheby_proxy,mesh9,0,3,0,"[0-3]",1,20,1.59654,0.975,0.720524,1,0.5,4090,3281
7371,736.221,ga_tcheby_proxy,mesh9,3,0,1,"[]",0,0,0,0,0,0,0.5,4090,3282
7372,736.663,ga_tcheby_proxy,mesh9,6,3,0,"[6-3]",1,20,1.59654,0.975,0.736082,1,0.5,4091,3282
7373,736.801,ga_tcheby_proxy,mesh9,8,3,0,"[8-5-4-3]",3,64,4.82552,0.97,0.731656,3,0.5,4092,3282
7374,736.907,ga_tcheby_proxy,mesh9,6,5,0,"[6-7-8-5]",3,64,4.82552,0.97,0.732218,3,0.5,4093,3282
7375,737.082,ga_tcheby_proxy,mesh9,3,2,0,"[3-4-1-2]",3,64,4.82552,0.97,0.738776,3,0.5,4094,3282
7376,737.12,ga_tcheby_proxy,mesh9,2,3,1,"[]",0,0,0,0,0,0,0.5,4094,3283
7377,737.181,ga_tcheby_proxy,mesh9,1,8,1,"[]",0,0,0,0,0,0,0.5,4094,3284
7378,737.188,ga_tcheby_proxy,mesh9,5,7,1,"[]",0,0,0,0,0,0,0.5,4094,3285
7379,737.325,ga_tcheby_proxy,mesh9,1,8,0,"[1-2-5-8]",3,62,4.80756,0.97,0.729958,3,0.5,4095,3285
7380,737.617,ga_tcheby_proxy,mesh9,8,0,0,"[8-7-4-1-0]",4,84,6.42205,0.97,0.739308,4,0.5,4096,3285
7381,737.699,ga_tcheby_proxy,mesh9,4,5,0,"[4-5]",1,22,1.61449,0.97,0.728814,1,0.5,4097,3285
7382,737.747,ga_tcheby_proxy,mesh9,1,7,1,"[]",0,0,0,0,0,0,0.5,4097,3286
7383,737.776,ga_tcheby_proxy,mesh9,3,0,1,"[]",0,0,0,0,0,0,0.5,4097,3287
7384,737.82,ga_tcheby_proxy,mesh9,0,5,1,"[]",0,0,0,0,0,0,0.5,4097,3288
7385,737.824,ga_tcheby_proxy,mesh9,1,5,1,"[]",0,0,0,0,0,0,0.5,4097,3289
7386,737.878,ga_tcheby_proxy,mesh9,6,2,1,"[]",0,0,0,0,0,0,0.5,4097,3290
7387,737.888,ga_tcheby_proxy,mesh9,2,4,1,"[]",0,0,0,0,0,0,0.5,4097,3291
7388,737.961,ga_tcheby_proxy,mesh9,8,4,0,"[8-7-4]",2,42,3.21103,0.97,0.737705,2,0.5,4098,3291
7389,738.041,ga_tcheby_proxy,mesh9,6,0,0,"[6-3-0]",2,40,3.19307,0.975,0.739837,2,0.5,4099,3291
7390,738.221,ga_tcheby_proxy,mesh9,0,3,0,"[0-3]",1,20,1.59654,0.975,0.721133,1,0.5,4100,3291
7391,738.474,ga_tcheby_proxy,mesh9,0,8,0,"[0-3-6-7-8]",4,84,6.42205,0.97,0.730526,4,0.5,4101,3291
7392,738.637,ga_tcheby_proxy,mesh9,1,7,0,"[1-4-7]",2,40,3.19307,0.975,0.730526,2,0.5,4102,3291
7393,738.655,ga_tcheby_proxy,mesh9,2,0,1,"[]",0,0,0,0,0,0,0.5,4102,3292
7394,738.749,ga_tcheby_proxy,mesh9,4,2,0,"[4-5-2]",2,42,3.21103,0.97,0.739308,2,0.5,4103,3292
7395,739.083,ga_tcheby_proxy,mesh9,1,5,0,"[1-2-5]",2,42,3.21103,0.97,0.729387,2,0.5,4104,3292
7396,739.163,ga_tcheby_proxy,mesh9,1,2,0,"[1-2]",1,22,1.61449,0.97,0.728814,1,0.5,4105,3292
7397,739.169,ga_tcheby_proxy,mesh9,5,2,1,"[]",0,0,0,0,0,0,0.5,4105,3293
7398,739.293,ga_tcheby_proxy,mesh9,7,5,0,"[7-8-5]",2,42,3.21103,0.97,0.732777,2,0.5,4106,3293
7399,739.306,ga_tcheby_proxy,mesh9,3,6,1,"[]",0,0,0,0,0,0,0.5,4106,3294
7400,739.488,ga_tcheby_proxy,mesh9,1,3,0,"[1-0-3]",2,42,3.21103,0.97,0.728238,2,0.5,4107,3294
7401,739.505,ga_tcheby_proxy,mesh9,5,1,1,"[]",0,0,0,0,0,0,0.5,4107,3295
7402,739.816,ga_tcheby_proxy,mesh9,0,4,0,"[0-3-4]",2,42,3.21103,0.97,0.726496,2,0.5,4108,3295
7403,739.831,ga_tcheby_proxy,mesh9,7,8,1,"[]",0,0,0,0,0,0,0.5,4108,3296
7404,740.04,ga_tcheby_proxy,mesh9,4,3,0,"[4-3]",1,22,1.61449,0.97,0.724138,1,0.5,4109,3296
7405,740.171,ga_tcheby_proxy,mesh9,0,2,0,"[0-1-2]",2,44,3.22898,0.97,0.729387,2,0.5,4110,3296
7406,740.205,ga_tcheby_proxy,mesh9,3,8,1,"[]",0,0,0,0,0,0,0.5,4110,3297
7407,740.22,ga_tcheby_proxy,mesh9,1,7,1,"[]",0,0,0,0,0,0,0.5,4110,3298
7408,740.468,ga_tcheby_proxy,mesh9,8,3,0,"[8-5-4-3]",3,64,4.82552,0.97,0.733333,3,0.5,4111,3298
7409,740.469,ga_tcheby_proxy,mesh9,2,6,0,"[2-1-4-3-6]",4,84,6.59371,0.944039,0.734177,4,0.5,4112,3298
7410,740.524,ga_tcheby_proxy,mesh9,0,6,1,"[]",0,0,0,0,0,0,0.5,4112,3299
7411,740.558,ga_tcheby_proxy,mesh9,6,8,1,"[]",0,0,0,0,0,0,0.5,4112,3300
7412,740.559,ga_tcheby_proxy,mesh9,5,3,1,"[]",0,0,0,0,0,0,0.5,4112,3301
7413,740.646,ga_tcheby_proxy,mesh9,1,8,0,"[1-2-5-8]",3,62,4.80756,0.97,0.730526,3,0.5,4113,3301
7414,740.743,ga_tcheby_proxy,mesh9,4,6,0,"[4-7-6]",2,42,3.21103,0.97,0.731092,2,0.5,4114,3301
7415,740.795,ga_tcheby_proxy,mesh9,4,0,1,"[]",0,0,0,0,0,0,0.5,4114,3302
7416,740.875,ga_tcheby_proxy,mesh9,6,5,0,"[6-3-4-5]",3,64,4.82552,0.97,0.737166,3,0.5,4115,3302
7417,741.101,ga_tcheby_proxy,mesh9,3,8,0,"[3-4-5-8]",3,64,4.82552,0.97,0.731092,3,0.5,4116,3302
7418,741.154,ga_tcheby_proxy,mesh9,7,5,1,"[]",0,0,0,0,0,0,0.5,4116,3303
7419,741.357,ga_tcheby_proxy,mesh9,3,1,0,"[3-4-1]",2,42,3.21103,0.97,0.739837,2,0.5,4117,3303
7420,741.397,ga_tcheby_proxy,mesh9,6,3,1,"[]",0,0,0,0,0,0,0.5,4117,3304
7421,741.428,ga_tcheby_proxy,mesh9,7,2,1,"[]",0,0,0,0,0,0,0.5,4117,3305
7422,741.487,ga_tcheby_proxy,mesh9,8,7,1,"[]",0,0,0,0,0,0,0.5,4117,3306
7423,741.498,ga_tcheby_proxy,mesh9,7,8,1,"[]",0,0,0,0,0,0,0.5,4117,3307
7424,741.55,ga_tcheby_proxy,mesh9,7,1,1,"[]",0,0,0,0,0,0,0.5,4117,3308
7425,741.585,ga_tcheby_proxy,mesh9,6,1,1,"[]",0,0,0,0,0,0,0.5,4117,3309
7426,741.738,ga_tcheby_proxy,mesh9,6,7,0,"[6-7]",1,22,1.61449,0.97,0.728238,1,0.5,4118,3309
7427,741.888,ga_tcheby_proxy,mesh9,5,7,0,"[5-8-7]",2,42,3.21103,0.97,0.731656,2,0.5,4119,3309
7428,741.916,ga_tcheby_proxy,mesh9,8,7,1,"[]",0,0,0,0,0,0,0.5,4119,3310
7429,742.035,ga_tcheby_proxy,mesh9,4,7,0,"[4-7]",1,20,1.59654,0.975,0.731656,1,0.5,4120,3310
7430,742.335,ga_tcheby_proxy,mesh9,0,8,0,"[0-3-6-7-8]",4,84,6.42205,0.97,0.731656,4,0.5,4121,3310
7431,742.56,ga_tcheby_proxy,mesh9,5,3,0,"[5-4-3]",2,44,3.22898,0.97,0.72591,2,0.5,4122,3310
7432,742.639,ga_tcheby_proxy,mesh9,2,1,0,"[2-1]",1,22,1.61449,0.97,0.729387,1,0.5,4123,3310
7433,742.665,ga_tcheby_proxy,mesh9,5,2,1,"[]",0,0,0,0,0,0,0.5,4123,3311
7434,742.929,ga_tcheby_proxy,mesh9,7,4,0,"[7-4]",1,20,1.59654,0.975,0.738241,1,0.5,4124,3311
7435,743.026,ga_tcheby_proxy,mesh9,4,7,0,"[4-7]",1,20,1.59654,0.975,0.732218,1,0.5,4125,3311
7436,743.479,ga_tcheby_proxy,mesh9,2,7,0,"[2-5-8-7]",3,62,4.80756,0.97,0.732218,3,0.5,4126,3311
7437,743.499,ga_tcheby_proxy,mesh9,1,0,1,"[]",0,0,0,0,0,0,0.5,4126,3312
7438,743.518,ga_tcheby_proxy,mesh9,2,0,1,"[]",0,0,0,0,0,0,0.5,4126,3313
7439,743.521,ga_tcheby_proxy,mesh9,6,4,1,"[]",0,0,0,0,0,0,0.5,4126,3314
7440,743.534,ga_tcheby_proxy,mesh9,6,3,1,"[]",0,0,0,0,0,0,0.5,4126,3315
7441,743.547,ga_tcheby_proxy,mesh9,0,4,1,"[]",0,0,0,0,0,0,0.5,4126,3316
7442,743.68,ga_tcheby_proxy,mesh9,1,3,0,"[1-0-3]",2,42,3.21103,0.97,0.728814,2,0.5,4127,3316
7443,743.921,ga_tcheby_proxy,mesh9,0,7,0,"[0-3-6-7]",3,62,4.80756,0.97,0.732218,3,0.5,4128,3316
7444,743.981,ga_tcheby_proxy,mesh9,1,6,0,"[1-4-7-6]",3,62,4.9325,0.929508,0.732777,3,0.5,4129,3316
7445,744.028,ga_tcheby_proxy,mesh9,7,8,1,"[]",0,0,0,0,0,0,0.5,4129,3317
7446,744.074,ga_tcheby_proxy,mesh9,3,4,1,"[]",0,0,0,0,0,0,0.5,4129,3318
7447,744.105,ga_tcheby_proxy,mesh9,3,6,1,"[]",0,0,0,0,0,0,0.5,4129,3319
7448,744.135,ga_tcheby_proxy,mesh9,8,4,1,"[]",0,0,0,0,0,0,0.5,4129,3320
7449,744.261,ga_tcheby_proxy,mesh9,3,1,0,"[3-0-1]",2,42,3.21103,0.97,0.740365,2,0.5,4130,3320
7450,744.363,ga_tcheby_proxy,mesh9,4,6,0,"[4-3-6]",2,42,3.21103,0.97,0.732777,2,0.5,4131,3320
7451,744.518,ga_tcheby_proxy,mesh9,8,7,0,"[8-7]",1,22,1.61449,0.97,0.722343,1,0.5,4132,3320
7452,744.773,ga_tcheby_proxy,mesh9,1,0,0,"[1-0]",1,22,1.61449,0.97,0.729387,1,0.5,4133,3320
7453,744.782,ga_tcheby_proxy,mesh9,3,2,1,"[]",0,0,0,0,0,0,0.5,4133,3321
7454,744.804,ga_tcheby_proxy,mesh9,8,7,1,"[]",0,0,0,0,0,0,0.5,4133,3322
7455,744.832,ga_tcheby_proxy,mesh9,0,5,1,"[]",0,0,0,0,0,0,0.5,4133,3323
7456,744.835,ga_tcheby_proxy,mesh9,3,5,1,"[]",0,0,0,0,0,0,0.5,4133,3324
7457,744.967,ga_tcheby_proxy,mesh9,7,0,0,"[7-4-1-0]",3,62,4.80756,0.97,0.740365,3,0.5,4134,3324
7458,745.072,ga_tcheby_proxy,mesh9,5,4,0,"[5-4]",1,22,1.61449,0.97,0.721739,1,0.5,4135,3324
7459,745.086,ga_tcheby_proxy,mesh9,8,3,1,"[]",0,0,0,0,0,0,0.5,4135,3325
7460,745.253,ga_tcheby_proxy,mesh9,8,1,0,"[8-5-2-1]",3,62,4.80756,0.97,0.739837,3,0.5,4136,3325
7461,745.256,ga_tcheby_proxy,mesh9,7,2,0,"[7-4-1-2]",3,62,5.01307,0.928147,0.740891,3,0.5,4137,3325
7462,745.29,ga_tcheby_proxy,mesh9,4,6,1,"[]",0,0,0,0,0,0,0.5,4137,3326
7463,745.377,ga_tcheby_proxy,mesh9,7,5,0,"[7-8-5]",2,42,3.21103,0.97,0.73444,2,0.5,4138,3326
7464,745.385,ga_tcheby_proxy,mesh9,1,7,1,"[]",0,0,0,0,0,0,0.5,4138,3327
7465,745.571,ga_tcheby_proxy,mesh9,6,7,0,"[6-7]",1,22,1.61449,0.97,0.729958,1,0.5,4139,3327
7466,745.626,ga_tcheby_proxy,mesh9,8,5,1,"[]",0,0,0,0,0,0,0.5,4139,3328
7467,745.656,ga_tcheby_proxy,mesh9,1,5,1,"[]",0,0,0,0,0,0,0.5,4139,3329
7468,745.708,ga_tcheby_proxy,mesh9,5,7,1,"[]",0,0,0,0,0,0,0.5,4139,3330
7469,745.75,ga_tcheby_proxy,mesh9,1,3,1,"[]",0,0,0,0,0,0,0.5,4139,3331
7470,745.786,ga_tcheby_proxy,mesh9,8,4,1,"[]",0,0,0,0,0,0,0.5,4139,3332
7471,745.833,ga_tcheby_proxy,mesh9,4,5,1,"[]",0,0,0,0,0,0,0.5,4139,3333
7472,745.901,ga_tcheby_proxy,mesh9,2,0,0,"[2-1-0]",2,44,3.39341,0.912767,0.730526,2,0.5,4140,3333
7473,746.168,ga_tcheby_proxy,mesh9,7,8,0,"[7-8]",1,22,1.61449,0.97,0.732777,1,0.5,4141,3333
7474,746.349,ga_tcheby_proxy,mesh9,2,8,0,"[2-5-8]",2,40,3.19307,0.975,0.732777,2,0.5,4142,3333
7475,746.503,ga_tcheby_proxy,mesh9,5,1,0,"[5-2-1]",2,42,3.21103,0.97,0.740365,2,0.5,4143,3333
7476,746.554,ga_tcheby_proxy,mesh9,4,3,1,"[]",0,0,0,0,0,0,0.5,4143,3334
7477,746.607,ga_tcheby_proxy,mesh9,3,7,1,"[]",0,0,0,0,0,0,0.5,4143,3335
7478,746.614,ga_tcheby_proxy,mesh9,1,0,1,"[]",0,0,0,0,0,0,0.5,4143,3336
7479,746.62,ga_tcheby_proxy,mesh9,5,1,1,"[]",0,0,0,0,0,0,0.5,4143,3337
7480,746.77,ga_tcheby_proxy,mesh9,2,3,0,"[2-1-4-3]",3,64,4.82552,0.97,0.731656,3,0.5,4144,3337
7481,746.788,ga_tcheby_proxy,mesh9,4,5,1,"[]",0,0,0,0,0,0,0.5,4144,3338
7482,746.957,ga_tcheby_proxy,mesh9,7,0,0,"[7-4-3-0]",3,62,4.80756,0.97,0.740891,3,0.5,4145,3338
7483,746.983,ga_tcheby_proxy,mesh9,5,4,1,"[]",0,0,0,0,0,0,0.5,4145,3339
7484,747.133,ga_tcheby_proxy,mesh9,1,8,0,"[1-4-7-8]",3,62,4.80756,0.97,0.733333,3,0.5,4146,3339
7485,747.241,ga_tcheby_proxy,mesh9,4,8,0,"[4-5-8]",2,42,3.21103,0.97,0.733333,2,0.5,4147,3339
7486,747.591,ga_tcheby_proxy,mesh9,7,2,0,"[7-4-5-2]",3,62,4.80756,0.97,0.740891,3,0.5,4148,3339
7487,747.723,ga_tcheby_proxy,mesh9,7,0,0,"[7-6-3-0]",3,62,4.80756,0.97,0.741414,3,0.5,4149,3339
7488,747.786,ga_tcheby_proxy,mesh9,5,1,0,"[5-8-7-4-1]",4,82,6.5251,0.917812,0.741414,4,0.5,4150,3339
7489,747.876,ga_tcheby_proxy,mesh9,2,7,0,"[2-1-4-7]",3,62,4.80756,0.97,0.733888,3,0.5,4151,3339
7490,747.952,ga_tcheby_proxy,mesh9,7,5,0,"[7-8-5]",2,42,3.21103,0.97,0.73499,2,0.5,4152,3339
7491,748.096,ga_tcheby_proxy,mesh9,4,6,0,"[4-3-6]",2,42,3.21103,0.97,0.733333,2,0.5,4153,3339
7492,748.134,ga_tcheby_proxy,mesh9,5,3,1,"[]",0,0,0,0,0,0,0.5,4153,3340
7493,748.367,ga_tcheby_proxy,mesh9,1,4,0,"[1-4]",1,20,1.59654,0.975,0.731656,1,0.5,4154,3340
7494,748.489,ga_tcheby_proxy,mesh9,1,0,0,"[1-0]",1,22,1.61449,0.97,0.731092,1,0.5,4155,3340
7495,748.558,ga_tcheby_proxy,mesh9,5,3,0,"[5-2-1-0-3]",4,84,6.50343,0.926018,0.741414,4,0.5,4156,3340
7496,748.566,ga_tcheby_proxy,mesh9,6,3,1,"[]",0,0,0,0,0,0,0.5,4156,3341
7497,748.773,ga_tcheby_proxy,mesh9,0,2,0,"[0-1-2]",2,44,3.22898,0.97,0.731092,2,0.5,4157,3341
7498,748.883,ga_tcheby_proxy,mesh9,8,3,0,"[8-5-4-3]",3,64,4.82552,0.97,0.735537,3,0.5,4158,3341
7499,749.043,ga_tcheby_proxy,mesh9,1,6,0,"[1-0-3-6]",3,62,4.80756,0.97,0.733888,3,0.5,4159,3341
7500,749.13,ga_tcheby_proxy,mesh9,5,8,0,"[5-8]",1,20,1.59654,0.975,0.73444,1,0.5,4160,3341
7501,749.201,ga_tcheby_proxy,mesh9,5,0,0,"[5-8-7-6-3-0]",5,104,8.08141,0.941898,0.741935,5,0.5,4161,3341
7502,749.205,ga_tcheby_proxy,mesh9,0,6,1,"[]",0,0,0,0,0,0,0.5,4161,3342
7503,749.216,ga_tcheby_proxy,mesh9,1,7,1,"[]",0,0,0,0,0,0,0.5,4161,3343
7504,749.312,ga_tcheby_proxy,mesh9,1,3,0,"[1-4-3]",2,42,3.21103,0.97,0.732218,2,0.5,4162,3343
7505,749.395,ga_tcheby_proxy,mesh9,1,2,0,"[1-2]",1,22,1.61449,0.97,0.731656,1,0.5,4163,3343
7506,749.398,ga_tcheby_proxy,mesh9,4,0,0,"[4-3-0]",2,42,3.35931,0.926642,0.742455,2,0.5,4164,3343
7507,749.412,ga_tcheby_proxy,mesh9,2,3,1,"[]",0,0,0,0,0,0,0.5,4164,3344
7508,749.44,ga_tcheby_proxy,mesh9,0,7,1,"[]",0,0,0,0,0,0,0.5,4164,3345
7509,749.498,ga_tcheby_proxy,mesh9,5,3,1,"[]",0,0,0,0,0,0,0.5,4164,3346
7510,749.528,ga_tcheby_proxy,mesh9,8,5,1,"[]",0,0,0,0,0,0,0.5,4164,3347
7511,749.541,ga_tcheby_proxy,mesh9,3,6,1,"[]",0,0,0,0,0,0,0.5,4164,3348
7512,749.61,ga_tcheby_proxy,mesh9,1,7,0,"[1-4-7]",2,40,3.20269,0.968944,0.73444,2,0.5,4165,3348
7513,749.806,ga_tcheby_proxy,mesh9,2,4,0,"[2-5-4]",2,42,3.21103,0.97,0.731656,2,0.5,4166,3348
7514,749.831,ga_tcheby_proxy,mesh9,5,6,1,"[]",0,0,0,0,0,0,0.5,4166,3349
7515,750.06,ga_tcheby_proxy,mesh9,2,0,0,"[2-1-0]",2,44,3.22898,0.97,0.733333,2,0.5,4167,3349
7516,750.068,ga_tcheby_proxy,mesh9,3,7,1,"[]",0,0,0,0,0,0,0.5,4167,3350
7517,750.202,ga_tcheby_proxy,mesh9,0,3,0,"[0-3]",1,20,1.59654,0.975,0.726496,1,0.5,4168,3350
7518,750.222,ga_tcheby_proxy,mesh9,8,6,1,"[]",0,0,0,0,0,0,0.5,4168,3351
7519,750.226,ga_tcheby_proxy,mesh9,0,3,1,"[]",0,0,0,0,0,0,0.5,4168,3352
7520,750.425,ga_tcheby_proxy,mesh9,8,2,0,"[8-5-2]",2,40,3.19307,0.975,0.741935,2,0.5,4169,3352
7521,750.743,ga_tcheby_proxy,mesh9,6,7,0,"[6-7]",1,22,1.61449,0.97,0.730526,1,0.5,4170,3352
7522,750.872,ga_tcheby_proxy,mesh9,6,8,0,"[6-7-8]",2,44,3.22898,0.97,0.73444,2,0.5,4171,3352
7523,750.933,ga_tcheby_proxy,mesh9,6,7,1,"[]",0,0,0,0,0,0,0.5,4171,3353
7524,751.065,ga_tcheby_proxy,mesh9,0,5,0,"[0-1-2-5]",3,64,4.82552,0.97,0.732218,3,0.5,4172,3353
7525,751.188,ga_tcheby_proxy,mesh9,4,7,0,"[4-7]",1,20,1.59654,0.975,0.73499,1,0.5,4173,3353
7526,751.249,ga_tcheby_proxy,mesh9,2,0,1,"[]",0,0,0,0,0,0,0.5,4173,3354
7527,751.272,ga_tcheby_proxy,mesh9,6,8,1,"[]",0,0,0,0,0,0,0.5,4173,3355
7528,751.38,ga_tcheby_proxy,mesh9,5,8,0,"[5-8]",1,20,1.59654,0.975,0.735537,1,0.5,4174,3355
7529,751.423,ga_tcheby_proxy,mesh9,3,7,1,"[]",0,0,0,0,0,0,0.5,4174,3356
7530,751.445,ga_tcheby_proxy,mesh9,5,4,1,"[]",0,0,0,0,0,0,0.5,4174,3357
7531,751.558,ga_tcheby_proxy,mesh9,4,3,0,"[4-3]",1,22,1.61449,0.97,0.730526,1,0.5,4175,3357
7532,751.645,ga_tcheby_proxy,mesh9,1,2,0,"[1-2]",1,22,1.61449,0.97,0.732777,1,0.5,4176,3357
7533,751.656,ga_tcheby_proxy,mesh9,3,6,1,"[]",0,0,0,0,0,0,0.5,4176,3358
7534,751.666,ga_tcheby_proxy,mesh9,7,5,1,"[]",0,0,0,0,0,0,0.5,4176,3359
7535,752.013,ga_tcheby_proxy,mesh9,8,7,0,"[8-7]",1,22,1.61449,0.97,0.724138,1,0.5,4177,3359
7536,752.192,ga_tcheby_proxy,mesh9,1,0,0,"[1-0]",1,22,1.61449,0.97,0.733333,1,0.5,4178,3359
7537,752.218,ga_tcheby_proxy,mesh9,0,4,1,"[]",0,0,0,0,0,0,0.5,4178,3360
7538,752.428,ga_tcheby_proxy,mesh9,6,5,0,"[6-7-8-5]",3,64,4.82552,0.97,0.736626,3,0.5,4179,3360
7539,752.491,ga_tcheby_proxy,mesh9,3,7,0,"[3-6-7]",2,42,3.27858,0.949215,0.73444,2,0.5,4180,3360
7540,752.538,ga_tcheby_proxy,mesh9,5,6,1,"[]",0,0,0,0,0,0,0.5,4180,3361
7541,752.641,ga_tcheby_proxy,mesh9,1,4,0,"[1-4]",1,20,1.59654,0.975,0.733333,1,0.5,4181,3361
7542,752.739,ga_tcheby_proxy,mesh9,7,8,0,"[7-8]",1,22,1.61449,0.97,0.735537,1,0.5,4182,3361
7543,752.767,ga_tcheby_proxy,mesh9,1,6,1,"[]",0,0,0,0,0,0,0.5,4182,3362
7544,752.882,ga_tcheby_proxy,mesh9,5,0,0,"[5-4-1-0]",3,64,4.82552,0.97,0.741935,3,0.5,4183,3362
7545,753,ga_tcheby_proxy,mesh9,8,6,0,"[8-7-6]",2,44,3.22898,0.97,0.724731,2,0.5,4184,3362
7546,753.004,ga_tcheby_proxy,mesh9,2,7,0,"[2-5-4-7]",3,62,5.15462,0.902269,0.735537,3,0.5,4185,3362
7547,753.04,ga_tcheby_proxy,mesh9,1,0,1,"[]",0,0,0,0,0,0,0.5,4185,3363
7548,753.292,ga_tcheby_proxy,mesh9,6,3,0,"[6-3]",1,20,1.59654,0.975,0.738776,1,0.5,4186,3363
7549,753.334,ga_tcheby_proxy,mesh9,0,8,1,"[]",0,0,0,0,0,0,0.5,4186,3364
7550,753.877,ga_tcheby_proxy,mesh9,8,6,0,"[8-7-6]",2,44,3.22898,0.97,0.725322,2,0.5,4187,3364
7551,753.963,ga_tcheby_proxy,mesh9,1,3,0,"[1-4-3]",2,42,3.21103,0.97,0.733888,2,0.5,4188,3364
7552,754.113,ga_tcheby_proxy,mesh9,5,2,0,"[5-2]",1,20,1.59654,0.975,0.742455,1,0.5,4189,3364
7553,754.133,ga_tcheby_proxy,mesh9,2,4,1,"[]",0,0,0,0,0,0,0.5,4189,3365
7554,754.163,ga_tcheby_proxy,mesh9,6,1,1,"[]",0,0,0,0,0,0,0.5,4189,3366
7555,754.351,ga_tcheby_proxy,mesh9,5,4,0,"[5-4]",1,22,1.61449,0.97,0.724731,1,0.5,4190,3366
7556,754.413,ga_tcheby_proxy,mesh9,3,2,1,"[]",0,0,0,0,0,0,0.5,4190,3367
7557,754.438,ga_tcheby_proxy,mesh9,7,5,1,"[]",0,0,0,0,0,0,0.5,4190,3368
7558,754.53,ga_tcheby_proxy,mesh9,8,5,0,"[8-5]",1,20,1.59654,0.975,0.737166,1,0.5,4191,3368
7559,754.568,ga_tcheby_proxy,mesh9,1,8,1,"[]",0,0,0,0,0,0,0.5,4191,3369
7560,754.74,ga_tcheby_proxy,mesh9,8,1,0,"[8-7-4-1]",3,62,4.80756,0.97,0.742455,3,0.5,4192,3369
7561,754.807,ga_tcheby_proxy,mesh9,2,8,0,"[2-5-8]",2,40,3.19307,0.975,0.736082,2,0.5,4193,3369
7562,754.936,ga_tcheby_proxy,mesh9,2,0,0,"[2-1-0]",2,44,3.22898,0.97,0.73444,2,0.5,4194,3369
7563,755.061,ga_tcheby_proxy,mesh9,3,8,0,"[3-6-7-8]",3,64,4.82552,0.97,0.736082,3,0.5,4195,3369
7564,755.121,ga_tcheby_proxy,mesh9,7,6,1,"[]",0,0,0,0,0,0,0.5,4195,3370
7565,755.258,ga_tcheby_proxy,mesh9,3,7,0,"[3-6-7]",2,42,3.21103,0.97,0.735537,2,0.5,4196,3370
7566,755.362,ga_tcheby_proxy,mesh9,5,8,0,"[5-8]",1,20,1.59654,0.975,0.736626,1,0.5,4197,3370
7567,755.502,ga_tcheby_proxy,mesh9,8,7,0,"[8-7]",1,22,1.61449,0.97,0.726496,1,0.5,4198,3370
7568,755.52,ga_tcheby_proxy,mesh9,0,8,1,"[]",0,0,0,0,0,0,0.5,4198,3371
7569,755.674,ga_tcheby_proxy,mesh9,7,1,0,"[7-4-1]",2,40,3.19307,0.975,0.742972,2,0.5,4199,3371
7570,755.674,ga_tcheby_proxy,mesh9,6,5,0,"[6-7-8-5]",3,64,4.9023,0.954051,0.738144,3,0.5,4200,3371
7571,755.766,ga_tcheby_proxy,mesh9,3,5,0,"[3-4-5]",2,44,3.22898,0.97,0.732218,2,0.5,4201,3371
7572,755.768,ga_tcheby_proxy,mesh9,6,7,0,"[6-7]",1,22,1.68727,0.926403,0.73444,1,0.5,4202,3371
7573,755.809,ga_tcheby_proxy,mesh9,4,3,1,"[]",0,0,0,0,0,0,0.5,4202,3372
7574,755.83,ga_tcheby_proxy,mesh9,0,7,1,"[]",0,0,0,0,0,0,0.5,4202,3373
7575,755.861,ga_tcheby_proxy,mesh9,8,5,1,"[]",0,0,0,0,0,0,0.5,4202,3374
7576,755.866,ga_tcheby_proxy,mesh9,6,5,1,"[]",0,0,0,0,0,0,0.5,4202,3375
7577,755.89,ga_tcheby_proxy,mesh9,7,0,1,"[]",0,0,0,0,0,0,0.5,4202,3376
7578,755.904,ga_tcheby_proxy,mesh9,2,3,1,"[]",0,0,0,0,0,0,0.5,4202,3377
7579,755.955,ga_tcheby_proxy,mesh9,1,6,1,"[]",0,0,0,0,0,0,0.5,4202,3378
7580,756.056,ga_tcheby_proxy,mesh9,4,6,0,"[4-3-6]",2,42,3.21103,0.97,0.736082,2,0.5,4203,3378
7581,756.078,ga_tcheby_proxy,mesh9,1,0,1,"[]",0,0,0,0,0,0,0.5,4203,3379
7582,756.078,ga_tcheby_proxy,mesh9,3,0,1,"[]",0,0,0,0,0,0,0.5,4203,3380
7583,756.11,ga_tcheby_proxy,mesh9,6,4,1,"[]",0,0,0,0,0,0,0.5,4203,3381
7584,756.239,ga_tcheby_proxy,mesh9,8,6,0,"[8-7-6]",2,44,3.22898,0.97,0.727079,2,0.5,4204,3381
7585,756.702,ga_tcheby_proxy,mesh9,8,5,0,"[8-5]",1,20,1.59654,0.975,0.738241,1,0.5,4205,3381
7586,756.841,ga_tcheby_proxy,mesh9,0,5,0,"[0-3-4-5]",3,64,4.82552,0.97,0.732777,3,0.5,4206,3381
7587,756.9,ga_tcheby_proxy,mesh9,3,2,1,"[]",0,0,0,0,0,0,0.5,4206,3382
7588,756.982,ga_tcheby_proxy,mesh9,3,2,0,"[3-0-1-2]",3,64,4.82552,0.97,0.742972,3,0.5,4207,3382
7589,756.99,ga_tcheby_proxy,mesh9,5,3,1,"[]",0,0,0,0,0,0,0.5,4207,3383
7590,757.009,ga_tcheby_proxy,mesh9,3,6,1,"[]",0,0,0,0,0,0,0.5,4207,3384
7591,757.156,ga_tcheby_proxy,mesh9,5,4,0,"[5-4]",1,22,1.61449,0.97,0.725322,1,0.5,4208,3384
7592,757.236,ga_tcheby_proxy,mesh9,3,7,0,"[3-4-7]",2,42,3.21103,0.97,0.736082,2,0.5,4209,3384
7593,757.244,ga_tcheby_proxy,mesh9,1,5,1,"[]",0,0,0,0,0,0,0.5,4209,3385
7594,757.428,ga_tcheby_proxy,mesh9,1,8,0,"[1-4-7-8]",3,62,4.80756,0.97,0.737166,3,0.5,4210,3385
7595,757.464,ga_tcheby_proxy,mesh9,8,3,1,"[]",0,0,0,0,0,0,0.5,4210,3386
7596,757.531,ga_tcheby_proxy,mesh9,1,0,0,"[1-0]",1,22,1.61449,0.97,0.73499,1,0.5,4211,3386
7597,757.574,ga_tcheby_proxy,mesh9,7,8,1,"[]",0,0,0,0,0,0,0.5,4211,3387
7598,757.595,ga_tcheby_proxy,mesh9,4,1,1,"[]",0,0,0,0,0,0,0.5,4211,3388
7599,757.682,ga_tcheby_proxy,mesh9,5,4,0,"[5-4]",1,22,1.61449,0.97,0.72591,1,0.5,4212,3388
7600,757.897,ga_tcheby_proxy,mesh9,5,0,0,"[5-2-1-0]",3,64,4.82552,0.97,0.742972,3,0.5,4213,3388
7601,757.978,ga_tcheby_proxy,mesh9,2,7,0,"[2-1-4-7]",3,62,4.80756,0.97,0.737166,3,0.5,4214,3388
7602,758.002,ga_tcheby_proxy,mesh9,4,6,1,"[]",0,0,0,0,0,0,0.5,4214,3389
7603,758.005,ga_tcheby_proxy,mesh9,5,1,1,"[]",0,0,0,0,0,0,0.5,4214,3390
7604,758.093,ga_tcheby_proxy,mesh9,2,5,0,"[2-5]",1,20,1.59654,0.975,0.733888,1,0.5,4215,3390
7605,758.181,ga_tcheby_proxy,mesh9,6,7,0,"[6-7]",1,22,1.61449,0.97,0.73499,1,0.5,4216,3390
7606,758.29,ga_tcheby_proxy,mesh9,7,5,0,"[7-8-5]",2,42,3.21103,0.97,0.738776,2,0.5,4217,3390
7607,758.74,ga_tcheby_proxy,mesh9,7,8,0,"[7-8]",1,22,1.61449,0.97,0.738241,1,0.5,4218,3390
7608,758.913,ga_tcheby_proxy,mesh9,2,7,0,"[2-5-8-7]",3,62,4.80756,0.97,0.737166,3,0.5,4219,3390
7609,758.978,ga_tcheby_proxy,mesh9,1,3,0,"[1-4-3]",2,42,3.40495,0.912631,0.735537,2,0.5,4220,3390
7610,759.04,ga_tcheby_proxy,mesh9,8,2,0,"[8-7-4-1-2]",4,84,6.57529,0.901411,0.743487,4,0.5,4221,3390
7611,759.067,ga_tcheby_proxy,mesh9,8,3,1,"[]",0,0,0,0,0,0,0.5,4221,3391
7612,759.084,ga_tcheby_proxy,mesh9,6,8,1,"[]",0,0,0,0,0,0,0.5,4221,3392
7613,759.187,ga_tcheby_proxy,mesh9,2,6,0,"[2-5-4-3-6]",4,84,6.42205,0.97,0.736626,4,0.5,4222,3392
7614,759.192,ga_tcheby_proxy,mesh9,0,7,0,"[0-3-4-7]",3,62,5.15053,0.901446,0.737705,3,0.5,4223,3392
7615,759.218,ga_tcheby_proxy,mesh9,4,5,1,"[]",0,0,0,0,0,0,0.5,4223,3393
7616,759.33,ga_tcheby_proxy,mesh9,7,8,0,"[7-8]",1,22,1.61449,0.97,0.738776,1,0.5,4224,3393
7617,759.336,ga_tcheby_proxy,mesh9,1,6,1,"[]",0,0,0,0,0,0,0.5,4224,3394
7618,759.624,ga_tcheby_proxy,mesh9,5,6,0,"[5-4-3-6]",3,64,4.82552,0.97,0.737166,3,0.5,4225,3394
7619,759.644,ga_tcheby_proxy,mesh9,7,0,1,"[]",0,0,0,0,0,0,0.5,4225,3395
7620,759.739,ga_tcheby_proxy,mesh9,4,6,0,"[4-3-6]",2,42,3.21103,0.97,0.737705,2,0.5,4226,3395
7621,759.881,ga_tcheby_proxy,mesh9,2,6,0,"[2-5-8-7-6]",4,84,6.42205,0.97,0.737705,4,0.5,4227,3395
7622,760.102,ga_tcheby_proxy,mesh9,8,0,0,"[8-5-2-1-0]",4,84,6.42205,0.97,0.743487,4,0.5,4228,3395
7623,760.201,ga_tcheby_proxy,mesh9,4,1,0,"[4-1]",1,20,1.59654,0.975,0.744,1,0.5,4229,3395
7624,760.235,ga_tcheby_proxy,mesh9,3,6,1,"[]",0,0,0,0,0,0,0.5,4229,3396
7625,760.241,ga_tcheby_proxy,mesh9,8,3,1,"[]",0,0,0,0,0,0,0.5,4229,3397
7626,760.263,ga_tcheby_proxy,mesh9,8,1,1,"[]",0,0,0,0,0,0,0.5,4229,3398
7627,760.281,ga_tcheby_proxy,mesh9,1,2,1,"[]",0,0,0,0,0,0,0.5,4229,3399
7628,760.294,ga_tcheby_proxy,mesh9,1,4,1,"[]",0,0,0,0,0,0,0.5,4229,3400
7629,760.38,ga_tcheby_proxy,mesh9,8,4,0,"[8-5-4]",2,42,3.21103,0.97,0.739837,2,0.5,4230,3400
7630,760.459,ga_tcheby_proxy,mesh9,6,5,0,"[6-7-8-5]",3,64,4.83478,0.964223,0.740365,3,0.5,4231,3400
7631,760.486,ga_tcheby_proxy,mesh9,0,1,1,"[]",0,0,0,0,0,0,0.5,4231,3401
7632,760.544,ga_tcheby_proxy,mesh9,4,6,1,"[]",0,0,0,0,0,0,0.5,4231,3402
7633,760.616,ga_tcheby_proxy,mesh9,6,8,0,"[6-3-4-7-8]",4,84,6.49945,0.923764,0.739837,4,0.5,4232,3402
7634,760.649,ga_tcheby_proxy,mesh9,2,8,1,"[]",0,0,0,0,0,0,0.5,4232,3403
7635,760.888,ga_tcheby_proxy,mesh9,2,1,0,"[2-1]",1,22,1.61449,0.97,0.736082,1,0.5,4233,3403
7636,761.212,ga_tcheby_proxy,mesh9,5,3,0,"[5-4-3]",2,44,3.22898,0.97,0.73444,2,0.5,4234,3403
7637,761.241,ga_tcheby_proxy,mesh9,2,7,1,"[]",0,0,0,0,0,0,0.5,4234,3404
7638,761.28,ga_tcheby_proxy,mesh9,4,6,1,"[]",0,0,0,0,0,0,0.5,4234,3405
7639,761.28,ga_tcheby_proxy,mesh9,7,1,1,"[]",0,0,0,0,0,0,0.5,4234,3406
7640,761.371,ga_tcheby_proxy,mesh9,7,2,0,"[7-8-5-2]",3,62,4.80756,0.97,0.744,3,0.5,4235,3406
7641,761.624,ga_tcheby_proxy,mesh9,2,8,0,"[2-5-8]",2,40,3.19307,0.975,0.738241,2,0.5,4236,3406
7642,761.689,ga_tcheby_proxy,mesh9,5,4,1,"[]",0,0,0,0,0,0,0.5,4236,3407
7643,761.904,ga_tcheby_proxy,mesh9,2,0,0,"[2-1-0]",2,44,3.22898,0.97,0.736626,2,0.5,4237,3407
7644,761.958,ga_tcheby_proxy,mesh9,7,6,1,"[]",0,0,0,0,0,0,0.5,4237,3408
7645,762.079,ga_tcheby_proxy,mesh9,7,2,0,"[7-8-5-2]",3,62,4.80756,0.97,0.744511,3,0.5,4238,3408
7646,762.114,ga_tcheby_proxy,mesh9,2,1,1,"[]",0,0,0,0,0,0,0.5,4238,3409
7647,762.117,ga_tcheby_proxy,mesh9,7,1,1,"[]",0,0,0,0,0,0,0.5,4238,3410
7648,762.197,ga_tcheby_proxy,mesh9,1,6,0,"[1-4-3-6]",3,62,4.80756,0.97,0.738241,3,0.5,4239,3410
7649,762.423,ga_tcheby_proxy,mesh9,5,0,0,"[5-4-3-0]",3,64,4.82552,0.97,0.743487,3,0.5,4240,3410
7650,762.499,ga_tcheby_proxy,mesh9,3,4,0,"[3-4]",1,22,1.61449,0.97,0.731656,1,0.5,4241,3410
7651,762.537,ga_tcheby_proxy,mesh9,0,6,1,"[]",0,0,0,0,0,0,0.5,4241,3411
7652,762.682,ga_tcheby_proxy,mesh9,2,1,0,"[2-1]",1,22,1.61449,0.97,0.737166,1,0.5,4242,3411
7653,762.734,ga_tcheby_proxy,mesh9,6,7,1,"[]",0,0,0,0,0,0,0.5,4242,3412
7654,762.972,ga_tcheby_proxy,mesh9,1,8,0,"[1-4-5-8]",3,62,4.80756,0.97,0.738776,3,0.5,4243,3412
7655,763.036,ga_tcheby_proxy,mesh9,6,0,0,"[6-3-0]",2,40,3.19307,0.975,0.744,2,0.5,4244,3412
7656,763.174,ga_tcheby_proxy,mesh9,5,6,0,"[5-4-7-6]",3,64,4.82552,0.97,0.738776,3,0.5,4245,3412
7657,763.208,ga_tcheby_proxy,mesh9,0,7,1,"[]",0,0,0,0,0,0,0.5,4245,3413
7658,763.461,ga_tcheby_proxy,mesh9,5,7,0,"[5-8-7]",2,42,3.21103,0.97,0.739308,2,0.5,4246,3413
7659,763.55,ga_tcheby_proxy,mesh9,0,1,0,"[0-1]",1,22,1.61449,0.97,0.721739,1,0.5,4247,3413
7660,763.562,ga_tcheby_proxy,mesh9,5,7,1,"[]",0,0,0,0,0,0,0.5,4247,3414
7661,763.615,ga_tcheby_proxy,mesh9,6,1,1,"[]",0,0,0,0,0,0,0.5,4247,3415
7662,763.748,ga_tcheby_proxy,mesh9,7,3,0,"[7-6-3]",2,42,3.21103,0.97,0.740365,2,0.5,4248,3415
7663,763.772,ga_tcheby_proxy,mesh9,0,3,1,"[]",0,0,0,0,0,0,0.5,4248,3416
7664,763.9,ga_tcheby_proxy,mesh9,3,8,0,"[3-4-5-8]",3,64,4.82552,0.97,0.739837,3,0.5,4249,3416
7665,763.957,ga_tcheby_proxy,mesh9,0,4,1,"[]",0,0,0,0,0,0,0.5,4249,3417
7666,763.968,ga_tcheby_proxy,mesh9,4,1,1,"[]",0,0,0,0,0,0,0.5,4249,3418
7667,764.114,ga_tcheby_proxy,mesh9,5,3,0,"[5-4-3]",2,44,3.22898,0.97,0.736082,2,0.5,4250,3418
7668,764.255,ga_tcheby_proxy,mesh9,7,8,0,"[7-8]",1,22,1.61449,0.97,0.741414,1,0.5,4251,3418
7669,764.573,ga_tcheby_proxy,mesh9,4,1,0,"[4-1]",1,20,1.59654,0.975,0.744511,1,0.5,4252,3418
7670,764.616,ga_tcheby_proxy,mesh9,2,3,1,"[]",0,0,0,0,0,0,0.5,4252,3419
7671,764.882,ga_tcheby_proxy,mesh9,3,7,0,"[3-6-7]",2,42,3.21103,0.97,0.738776,2,0.5,4253,3419
7672,764.923,ga_tcheby_proxy,mesh9,6,2,1,"[]",0,0,0,0,0,0,0.5,4253,3420
7673,765.009,ga_tcheby_proxy,mesh9,8,2,0,"[8-5-2]",2,40,3.19307,0.975,0.74502,2,0.5,4254,3420
7674,765.016,ga_tcheby_proxy,mesh9,5,7,1,"[]",0,0,0,0,0,0,0.5,4254,3421
7675,765.034,ga_tcheby_proxy,mesh9,2,7,1,"[]",0,0,0,0,0,0,0.5,4254,3422
7676,765.202,ga_tcheby_proxy,mesh9,4,1,0,"[4-1]",1,20,1.59654,0.975,0.74502,1,0.5,4255,3422
7677,765.249,ga_tcheby_proxy,mesh9,1,5,1,"[]",0,0,0,0,0,0,0.5,4255,3423
7678,765.322,ga_tcheby_proxy,mesh9,4,5,0,"[4-5]",1,22,1.69464,0.922205,0.73444,1,0.5,4256,3423
7679,765.444,ga_tcheby_proxy,mesh9,1,7,0,"[1-4-7]",2,40,3.19307,0.975,0.739308,2,0.5,4257,3423
7680,765.509,ga_tcheby_proxy,mesh9,6,0,0,"[6-3-0]",2,40,3.30952,0.906392,0.744511,2,0.5,4258,3423
7681,765.585,ga_tcheby_proxy,mesh9,6,3,0,"[6-3]",1,20,1.59654,0.975,0.741414,1,0.5,4259,3423
7682,765.614,ga_tcheby_proxy,mesh9,8,7,1,"[]",0,0,0,0,0,0,0.5,4259,3424
7683,765.887,ga_tcheby_proxy,mesh9,8,5,0,"[8-5]",1,20,1.59654,0.975,0.742455,1,0.5,4260,3424
7684,765.906,ga_tcheby_proxy,mesh9,0,1,1,"[]",0,0,0,0,0,0,0.5,4260,3425
7685,765.927,ga_tcheby_proxy,mesh9,7,8,1,"[]",0,0,0,0,0,0,0.5,4260,3426
7686,765.989,ga_tcheby_proxy,mesh9,6,7,1,"[]",0,0,0,0,0,0,0.5,4260,3427
7687,766.156,ga_tcheby_proxy,mesh9,4,5,0,"[4-5]",1,22,1.61449,0.97,0.73499,1,0.5,4261,3427
7688,766.274,ga_tcheby_proxy,mesh9,1,8,0,"[1-2-5-8]",3,62,4.80756,0.97,0.740365,3,0.5,4262,3427
7689,766.284,ga_tcheby_proxy,mesh9,0,7,1,"[]",0,0,0,0,0,0,0.5,4262,3428
7690,766.289,ga_tcheby_proxy,mesh9,0,2,1,"[]",0,0,0,0,0,0,0.5,4262,3429
7691,766.327,ga_tcheby_proxy,mesh9,7,1,1,"[]",0,0,0,0,0,0,0.5,4262,3430
7692,766.339,ga_tcheby_proxy,mesh9,7,6,1,"[]",0,0,0,0,0,0,0.5,4262,3431
7693,766.442,ga_tcheby_proxy,mesh9,3,6,0,"[3-6]",1,20,1.59654,0.975,0.739308,1,0.5,4263,3431
7694,766.587,ga_tcheby_proxy,mesh9,0,6,0,"[0-3-6]",2,40,3.19307,0.975,0.739837,2,0.5,4264,3431
7695,766.633,ga_tcheby_proxy,mesh9,2,3,1,"[]",0,0,0,0,0,0,0.5,4264,3432
7696,766.674,ga_tcheby_proxy,mesh9,7,8,1,"[]",0,0,0,0,0,0,0.5,4264,3433
7697,766.785,ga_tcheby_proxy,mesh9,7,4,0,"[7-4]",1,20,1.59654,0.975,0.742972,1,0.5,4265,3433
7698,766.83,ga_tcheby_proxy,mesh9,4,6,1,"[]",0,0,0,0,0,0,0.5,4265,3434
7699,767.363,ga_tcheby_proxy,mesh9,2,7,0,"[2-1-4-7]",3,62,4.80756,0.97,0.739837,3,0.5,4266,3434
7700,767.447,ga_tcheby_proxy,mesh9,2,6,0,"[2-5-4-7-6]",4,84,6.42205,0.97,0.740365,4,0.5,4267,3434
7701,767.482,ga_tcheby_proxy,mesh9,2,4,1,"[]",0,0,0,0,0,0,0.5,4267,3435
7702,767.525,ga_tcheby_proxy,mesh9,7,3,1,"[]",0,0,0,0,0,0,0.5,4267,3436
7703,767.545,ga_tcheby_proxy,mesh9,5,2,1,"[]",0,0,0,0,0,0,0.5,4267,3437
7704,767.649,ga_tcheby_proxy,mesh9,5,1,0,"[5-4-1]",2,42,3.21103,0.97,0.745527,2,0.5,4268,3437
7705,767.654,ga_tcheby_proxy,mesh9,8,1,1,"[]",0,0,0,0,0,0,0.5,4268,3438
7706,767.707,ga_tcheby_proxy,mesh9,5,8,1,"[]",0,0,0,0,0,0,0.5,4268,3439
7707,767.726,ga_tcheby_proxy,mesh9,8,7,1,"[]",0,0,0,0,0,0,0.5,4268,3440
7708,767.733,ga_tcheby_proxy,mesh9,1,4,1,"[]",0,0,0,0,0,0,0.5,4268,3441
7709,767.769,ga_tcheby_proxy,mesh9,3,8,1,"[]",0,0,0,0,0,0,0.5,4268,3442
7710,767.779,ga_tcheby_proxy,mesh9,5,2,1,"[]",0,0,0,0,0,0,0.5,4268,3443
7711,768.09,ga_tcheby_proxy,mesh9,6,7,0,"[6-7]",1,22,1.61449,0.97,0.736626,1,0.5,4269,3443
7712,768.121,ga_tcheby_proxy,mesh9,2,3,1,"[]",0,0,0,0,0,0,0.5,4269,3444
7713,768.16,ga_tcheby_proxy,mesh9,8,7,1,"[]",0,0,0,0,0,0,0.5,4269,3445
7714,768.343,ga_tcheby_proxy,mesh9,2,1,0,"[2-1]",1,22,1.61449,0.97,0.738241,1,0.5,4270,3445
7715,768.406,ga_tcheby_proxy,mesh9,8,7,1,"[]",0,0,0,0,0,0,0.5,4270,3446
7716,768.445,ga_tcheby_proxy,mesh9,4,5,1,"[]",0,0,0,0,0,0,0.5,4270,3447
7717,768.648,ga_tcheby_proxy,mesh9,0,7,0,"[0-3-6-7]",3,62,4.80756,0.97,0.740365,3,0.5,4271,3447
7718,768.651,ga_tcheby_proxy,mesh9,4,8,0,"[4-7-8]",2,42,3.41081,0.9115,0.743902,2,0.5,4272,3447
7719,768.816,ga_tcheby_proxy,mesh9,8,3,0,"[8-7-6-3]",3,64,4.82552,0.97,0.741935,3,0.5,4273,3447
7720,768.916,ga_tcheby_proxy,mesh9,1,3,0,"[1-0-3]",2,42,3.21103,0.97,0.737166,2,0.5,4274,3447
7721,769.058,ga_tcheby_proxy,mesh9,8,2,0,"[8-5-2]",2,40,3.19307,0.975,0.745527,2,0.5,4275,3447
7722,769.236,ga_tcheby_proxy,mesh9,8,5,0,"[8-5]",1,20,1.59654,0.975,0.743487,1,0.5,4276,3447
7723,769.384,ga_tcheby_proxy,mesh9,0,8,0,"[0-3-4-5-8]",4,84,6.42205,0.97,0.740891,4,0.5,4277,3447
7724,769.493,ga_tcheby_proxy,mesh9,0,8,0,"[0-3-4-5-8]",4,84,6.42205,0.97,0.741414,4,0.5,4278,3447
7725,769.628,ga_tcheby_proxy,mesh9,4,3,0,"[4-3]",1,22,1.61449,0.97,0.736626,1,0.5,4279,3447
7726,769.824,ga_tcheby_proxy,mesh9,7,6,0,"[7-6]",1,22,1.61449,0.97,0.719912,1,0.5,4280,3447
7727,770.068,ga_tcheby_proxy,mesh9,6,1,0,"[6-3-0-1]",3,62,4.80756,0.97,0.74502,3,0.5,4281,3447
7728,770.107,ga_tcheby_proxy,mesh9,7,8,1,"[]",0,0,0,0,0,0,0.5,4281,3448
7729,770.133,ga_tcheby_proxy,mesh9,0,7,1,"[]",0,0,0,0,0,0,0.5,4281,3449
7730,770.464,ga_tcheby_proxy,mesh9,3,4,0,"[3-4]",1,22,1.61449,0.97,0.733888,1,0.5,4282,3449
7731,770.493,ga_tcheby_proxy,mesh9,4,3,1,"[]",0,0,0,0,0,0,0.5,4282,3450
7732,770.662,ga_tcheby_proxy,mesh9,6,3,0,"[6-3]",1,20,1.59654,0.975,0.742972,1,0.5,4283,3450
7733,770.739,ga_tcheby_proxy,mesh9,2,8,0,"[2-5-8]",2,40,3.19307,0.975,0.741935,2,0.5,4284,3450
7734,770.744,ga_tcheby_proxy,mesh9,2,5,1,"[]",0,0,0,0,0,0,0.5,4284,3451
7735,770.745,ga_tcheby_proxy,mesh9,3,2,1,"[]",0,0,0,0,0,0,0.5,4284,3452
7736,770.896,ga_tcheby_proxy,mesh9,6,7,0,"[6-7]",1,22,1.61449,0.97,0.737705,1,0.5,4285,3452
7737,771.018,ga_tcheby_proxy,mesh9,4,8,0,"[4-5-8]",2,42,3.21103,0.97,0.742455,2,0.5,4286,3452
7738,771.061,ga_tcheby_proxy,mesh9,3,2,1,"[]",0,0,0,0,0,0,0.5,4286,3453
7739,771.067,ga_tcheby_proxy,mesh9,2,7,1,"[]",0,0,0,0,0,0,0.5,4286,3454
7740,771.179,ga_tcheby_proxy,mesh9,2,8,0,"[2-5-8]",2,40,3.19307,0.975,0.742972,2,0.5,4287,3454
7741,771.201,ga_tcheby_proxy,mesh9,2,4,1,"[]",0,0,0,0,0,0,0.5,4287,3455
7742,771.243,ga_tcheby_proxy,mesh9,3,1,1,"[]",0,0,0,0,0,0,0.5,4287,3456
7743,771.284,ga_tcheby_proxy,mesh9,8,3,1,"[]",0,0,0,0,0,0,0.5,4287,3457
7744,771.34,ga_tcheby_proxy,mesh9,4,3,1,"[]",0,0,0,0,0,0,0.5,4287,3458
7745,771.605,ga_tcheby_proxy,mesh9,2,1,0,"[2-1]",1,22,1.61449,0.97,0.738776,1,0.5,4288,3458
7746,771.624,ga_tcheby_proxy,mesh9,0,5,1,"[]",0,0,0,0,0,0,0.5,4288,3459
7747,771.783,ga_tcheby_proxy,mesh9,7,1,0,"[7-4-1]",2,40,3.19307,0.975,0.746032,2,0.5,4289,3459
7748,771.827,ga_tcheby_proxy,mesh9,8,6,1,"[]",0,0,0,0,0,0,0.5,4289,3460
7749,771.861,ga_tcheby_proxy,mesh9,1,7,1,"[]",0,0,0,0,0,0,0.5,4289,3461
7750,771.866,ga_tcheby_proxy,mesh9,2,7,1,"[]",0,0,0,0,0,0,0.5,4289,3462
7751,771.97,ga_tcheby_proxy,mesh9,7,3,0,"[7-6-3]",2,42,3.21103,0.97,0.743487,2,0.5,4290,3462
7752,771.973,ga_tcheby_proxy,mesh9,0,6,0,"[0-3-6]",2,40,3.33548,0.930635,0.740891,2,0.5,4291,3462
7753,772.383,ga_tcheby_proxy,mesh9,5,7,0,"[5-4-7]",2,42,3.21103,0.97,0.741414,2,0.5,4292,3462
7754,772.516,ga_tcheby_proxy,mesh9,4,2,0,"[4-5-2]",2,42,3.21103,0.97,0.746032,2,0.5,4293,3462
7755,772.607,ga_tcheby_proxy,mesh9,5,0,0,"[5-4-3-0]",3,64,4.82552,0.97,0.745527,3,0.5,4294,3462
7756,772.712,ga_tcheby_proxy,mesh9,2,0,0,"[2-1-0]",2,44,3.22898,0.97,0.739308,2,0.5,4295,3462
7757,772.907,ga_tcheby_proxy,mesh9,3,4,0,"[3-4]",1,22,1.61449,0.97,0.73444,1,0.5,4296,3462
7758,772.939,ga_tcheby_proxy,mesh9,0,6,1,"[]",0,0,0,0,0,0,0.5,4296,3463
7759,773.05,ga_tcheby_proxy,mesh9,6,8,0,"[6-7-8]",2,44,3.22898,0.97,0.742455,2,0.5,4297,3463
7760,773.31,ga_tcheby_proxy,mesh9,4,3,0,"[4-3]",1,22,1.61449,0.97,0.737705,1,0.5,4298,3463
7761,773.373,ga_tcheby_proxy,mesh9,1,3,0,"[1-4-3]",2,42,3.36669,0.912844,0.738241,2,0.5,4299,3463
7762,773.458,ga_tcheby_proxy,mesh9,6,4,0,"[6-3-4]",2,42,3.21103,0.97,0.744,2,0.5,4300,3463
7763,773.541,ga_tcheby_proxy,mesh9,8,2,0,"[8-5-2]",2,40,3.19307,0.975,0.746535,2,0.5,4301,3463
7764,773.635,ga_tcheby_proxy,mesh9,7,8,0,"[7-8]",1,22,1.61449,0.97,0.742972,1,0.5,4302,3463
7765,773.723,ga_tcheby_proxy,mesh9,5,1,0,"[5-4-1]",2,42,3.21103,0.97,0.746535,2,0.5,4303,3463
7766,773.733,ga_tcheby_proxy,mesh9,3,5,1,"[]",0,0,0,0,0,0,0.5,4303,3464
7767,773.848,ga_tcheby_proxy,mesh9,6,2,0,"[6-3-0-1-2]",4,84,6.42205,0.97,0.746032,4,0.5,4304,3464
7768,773.928,ga_tcheby_proxy,mesh9,2,4,0,"[2-5-4]",2,42,3.21103,0.97,0.738776,2,0.5,4305,3464
7769,774.059,ga_tcheby_proxy,mesh9,7,2,0,"[7-4-1-2]",3,62,4.80756,0.97,0.747036,3,0.5,4306,3464
7770,774.26,ga_tcheby_proxy,mesh9,1,5,0,"[1-4-5]",2,42,3.21103,0.97,0.738776,2,0.5,4307,3464
7771,774.65,ga_tcheby_proxy,mesh9,0,7,0,"[0-3-6-7]",3,62,4.80756,0.97,0.741414,3,0.5,4308,3464
7772,774.77,ga_tcheby_proxy,mesh9,2,0,0,"[2-1-0]",2,44,3.22898,0.97,0.739837,2,0.5,4309,3464
7773,774.926,ga_tcheby_proxy,mesh9,2,0,0,"[2-1-0]",2,44,3.22898,0.97,0.740365,2,0.5,4310,3464
7774,774.937,ga_tcheby_proxy,mesh9,5,1,1,"[]",0,0,0,0,0,0,0.5,4310,3465
7775,774.947,ga_tcheby_proxy,mesh9,8,5,1,"[]",0,0,0,0,0,0,0.5,4310,3466
7776,774.97,ga_tcheby_proxy,mesh9,1,2,1,"[]",0,0,0,0,0,0,0.5,4310,3467
7777,774.976,ga_tcheby_proxy,mesh9,7,5,1,"[]",0,0,0,0,0,0,0.5,4310,3468
7778,775.045,ga_tcheby_proxy,mesh9,1,8,0,"[1-2-5-8]",3,62,4.8981,0.932075,0.743487,3,0.5,4311,3468
7779,775.121,ga_tcheby_proxy,mesh9,4,5,0,"[4-5]",1,22,1.66171,0.94126,0.738241,1,0.5,4312,3468
7780,775.3,ga_tcheby_proxy,mesh9,1,2,0,"[1-2]",1,22,1.61449,0.97,0.736626,1,0.5,4313,3468
7781,775.414,ga_tcheby_proxy,mesh9,0,2,0,"[0-1-2]",2,44,3.22898,0.97,0.737166,2,0.5,4314,3468
7782,775.501,ga_tcheby_proxy,mesh9,0,3,0,"[0-3]",1,20,1.59654,0.975,0.732218,1,0.5,4315,3468
7783,775.569,ga_tcheby_proxy,mesh9,2,3,0,"[2-1-0-3]",3,64,4.93221,0.932299,0.740891,3,0.5,4316,3468
7784,775.633,ga_tcheby_proxy,mesh9,7,4,0,"[7-4]",1,20,1.69438,0.916699,0.744511,1,0.5,4317,3468
7785,775.656,ga_tcheby_proxy,mesh9,7,4,1,"[]",0,0,0,0,0,0,0.5,4317,3469
7786,775.692,ga_tcheby_proxy,mesh9,3,0,1,"[]",0,0,0,0,0,0,0.5,4317,3470
7787,775.822,ga_tcheby_proxy,mesh9,3,5,0,"[3-4-5]",2,44,3.22898,0.97,0.738776,2,0.5,4318,3470
7788,776.084,ga_tcheby_proxy,mesh9,0,1,0,"[0-1]",1,22,1.61449,0.97,0.724138,1,0.5,4319,3470
7789,776.214,ga_tcheby_proxy,mesh9,3,6,0,"[3-6]",1,20,1.59654,0.975,0.741935,1,0.5,4320,3470
7790,776.289,ga_tcheby_proxy,mesh9,5,4,0,"[5-4]",1,22,1.61449,0.97,0.733888,1,0.5,4321,3470
7791,776.32,ga_tcheby_proxy,mesh9,5,3,1,"[]",0,0,0,0,0,0,0.5,4321,3471
7792,776.51,ga_tcheby_proxy,mesh9,6,8,0,"[6-7-8]",2,44,3.22898,0.97,0.743487,2,0.5,4322,3471
7793,776.533,ga_tcheby_proxy,mesh9,5,7,1,"[]",0,0,0,0,0,0,0.5,4322,3472
7794,776.603,ga_tcheby_proxy,mesh9,4,5,0,"[4-5]",1,22,1.67343,0.934385,0.739308,1,0.5,4323,3472
7795,776.609,ga_tcheby_proxy,mesh9,4,6,1,"[]",0,0,0,0,0,0,0.5,4323,3473
7796,776.626,ga_tcheby_proxy,mesh9,6,7,1,"[]",0,0,0,0,0,0,0.5,4323,3474
7797,776.66,ga_tcheby_proxy,mesh9,6,0,1,"[]",0,0,0,0,0,0,0.5,4323,3475
7798,776.836,ga_tcheby_proxy,mesh9,1,5,0,"[1-2-5]",2,42,3.21103,0.97,0.739837,2,0.5,4324,3475
7799,776.843,ga_tcheby_proxy,mesh9,6,2,1,"[]",0,0,0,0,0,0,0.5,4324,3476
7800,777.053,ga_tcheby_proxy,mesh9,8,5,0,"[8-5]",1,20,1.59654,0.975,0.744511,1,0.5,4325,3476
7801,777.121,ga_tcheby_proxy,mesh9,5,3,0,"[5-8-7-6-3]",4,84,6.54876,0.90587,0.74502,4,0.5,4326,3476
7802,777.433,ga_tcheby_proxy,mesh9,0,3,0,"[0-3]",1,20,1.59654,0.975,0.733333,1,0.5,4327,3476
7803,777.467,ga_tcheby_proxy,mesh9,8,1,1,"[]",0,0,0,0,0,0,0.5,4327,3477
7804,777.63,ga_tcheby_proxy,mesh9,4,8,0,"[4-7-8]",2,42,3.21103,0.97,0.744,2,0.5,4328,3477
7805,777.669,ga_tcheby_proxy,mesh9,2,6,1,"[]",0,0,0,0,0,0,0.5,4328,3478
7806,777.734,ga_tcheby_proxy,mesh9,1,7,0,"[1-2-5-4-7]",4,84,6.59847,0.90082,0.742455,4,0.5,4329,3478
7807,777.749,ga_tcheby_proxy,mesh9,3,4,1,"[]",0,0,0,0,0,0,0.5,4329,3479
7808,777.793,ga_tcheby_proxy,mesh9,4,2,1,"[]",0,0,0,0,0,0,0.5,4329,3480
7809,777.794,ga_tcheby_proxy,mesh9,1,3,1,"[]",0,0,0,0,0,0,0.5,4329,3481
7810,777.883,ga_tcheby_proxy,mesh9,7,6,0,"[7-6]",1,22,1.61449,0.97,0.721739,1,0.5,4330,3481
7811,777.915,ga_tcheby_proxy,mesh9,0,4,1,"[]",0,0,0,0,0,0,0.5,4330,3482
7812,778.073,ga_tcheby_proxy,mesh9,3,7,0,"[3-6-7]",2,42,3.21103,0.97,0.742455,2,0.5,4331,3482
7813,778.142,ga_tcheby_proxy,mesh9,4,1,0,"[4-1]",1,20,1.59654,0.975,0.747535,1,0.5,4332,3482
7814,778.183,ga_tcheby_proxy,mesh9,6,0,1,"[]",0,0,0,0,0,0,0.5,4332,3483
7815,778.19,ga_tcheby_proxy,mesh9,5,4,1,"[]",0,0,0,0,0,0,0.5,4332,3484
7816,778.201,ga_tcheby_proxy,mesh9,4,3,1,"[]",0,0,0,0,0,0,0.5,4332,3485
7817,778.251,ga_tcheby_proxy,mesh9,3,6,1,"[]",0,0,0,0,0,0,0.5,4332,3486
7818,778.254,ga_tcheby_proxy,mesh9,1,7,1,"[]",0,0,0,0,0,0,0.5,4332,3487
7819,778.34,ga_tcheby_proxy,mesh9,1,2,0,"[1-2]",1,22,1.61449,0.97,0.738776,1,0.5,4333,3487
7820,778.476,ga_tcheby_proxy,mesh9,0,8,0,"[0-1-4-7-8]",4,84,6.42205,0.97,0.744511,4,0.5,4334,3487
7821,778.562,ga_tcheby_proxy,mesh9,7,5,0,"[7-8-5]",2,42,3.21103,0.97,0.74502,2,0.5,4335,3487
7822,778.75,ga_tcheby_proxy,mesh9,7,2,0,"[7-4-5-2]",3,62,4.80756,0.97,0.747036,3,0.5,4336,3487
7823,778.794,ga_tcheby_proxy,mesh9,8,0,1,"[]",0,0,0,0,0,0,0.5,4336,3488
7824,778.797,ga_tcheby_proxy,mesh9,2,5,1,"[]",0,0,0,0,0,0,0.5,4336,3489
7825,778.837,ga_tcheby_proxy,mesh9,8,3,1,"[]",0,0,0,0,0,0,0.5,4336,3490
7826,778.874,ga_tcheby_proxy,mesh9,7,0,1,"[]",0,0,0,0,0,0,0.5,4336,3491
7827,778.913,ga_tcheby_proxy,mesh9,1,6,1,"[]",0,0,0,0,0,0,0.5,4336,3492
7828,779.187,ga_tcheby_proxy,mesh9,7,1,0,"[7-4-1]",2,40,3.19307,0.975,0.748031,2,0.5,4337,3492
7829,779.198,ga_tcheby_proxy,mesh9,7,1,1,"[]",0,0,0,0,0,0,0.5,4337,3493
7830,779.235,ga_tcheby_proxy,mesh9,5,8,1,"[]",0,0,0,0,0,0,0.5,4337,3494
7831,779.294,ga_tcheby_proxy,mesh9,3,2,1,"[]",0,0,0,0,0,0,0.5,4337,3495
7832,779.295,ga_tcheby_proxy,mesh9,2,5,1,"[]",0,0,0,0,0,0,0.5,4337,3496
7833,779.333,ga_tcheby_proxy,mesh9,3,4,1,"[]",0,0,0,0,0,0,0.5,4337,3497
7834,779.363,ga_tcheby_proxy,mesh9,5,1,1,"[]",0,0,0,0,0,0,0.5,4337,3498
7835,779.407,ga_tcheby_proxy,mesh9,1,8,1,"[]",0,0,0,0,0,0,0.5,4337,3499
7836,779.425,ga_tcheby_proxy,mesh9,7,8,1,"[]",0,0,0,0,0,0,0.5,4337,3500
7837,779.456,ga_tcheby_proxy,mesh9,8,6,1,"[]",0,0,0,0,0,0,0.5,4337,3501
7838,779.478,ga_tcheby_proxy,mesh9,7,8,1,"[]",0,0,0,0,0,0,0.5,4337,3502
7839,779.558,ga_tcheby_proxy,mesh9,3,7,0,"[3-6-7]",2,42,3.21103,0.97,0.742972,2,0.5,4338,3502
7840,779.588,ga_tcheby_proxy,mesh9,4,0,1,"[]",0,0,0,0,0,0,0.5,4338,3503
7841,779.713,ga_tcheby_proxy,mesh9,2,1,0,"[2-1]",1,22,1.61449,0.97,0.741414,1,0.5,4339,3503
7842,779.763,ga_tcheby_proxy,mesh9,5,7,1,"[]",0,0,0,0,0,0,0.5,4339,3504
7843,779.884,ga_tcheby_proxy,mesh9,2,6,0,"[2-5-4-7-6]",4,84,6.42205,0.97,0.743487,4,0.5,4340,3504
7844,779.953,ga_tcheby_proxy,mesh9,4,7,0,"[4-7]",1,20,1.59654,0.975,0.744,1,0.5,4341,3504
7845,780.283,ga_tcheby_proxy,mesh9,3,0,0,"[3-0]",1,20,1.59654,0.975,0.746535,1,0.5,4342,3504
7846,780.285,ga_tcheby_proxy,mesh9,2,8,0,"[2-5-8]",2,40,3.32091,0.935566,0.747454,2,0.5,4343,3504
7847,780.502,ga_tcheby_proxy,mesh9,0,8,0,"[0-1-4-5-8]",4,84,6.42205,0.97,0.74502,4,0.5,4344,3504
7848,780.538,ga_tcheby_proxy,mesh9,5,1,1,"[]",0,0,0,0,0,0,0.5,4344,3505
7849,780.626,ga_tcheby_proxy,mesh9,7,0,0,"[7-6-3-0]",3,62,4.80756,0.97,0.747036,3,0.5,4345,3505
7850,780.757,ga_tcheby_proxy,mesh9,2,0,0,"[2-1-0]",2,44,3.22898,0.97,0.741935,2,0.5,4346,3505
7851,780.781,ga_tcheby_proxy,mesh9,0,8,1,"[]",0,0,0,0,0,0,0.5,4346,3506
7852,780.879,ga_tcheby_proxy,mesh9,7,5,0,"[7-8-5]",2,42,3.21103,0.97,0.745527,2,0.5,4347,3506
7853,781.128,ga_tcheby_proxy,mesh9,3,2,0,"[3-0-1-2]",3,64,4.82552,0.97,0.747535,3,0.5,4348,3506
7854,781.459,ga_tcheby_proxy,mesh9,2,6,0,"[2-1-0-3-6]",4,84,6.42205,0.97,0.743487,4,0.5,4349,3506
7855,781.498,ga_tcheby_proxy,mesh9,4,1,1,"[]",0,0,0,0,0,0,0.5,4349,3507
7856,781.576,ga_tcheby_proxy,mesh9,8,6,0,"[8-7-6]",2,44,3.26899,0.951407,0.731092,2,0.5,4350,3507
7857,781.616,ga_tcheby_proxy,mesh9,1,4,1,"[]",0,0,0,0,0,0,0.5,4350,3508
7858,781.639,ga_tcheby_proxy,mesh9,8,4,1,"[]",0,0,0,0,0,0,0.5,4350,3509
7859,781.731,ga_tcheby_proxy,mesh9,1,7,0,"[1-4-7]",2,40,3.19307,0.975,0.744511,2,0.5,4351,3509
7860,781.848,ga_tcheby_proxy,mesh9,0,3,0,"[0-3]",1,20,1.59654,0.975,0.73444,1,0.5,4352,3509
7861,781.925,ga_tcheby_proxy,mesh9,6,0,0,"[6-3-0]",2,40,3.19307,0.975,0.748031,2,0.5,4353,3509
7862,781.938,ga_tcheby_proxy,mesh9,4,7,1,"[]",0,0,0,0,0,0,0.5,4353,3510
7863,782.146,ga_tcheby_proxy,mesh9,2,5,0,"[2-5]",1,20,1.59654,0.975,0.741935,1,0.5,4354,3510
7864,782.157,ga_tcheby_proxy,mesh9,3,5,1,"[]",0,0,0,0,0,0,0.5,4354,3511
7865,782.188,ga_tcheby_proxy,mesh9,3,1,1,"[]",0,0,0,0,0,0,0.5,4354,3512
7866,782.523,ga_tcheby_proxy,mesh9,5,4,0,"[5-4]",1,22,1.61449,0.97,0.735537,1,0.5,4355,3512
7867,782.648,ga_tcheby_proxy,mesh9,2,4,0,"[2-5-4]",2,42,3.21103,0.97,0.742455,2,0.5,4356,3512
7868,782.662,ga_tcheby_proxy,mesh9,5,6,1,"[]",0,0,0,0,0,0,0.5,4356,3513
7869,782.689,ga_tcheby_proxy,mesh9,2,3,1,"[]",0,0,0,0,0,0,0.5,4356,3514
7870,782.8,ga_tcheby_proxy,mesh9,5,4,0,"[5-4]",1,22,1.61449,0.97,0.736626,1,0.5,4357,3514
7871,782.833,ga_tcheby_proxy,mesh9,8,5,1,"[]",0,0,0,0,0,0,0.5,4357,3515
7872,782.852,ga_tcheby_proxy,mesh9,5,0,1,"[]",0,0,0,0,0,0,0.5,4357,3516
7873,782.899,ga_tcheby_proxy,mesh9,7,6,1,"[]",0,0,0,0,0,0,0.5,4357,3517
7874,782.942,ga_tcheby_proxy,mesh9,5,6,1,"[]",0,0,0,0,0,0,0.5,4357,3518
7875,783.014,ga_tcheby_proxy,mesh9,2,4,1,"[]",0,0,0,0,0,0,0.5,4357,3519
7876,783.175,ga_tcheby_proxy,mesh9,8,2,0,"[8-5-2]",2,40,3.19307,0.975,0.747535,2,0.5,4358,3519
7877,783.301,ga_tcheby_proxy,mesh9,5,7,0,"[5-4-7]",2,42,3.21103,0.97,0.74502,2,0.5,4359,3519
7878,783.449,ga_tcheby_proxy,mesh9,2,8,0,"[2-5-8]",2,40,3.19307,0.975,0.745527,2,0.5,4360,3519
7879,783.664,ga_tcheby_proxy,mesh9,7,3,0,"[7-4-3]",2,42,3.21103,0.97,0.746032,2,0.5,4361,3519
7880,783.963,ga_tcheby_proxy,mesh9,6,5,0,"[6-3-4-5]",3,64,4.82552,0.97,0.746535,3,0.5,4362,3519
7881,783.98,ga_tcheby_proxy,mesh9,0,7,1,"[]",0,0,0,0,0,0,0.5,4362,3520
7882,784.332,ga_tcheby_proxy,mesh9,5,6,0,"[5-4-3-6]",3,64,4.82552,0.97,0.744,3,0.5,4363,3520
7883,784.358,ga_tcheby_proxy,mesh9,1,5,1,"[]",0,0,0,0,0,0,0.5,4363,3521
7884,784.393,ga_tcheby_proxy,mesh9,7,8,1,"[]",0,0,0,0,0,0,0.5,4363,3522
7885,784.394,ga_tcheby_proxy,mesh9,7,6,1,"[]",0,0,0,0,0,0,0.5,4363,3523
7886,784.453,ga_tcheby_proxy,mesh9,8,2,0,"[8-5-2]",2,40,3.32943,0.901283,0.774127,2,0.5,4364,3523
7887,784.563,ga_tcheby_proxy,mesh9,3,7,0,"[3-6-7]",2,42,3.21103,0.97,0.744511,2,0.5,4365,3523
7888,784.658,ga_tcheby_proxy,mesh9,4,1,0,"[4-1]",1,20,1.59654,0.975,0.748527,1,0.5,4366,3523
7889,784.744,ga_tcheby_proxy,mesh9,4,5,0,"[4-5]",1,22,1.61449,0.97,0.741414,1,0.5,4367,3523
7890,784.936,ga_tcheby_proxy,mesh9,6,8,0,"[6-7-8]",2,44,3.22898,0.97,0.746032,2,0.5,4368,3523
7891,784.943,ga_tcheby_proxy,mesh9,6,0,1,"[]",0,0,0,0,0,0,0.5,4368,3524
7892,785.121,ga_tcheby_proxy,mesh9,8,0,0,"[8-5-2-1-0]",4,84,6.42205,0.97,0.748527,4,0.5,4369,3524
7893,785.133,ga_tcheby_proxy,mesh9,0,7,1,"[]",0,0,0,0,0,0,0.5,4369,3525
7894,785.153,ga_tcheby_proxy,mesh9,4,5,1,"[]",0,0,0,0,0,0,0.5,4369,3526
7895,785.372,ga_tcheby_proxy,mesh9,7,0,0,"[7-4-3-0]",3,62,4.80756,0.97,0.748527,3,0.5,4370,3526
7896,785.545,ga_tcheby_proxy,mesh9,1,8,0,"[1-4-5-8]",3,62,4.80756,0.97,0.746032,3,0.5,4371,3526
7897,785.55,ga_tcheby_proxy,mesh9,0,4,1,"[]",0,0,0,0,0,0,0.5,4371,3527
7898,785.729,ga_tcheby_proxy,mesh9,1,5,0,"[1-4-5]",2,42,3.21103,0.97,0.742455,2,0.5,4372,3527
7899,785.739,ga_tcheby_proxy,mesh9,1,2,1,"[]",0,0,0,0,0,0,0.5,4372,3528
7900,785.893,ga_tcheby_proxy,mesh9,6,4,0,"[6-3-4]",2,42,3.21103,0.97,0.747036,2,0.5,4373,3528
7901,785.943,ga_tcheby_proxy,mesh9,5,4,1,"[]",0,0,0,0,0,0,0.5,4373,3529
7902,785.999,ga_tcheby_proxy,mesh9,5,6,1,"[]",0,0,0,0,0,0,0.5,4373,3530
7903,786.095,ga_tcheby_proxy,mesh9,0,5,0,"[0-3-4-5]",3,64,4.82552,0.97,0.742972,3,0.5,4374,3530
7904,786.127,ga_tcheby_proxy,mesh9,1,6,1,"[]",0,0,0,0,0,0,0.5,4374,3531
7905,786.33,ga_tcheby_proxy,mesh9,2,1,0,"[2-1]",1,22,1.61449,0.97,0.743487,1,0.5,4375,3531
7906,786.568,ga_tcheby_proxy,mesh9,6,7,0,"[6-7]",1,22,1.61449,0.97,0.741935,1,0.5,4376,3531
7907,786.584,ga_tcheby_proxy,mesh9,6,2,1,"[]",0,0,0,0,0,0,0.5,4376,3532
7908,786.954,ga_tcheby_proxy,mesh9,4,5,0,"[4-5]",1,22,1.61449,0.97,0.743487,1,0.5,4377,3532
7909,786.961,ga_tcheby_proxy,mesh9,3,0,1,"[]",0,0,0,0,0,0,0.5,4377,3533
7910,787.036,ga_tcheby_proxy,mesh9,6,0,0,"[6-3-0]",2,40,3.29143,0.91641,0.74902,2,0.5,4378,3533
7911,787.122,ga_tcheby_proxy,mesh9,0,3,0,"[0-3]",1,20,1.59654,0.975,0.735537,1,0.5,4379,3533
7912,787.523,ga_tcheby_proxy,mesh9,6,8,0,"[6-7-8]",2,44,3.22898,0.97,0.746535,2,0.5,4380,3533
7913,787.703,ga_tcheby_proxy,mesh9,0,1,0,"[0-1]",1,22,1.61449,0.97,0.726496,1,0.5,4381,3533
7914,787.707,ga_tcheby_proxy,mesh9,5,2,0,"[5-2]",1,20,1.6946,0.916576,0.74902,1,0.5,4382,3533
7915,787.827,ga_tcheby_proxy,mesh9,1,8,0,"[1-4-5-8]",3,62,4.80756,0.97,0.746535,3,0.5,4383,3533
7916,787.876,ga_tcheby_proxy,mesh9,3,1,1,"[]",0,0,0,0,0,0,0.5,4383,3534
7917,787.953,ga_tcheby_proxy,mesh9,2,7,0,"[2-5-4-7]",3,62,4.80756,0.97,0.745527,3,0.5,4384,3534
7918,787.995,ga_tcheby_proxy,mesh9,1,7,1,"[]",0,0,0,0,0,0,0.5,4384,3535
7919,788.047,ga_tcheby_proxy,mesh9,1,8,1,"[]",0,0,0,0,0,0,0.5,4384,3536
7920,788.101,ga_tcheby_proxy,mesh9,5,6,1,"[]",0,0,0,0,0,0,0.5,4384,3537
7921,788.119,ga_tcheby_proxy,mesh9,6,0,1,"[]",0,0,0,0,0,0,0.5,4384,3538
7922,788.363,ga_tcheby_proxy,mesh9,7,1,0,"[7-4-1]",2,40,3.19307,0.975,0.74902,2,0.5,4385,3538
7923,788.616,ga_tcheby_proxy,mesh9,8,2,0,"[8-5-2]",2,40,3.19307,0.975,0.749511,2,0.5,4386,3538
7924,788.641,ga_tcheby_proxy,mesh9,0,7,1,"[]",0,0,0,0,0,0,0.5,4386,3539
7925,788.689,ga_tcheby_proxy,mesh9,0,6,1,"[]",0,0,0,0,0,0,0.5,4386,3540
7926,788.844,ga_tcheby_proxy,mesh9,6,4,0,"[6-7-4]",2,42,3.21103,0.97,0.747535,2,0.5,4387,3540
7927,788.984,ga_tcheby_proxy,mesh9,6,2,0,"[6-7-4-1-2]",4,84,6.42205,0.97,0.749511,4,0.5,4388,3540
7928,789.112,ga_tcheby_proxy,mesh9,3,4,0,"[3-4]",1,22,1.61449,0.97,0.737705,1,0.5,4389,3540
7929,789.372,ga_tcheby_proxy,mesh9,8,3,0,"[8-7-6-3]",3,64,4.82552,0.97,0.748031,3,0.5,4390,3540
7930,789.442,ga_tcheby_proxy,mesh9,2,3,0,"[2-1-0-3]",3,64,4.85206,0.953633,0.744,3,0.5,4391,3540
7931,789.471,ga_tcheby_proxy,mesh9,7,1,1,"[]",0,0,0,0,0,0,0.5,4391,3541
7932,789.69,ga_tcheby_proxy,mesh9,0,5,0,"[0-1-2-5]",3,64,4.82552,0.97,0.744,3,0.5,4392,3541
7933,789.737,ga_tcheby_proxy,mesh9,7,1,1,"[]",0,0,0,0,0,0,0.5,4392,3542
7934,789.898,ga_tcheby_proxy,mesh9,7,1,0,"[7-4-1]",2,40,3.19307,0.975,0.75,2,0.5,4393,3542
7935,790.134,ga_tcheby_proxy,mesh9,5,1,0,"[5-2-1]",2,42,3.21103,0.97,0.75,2,0.5,4394,3542
7936,790.315,ga_tcheby_proxy,mesh9,3,6,0,"[3-6]",1,20,1.59654,0.975,0.74502,1,0.5,4395,3542
7937,790.332,ga_tcheby_proxy,mesh9,4,7,1,"[]",0,0,0,0,0,0,0.5,4395,3543
7938,790.349,ga_tcheby_proxy,mesh9,2,6,1,"[]",0,0,0,0,0,0,0.5,4395,3544
7939,790.483,ga_tcheby_proxy,mesh9,1,4,0,"[1-4]",1,20,1.59654,0.975,0.742455,1,0.5,4396,3544
7940,790.515,ga_tcheby_proxy,mesh9,2,0,1,"[]",0,0,0,0,0,0,0.5,4396,3545
7941,790.763,ga_tcheby_proxy,mesh9,8,5,0,"[8-5]",1,20,1.59654,0.975,0.748031,1,0.5,4397,3545
7942,790.779,ga_tcheby_proxy,mesh9,4,6,1,"[]",0,0,0,0,0,0,0.5,4397,3546
7943,790.856,ga_tcheby_proxy,mesh9,1,8,0,"[1-4-5-8]",3,62,4.80756,0.97,0.747036,3,0.5,4398,3546
7944,791.135,ga_tcheby_proxy,mesh9,6,0,0,"[6-3-0]",2,40,3.19307,0.975,0.749511,2,0.5,4399,3546
7945,791.219,ga_tcheby_proxy,mesh9,8,4,0,"[8-5-4]",2,42,3.21103,0.97,0.748527,2,0.5,4400,3546
7946,791.367,ga_tcheby_proxy,mesh9,4,8,0,"[4-7-8]",2,42,3.21103,0.97,0.747036,2,0.5,4401,3546
7947,791.405,ga_tcheby_proxy,mesh9,6,0,1,"[]",0,0,0,0,0,0,0.5,4401,3547
7948,791.426,ga_tcheby_proxy,mesh9,3,1,1,"[]",0,0,0,0,0,0,0.5,4401,3548
7949,791.765,ga_tcheby_proxy,mesh9,1,6,0,"[1-0-3-6]",3,62,4.80756,0.97,0.745527,3,0.5,4402,3548
7950,792.04,ga_tcheby_proxy,mesh9,5,2,0,"[5-2]",1,20,1.59654,0.975,0.750487,1,0.5,4403,3548
7951,792.281,ga_tcheby_proxy,mesh9,8,5,0,"[8-5]",1,20,1.59654,0.975,0.74902,1,0.5,4404,3548
7952,792.301,ga_tcheby_proxy,mesh9,2,1,1,"[]",0,0,0,0,0,0,0.5,4404,3549
7953,792.397,ga_tcheby_proxy,mesh9,2,5,0,"[2-5]",1,20,1.59654,0.975,0.744511,1,0.5,4405,3549
7954,792.41,ga_tcheby_proxy,mesh9,6,4,1,"[]",0,0,0,0,0,0,0.5,4405,3550
7955,792.454,ga_tcheby_proxy,mesh9,1,7,1,"[]",0,0,0,0,0,0,0.5,4405,3551
7956,792.668,ga_tcheby_proxy,mesh9,8,0,0,"[8-5-4-3-0]",4,84,6.42205,0.97,0.75,4,0.5,4406,3551
7957,792.71,ga_tcheby_proxy,mesh9,5,4,1,"[]",0,0,0,0,0,0,0.5,4406,3552
7958,792.803,ga_tcheby_proxy,mesh9,8,2,0,"[8-5-2]",2,40,3.19307,0.975,0.750973,2,0.5,4407,3552
7959,792.836,ga_tcheby_proxy,mesh9,7,8,1,"[]",0,0,0,0,0,0,0.5,4407,3553
7960,792.904,ga_tcheby_proxy,mesh9,5,3,0,"[5-4-1-0-3]",4,84,6.51118,0.91714,0.750487,4,0.5,4408,3553
7961,793.362,ga_tcheby_proxy,mesh9,1,2,0,"[1-2]",1,22,1.61449,0.97,0.740891,1,0.5,4409,3553
7962,793.372,ga_tcheby_proxy,mesh9,3,2,1,"[]",0,0,0,0,0,0,0.5,4409,3554
7963,793.455,ga_tcheby_proxy,mesh9,2,1,0,"[2-1]",1,22,1.61449,0.97,0.74502,1,0.5,4410,3554
7964,793.466,ga_tcheby_proxy,mesh9,1,4,1,"[]",0,0,0,0,0,0,0.5,4410,3555
7965,793.726,ga_tcheby_proxy,mesh9,0,2,0,"[0-1-2]",2,44,3.22898,0.97,0.741414,2,0.5,4411,3555
7966,793.785,ga_tcheby_proxy,mesh9,0,1,0,"[0-3-4-1]",3,62,5.05042,0.914708,0.750973,3,0.5,4412,3555
7967,793.934,ga_tcheby_proxy,mesh9,0,3,0,"[0-3]",1,20,1.59654,0.975,0.738241,1,0.5,4413,3555
7968,794.007,ga_tcheby_proxy,mesh9,0,4,0,"[0-3-4]",2,42,3.21103,0.97,0.738776,2,0.5,4414,3555
7969,794.034,ga_tcheby_proxy,mesh9,6,4,1,"[]",0,0,0,0,0,0,0.5,4414,3556
7970,794.053,ga_tcheby_proxy,mesh9,2,0,1,"[]",0,0,0,0,0,0,0.5,4414,3557
7971,794.158,ga_tcheby_proxy,mesh9,4,3,0,"[4-3]",1,22,1.61449,0.97,0.740891,1,0.5,4415,3557
7972,794.71,ga_tcheby_proxy,mesh9,1,3,0,"[1-0-3]",2,42,3.21103,0.97,0.742972,2,0.5,4416,3557
7973,794.761,ga_tcheby_proxy,mesh9,2,4,1,"[]",0,0,0,0,0,0,0.5,4416,3558
7974,794.815,ga_tcheby_proxy,mesh9,2,8,1,"[]",0,0,0,0,0,0,0.5,4416,3559
7975,794.821,ga_tcheby_proxy,mesh9,3,2,1,"[]",0,0,0,0,0,0,0.5,4416,3560
7976,794.863,ga_tcheby_proxy,mesh9,6,4,1,"[]",0,0,0,0,0,0,0.5,4416,3561
7977,794.978,ga_tcheby_proxy,mesh9,1,6,0,"[1-0-3-6]",3,62,4.80756,0.97,0.746032,3,0.5,4417,3561
7978,795.022,ga_tcheby_proxy,mesh9,8,4,1,"[]",0,0,0,0,0,0,0.5,4417,3562
7979,795.084,ga_tcheby_proxy,mesh9,3,4,0,"[3-4]",1,22,1.67173,0.935377,0.739308,1,0.5,4418,3562
7980,795.188,ga_tcheby_proxy,mesh9,0,7,0,"[0-1-4-7]",3,62,4.80756,0.97,0.746535,3,0.5,4419,3562
7981,795.244,ga_tcheby_proxy,mesh9,7,3,1,"[]",0,0,0,0,0,0,0.5,4419,3563
7982,795.459,ga_tcheby_proxy,mesh9,3,8,0,"[3-6-7-8]",3,64,4.82552,0.97,0.747535,3,0.5,4420,3563
7983,795.459,ga_tcheby_proxy,mesh9,7,4,0,"[7-4]",1,20,1.60323,0.970777,0.74902,1,0.5,4421,3563
7984,795.466,ga_tcheby_proxy,mesh9,0,8,1,"[]",0,0,0,0,0,0,0.5,4421,3564
7985,795.849,ga_tcheby_proxy,mesh9,7,0,0,"[7-6-3-0]",3,62,4.80756,0.97,0.750487,3,0.5,4422,3564
7986,795.875,ga_tcheby_proxy,mesh9,0,7,1,"[]",0,0,0,0,0,0,0.5,4422,3565
7987,796.068,ga_tcheby_proxy,mesh9,7,4,0,"[7-4]",1,20,1.59654,0.975,0.749511,1,0.5,4423,3565
7988,796.148,ga_tcheby_proxy,mesh9,1,5,0,"[1-4-5]",2,42,3.21103,0.97,0.74502,2,0.5,4424,3565
7989,796.173,ga_tcheby_proxy,mesh9,8,5,1,"[]",0,0,0,0,0,0,0.5,4424,3566
7990,796.3,ga_tcheby_proxy,mesh9,1,5,0,"[1-2-5]",2,42,3.21103,0.97,0.74502,2,0.5,4425,3566
7991,796.413,ga_tcheby_proxy,mesh9,0,6,0,"[0-3-6]",2,40,3.19307,0.975,0.747036,2,0.5,4426,3566
7992,796.432,ga_tcheby_proxy,mesh9,3,1,1,"[]",0,0,0,0,0,0,0.5,4426,3567
7993,796.489,ga_tcheby_proxy,mesh9,7,3,1,"[]",0,0,0,0,0,0,0.5,4426,3568
7994,796.529,ga_tcheby_proxy,mesh9,1,3,1,"[]",0,0,0,0,0,0,0.5,4426,3569
7995,796.589,ga_tcheby_proxy,mesh9,2,7,1,"[]",0,0,0,0,0,0,0.5,4426,3570
7996,796.634,ga_tcheby_proxy,mesh9,8,7,1,"[]",0,0,0,0,0,0,0.5,4426,3571
7997,796.68,ga_tcheby_proxy,mesh9,2,3,1,"[]",0,0,0,0,0,0,0.5,4426,3572
7998,796.772,ga_tcheby_proxy,mesh9,7,4,0,"[7-4]",1,20,1.59654,0.975,0.75,1,0.5,4427,3572
7999,796.791,ga_tcheby_proxy,mesh9,1,8,1,"[]",0,0,0,0,0,0,0.5,4427,3573
8000,796.834,ga_tcheby_proxy,mesh9,5,7,1,"[]",0,0,0,0,0,0,0.5,4427,3574
8001,796.838,ga_tcheby_proxy,mesh9,2,0,1,"[]",0,0,0,0,0,0,0.5,4427,3575
8002,796.953,ga_tcheby_proxy,mesh9,2,6,0,"[2-5-4-7-6]",4,84,6.42205,0.97,0.747036,4,0.5,4428,3575
8003,797.189,ga_tcheby_proxy,mesh9,0,7,0,"[0-1-4-7]",3,62,4.80756,0.97,0.747535,3,0.5,4429,3575
8004,797.23,ga_tcheby_proxy,mesh9,5,8,1,"[]",0,0,0,0,0,0,0.5,4429,3576
8005,797.307,ga_tcheby_proxy,mesh9,2,5,0,"[2-5]",1,20,1.59654,0.975,0.746032,1,0.5,4430,3576
8006,797.392,ga_tcheby_proxy,mesh9,3,5,0,"[3-4-5]",2,44,3.22898,0.97,0.745527,2,0.5,4431,3576
8007,797.548,ga_tcheby_proxy,mesh9,3,0,0,"[3-0]",1,20,1.59654,0.975,0.750973,1,0.5,4432,3576
8008,797.554,ga_tcheby_proxy,mesh9,5,1,1,"[]",0,0,0,0,0,0,0.5,4432,3577
8009,797.59,ga_tcheby_proxy,mesh9,1,5,1,"[]",0,0,0,0,0,0,0.5,4432,3578
8010,797.633,ga_tcheby_proxy,mesh9,6,3,1,"[]",0,0,0,0,0,0,0.5,4432,3579
8011,797.787,ga_tcheby_proxy,mesh9,7,8,0,"[7-8]",1,22,1.61449,0.97,0.748031,1,0.5,4433,3579
8012,797.903,ga_tcheby_proxy,mesh9,6,4,0,"[6-3-4]",2,42,3.21103,0.97,0.749511,2,0.5,4434,3579
8013,797.955,ga_tcheby_proxy,mesh9,2,6,1,"[]",0,0,0,0,0,0,0.5,4434,3580
8014,797.964,ga_tcheby_proxy,mesh9,3,4,1,"[]",0,0,0,0,0,0,0.5,4434,3581
8015,798.073,ga_tcheby_proxy,mesh9,2,0,0,"[2-1-0]",2,44,3.22898,0.97,0.745527,2,0.5,4435,3581
8016,798.311,ga_tcheby_proxy,mesh9,3,0,0,"[3-0]",1,20,1.59654,0.975,0.751456,1,0.5,4436,3581
8017,798.332,ga_tcheby_proxy,mesh9,1,5,1,"[]",0,0,0,0,0,0,0.5,4436,3582
8018,798.334,ga_tcheby_proxy,mesh9,7,5,1,"[]",0,0,0,0,0,0,0.5,4436,3583
8019,798.427,ga_tcheby_proxy,mesh9,7,5,0,"[7-4-5]",2,42,3.21103,0.97,0.750487,2,0.5,4437,3583
8020,798.432,ga_tcheby_proxy,mesh9,5,2,1,"[]",0,0,0,0,0,0,0.5,4437,3584
8021,798.574,ga_tcheby_proxy,mesh9,4,7,0,"[4-7]",1,20,1.59654,0.975,0.748031,1,0.5,4438,3584
8022,798.678,ga_tcheby_proxy,mesh9,0,8,0,"[0-3-4-5-8]",4,84,6.42205,0.97,0.747535,4,0.5,4439,3584
8023,798.774,ga_tcheby_proxy,mesh9,3,0,0,"[3-0]",1,20,1.59654,0.975,0.751938,1,0.5,4440,3584
8024,798.827,ga_tcheby_proxy,mesh9,6,2,1,"[]",0,0,0,0,0,0,0.5,4440,3585
8025,799.22,ga_tcheby_proxy,mesh9,7,3,0,"[7-6-3]",2,42,3.21103,0.97,0.75,2,0.5,4441,3585
8026,799.275,ga_tcheby_proxy,mesh9,7,5,1,"[]",0,0,0,0,0,0,0.5,4441,3586
8027,799.294,ga_tcheby_proxy,mesh9,2,0,1,"[]",0,0,0,0,0,0,0.5,4441,3587
8028,799.403,ga_tcheby_proxy,mesh9,3,5,0,"[3-4-5]",2,44,3.22898,0.97,0.747036,2,0.5,4442,3587
8029,799.489,ga_tcheby_proxy,mesh9,1,8,0,"[1-2-5-8]",3,62,4.80756,0.97,0.748031,3,0.5,4443,3587
8030,799.554,ga_tcheby_proxy,mesh9,1,4,0,"[1-4]",1,20,1.59654,0.975,0.74502,1,0.5,4444,3587
8031,799.663,ga_tcheby_proxy,mesh9,5,4,0,"[5-4]",1,22,1.61449,0.97,0.740891,1,0.5,4445,3587
8032,799.728,ga_tcheby_proxy,mesh9,7,6,0,"[7-4-3-6]",3,62,4.95887,0.901538,0.750973,3,0.5,4446,3587
8033,799.743,ga_tcheby_proxy,mesh9,8,7,1,"[]",0,0,0,0,0,0,0.5,4446,3588
8034,799.855,ga_tcheby_proxy,mesh9,2,5,0,"[2-5]",1,20,1.59654,0.975,0.747036,1,0.5,4447,3588
8035,799.943,ga_tcheby_proxy,mesh9,4,5,0,"[4-5]",1,22,1.61449,0.97,0.747535,1,0.5,4448,3588
8036,799.994,ga_tcheby_proxy,mesh9,1,0,1,"[]",0,0,0,0,0,0,0.5,4448,3589
8037,800.068,ga_tcheby_proxy,mesh9,3,6,0,"[3-6]",1,20,1.59654,0.975,0.748031,1,0.5,4449,3589
8038,800.237,ga_tcheby_proxy,mesh9,3,4,0,"[3-4]",1,22,1.61449,0.97,0.741935,1,0.5,4450,3589
8039,800.247,ga_tcheby_proxy,mesh9,4,2,1,"[]",0,0,0,0,0,0,0.5,4450,3590
8040,800.289,ga_tcheby_proxy,mesh9,2,1,1,"[]",0,0,0,0,0,0,0.5,4450,3591
8041,800.297,ga_tcheby_proxy,mesh9,5,4,1,"[]",0,0,0,0,0,0,0.5,4450,3592
8042,800.513,ga_tcheby_proxy,mesh9,0,5,0,"[0-1-2-5]",3,64,4.82552,0.97,0.747535,3,0.5,4451,3592
8043,800.726,ga_tcheby_proxy,mesh9,5,6,0,"[5-4-3-6]",3,64,4.82552,0.97,0.748527,3,0.5,4452,3592
8044,801.003,ga_tcheby_proxy,mesh9,1,7,0,"[1-4-7]",2,40,3.19307,0.975,0.748527,2,0.5,4453,3592
8045,801.575,ga_tcheby_proxy,mesh9,1,3,0,"[1-0-3]",2,42,3.21103,0.97,0.744511,2,0.5,4454,3592
8046,801.774,ga_tcheby_proxy,mesh9,6,5,0,"[6-7-8-5]",3,64,4.82552,0.97,0.750487,3,0.5,4455,3592
8047,801.778,ga_tcheby_proxy,mesh9,0,1,0,"[0-1]",1,22,1.72112,0.90743,0.729958,1,0.5,4456,3592
8048,801.823,ga_tcheby_proxy,mesh9,8,5,1,"[]",0,0,0,0,0,0,0.5,4456,3593
8049,801.888,ga_tcheby_proxy,mesh9,6,5,1,"[]",0,0,0,0,0,0,0.5,4456,3594
8050,801.899,ga_tcheby_proxy,mesh9,8,7,1,"[]",0,0,0,0,0,0,0.5,4456,3595
8051,801.95,ga_tcheby_proxy,mesh9,3,5,1,"[]",0,0,0,0,0,0,0.5,4456,3596
8052,802.292,ga_tcheby_proxy,mesh9,8,6,0,"[8-7-6]",2,44,3.22898,0.97,0.732218,2,0.5,4457,3596
8053,802.322,ga_tcheby_proxy,mesh9,5,8,1,"[]",0,0,0,0,0,0,0.5,4457,3597
8054,802.946,ga_tcheby_proxy,mesh9,6,4,0,"[6-3-4]",2,42,3.21103,0.97,0.750487,2,0.5,4458,3597
8055,803.006,ga_tcheby_proxy,mesh9,8,7,0,"[8-5-2-1-4-7]",5,102,8.22734,0.914728,0.751456,5,0.5,4459,3597
8056,803.077,ga_tcheby_proxy,mesh9,7,4,0,"[7-4]",1,20,1.64123,0.947473,0.751456,1,0.5,4460,3597
8057,803.141,ga_tcheby_proxy,mesh9,0,3,0,"[0-3]",1,20,1.59654,0.975,0.741935,1,0.5,4461,3597
8058,803.188,ga_tcheby_proxy,mesh9,1,3,1,"[]",0,0,0,0,0,0,0.5,4461,3598
8059,803.358,ga_tcheby_proxy,mesh9,1,8,0,"[1-4-5-8]",3,62,4.80756,0.97,0.748527,3,0.5,4462,3598
8060,803.388,ga_tcheby_proxy,mesh9,6,4,1,"[]",0,0,0,0,0,0,0.5,4462,3599
8061,803.497,ga_tcheby_proxy,mesh9,4,1,0,"[4-1]",1,20,1.59654,0.975,0.751456,1,0.5,4463,3599
8062,803.682,ga_tcheby_proxy,mesh9,2,3,0,"[2-1-0-3]",3,64,4.82552,0.97,0.746535,3,0.5,4464,3599
8063,803.936,ga_tcheby_proxy,mesh9,4,0,0,"[4-1-0]",2,42,3.21103,0.97,0.751938,2,0.5,4465,3599
8064,804.17,ga_tcheby_proxy,mesh9,4,0,0,"[4-3-0]",2,42,3.21103,0.97,0.752418,2,0.5,4466,3599
8065,804.214,ga_tcheby_proxy,mesh9,8,3,1,"[]",0,0,0,0,0,0,0.5,4466,3600
8066,804.325,ga_tcheby_proxy,mesh9,1,6,0,"[1-4-3-6]",3,62,4.80756,0.97,0.74902,3,0.5,4467,3600
8067,804.341,ga_tcheby_proxy,mesh9,6,8,1,"[]",0,0,0,0,0,0,0.5,4467,3601
8068,804.701,ga_tcheby_proxy,mesh9,6,5,0,"[6-3-4-5]",3,64,4.82552,0.97,0.750973,3,0.5,4468,3601
8069,804.784,ga_tcheby_proxy,mesh9,7,2,0,"[7-8-5-2]",3,62,4.80756,0.97,0.751938,3,0.5,4469,3601
8070,805.194,ga_tcheby_proxy,mesh9,0,5,0,"[0-1-2-5]",3,64,4.82552,0.97,0.748031,3,0.5,4470,3601
8071,805.265,ga_tcheby_proxy,mesh9,0,1,0,"[0-1]",1,22,1.61449,0.97,0.731092,1,0.5,4471,3601
8072,805.322,ga_tcheby_proxy,mesh9,3,0,1,"[]",0,0,0,0,0,0,0.5,4471,3602
8073,805.533,ga_tcheby_proxy,mesh9,8,5,0,"[8-5]",1,20,1.59654,0.975,0.751938,1,0.5,4472,3602
8074,805.701,ga_tcheby_proxy,mesh9,1,6,0,"[1-0-3-6]",3,62,4.80756,0.97,0.749511,3,0.5,4473,3602
8075,805.789,ga_tcheby_proxy,mesh9,2,4,0,"[2-1-4]",2,42,3.21103,0.97,0.747535,2,0.5,4474,3602
8076,805.959,ga_tcheby_proxy,mesh9,4,8,0,"[4-5-8]",2,42,3.21103,0.97,0.74902,2,0.5,4475,3602
8077,806.185,ga_tcheby_proxy,mesh9,7,3,0,"[7-6-3]",2,42,3.21103,0.97,0.751456,2,0.5,4476,3602
8078,806.302,ga_tcheby_proxy,mesh9,6,2,0,"[6-3-4-1-2]",4,84,6.42205,0.97,0.752418,4,0.5,4477,3602
8079,806.505,ga_tcheby_proxy,mesh9,0,8,0,"[0-3-4-7-8]",4,84,6.42205,0.97,0.749511,4,0.5,4478,3602
8080,806.635,ga_tcheby_proxy,mesh9,3,5,0,"[3-4-5]",2,44,3.22898,0.97,0.749511,2,0.5,4479,3602
8081,806.944,ga_tcheby_proxy,mesh9,7,1,0,"[7-4-1]",2,40,3.19307,0.975,0.752896,2,0.5,4480,3602
8082,807.043,ga_tcheby_proxy,mesh9,0,8,0,"[0-1-2-5-8]",4,84,6.42205,0.97,0.749511,4,0.5,4481,3602
8083,807.086,ga_tcheby_proxy,mesh9,1,4,1,"[]",0,0,0,0,0,0,0.5,4481,3603
8084,807.323,ga_tcheby_proxy,mesh9,4,0,0,"[4-3-0]",2,42,3.21103,0.97,0.752896,2,0.5,4482,3603
8085,807.559,ga_tcheby_proxy,mesh9,5,3,0,"[5-4-3]",2,44,3.22898,0.97,0.744,2,0.5,4483,3603
8086,807.595,ga_tcheby_proxy,mesh9,5,6,1,"[]",0,0,0,0,0,0,0.5,4483,3604
8087,807.687,ga_tcheby_proxy,mesh9,0,3,0,"[0-3]",1,20,1.59654,0.975,0.744,1,0.5,4484,3604
8088,807.768,ga_tcheby_proxy,mesh9,8,0,0,"[8-5-2-1-0]",4,84,6.42205,0.97,0.752418,4,0.5,4485,3604
8089,807.871,ga_tcheby_proxy,mesh9,3,8,0,"[3-6-7-8]",3,64,4.82552,0.97,0.75,3,0.5,4486,3604
8090,807.979,ga_tcheby_proxy,mesh9,0,4,0,"[0-3-4]",2,42,3.21103,0.97,0.74502,2,0.5,4487,3604
8091,808.062,ga_tcheby_proxy,mesh9,3,2,0,"[3-4-5-2]",3,64,4.82552,0.97,0.752896,3,0.5,4488,3604
8092,808.172,ga_tcheby_proxy,mesh9,3,8,0,"[3-6-7-8]",3,64,4.82552,0.97,0.750487,3,0.5,4489,3604
8093,808.229,ga_tcheby_proxy,mesh9,2,3,1,"[]",0,0,0,0,0,0,0.5,4489,3605
8094,808.238,ga_tcheby_proxy,mesh9,3,5,1,"[]",0,0,0,0,0,0,0.5,4489,3606
8095,808.238,ga_tcheby_proxy,mesh9,3,5,1,"[]",0,0,0,0,0,0,0.5,4489,3607
8096,808.32,ga_tcheby_proxy,mesh9,3,8,0,"[3-4-7-8]",3,64,4.82552,0.97,0.750973,3,0.5,4490,3607
8097,808.342,ga_tcheby_proxy,mesh9,3,5,1,"[]",0,0,0,0,0,0,0.5,4490,3608
8098,808.376,ga_tcheby_proxy,mesh9,0,3,1,"[]",0,0,0,0,0,0,0.5,4490,3609
8099,808.386,ga_tcheby_proxy,mesh9,4,8,1,"[]",0,0,0,0,0,0,0.5,4490,3610
8100,808.525,ga_tcheby_proxy,mesh9,3,2,0,"[3-4-5-2]",3,64,4.82552,0.97,0.753372,3,0.5,4491,3610
8101,808.618,ga_tcheby_proxy,mesh9,1,3,0,"[1-0-3]",2,42,3.21103,0.97,0.747036,2,0.5,4492,3610
8102,808.637,ga_tcheby_proxy,mesh9,2,4,1,"[]",0,0,0,0,0,0,0.5,4492,3611
8103,808.814,ga_tcheby_proxy,mesh9,1,3,0,"[1-0-3]",2,42,3.21103,0.97,0.747535,2,0.5,4493,3611
8104,808.849,ga_tcheby_proxy,mesh9,0,5,1,"[]",0,0,0,0,0,0,0.5,4493,3612
8105,808.864,ga_tcheby_proxy,mesh9,8,2,1,"[]",0,0,0,0,0,0,0.5,4493,3613
8106,809.179,ga_tcheby_proxy,mesh9,1,5,0,"[1-2-5]",2,42,3.21103,0.97,0.74902,2,0.5,4494,3613
8107,809.321,ga_tcheby_proxy,mesh9,5,8,0,"[5-8]",1,20,1.59654,0.975,0.75,1,0.5,4495,3613
8108,809.425,ga_tcheby_proxy,mesh9,5,4,0,"[5-4]",1,22,1.61449,0.97,0.742455,1,0.5,4496,3613
8109,809.523,ga_tcheby_proxy,mesh9,6,1,0,"[6-7-4-1]",3,62,4.80756,0.97,0.753372,3,0.5,4497,3613
8110,809.537,ga_tcheby_proxy,mesh9,5,1,1,"[]",0,0,0,0,0,0,0.5,4497,3614
8111,809.558,ga_tcheby_proxy,mesh9,0,8,1,"[]",0,0,0,0,0,0,0.5,4497,3615
8112,809.884,ga_tcheby_proxy,mesh9,0,3,0,"[0-3]",1,20,1.59654,0.975,0.746032,1,0.5,4498,3615
8113,810.005,ga_tcheby_proxy,mesh9,5,6,0,"[5-8-7-6]",3,64,4.82552,0.97,0.750487,3,0.5,4499,3615
8114,810.318,ga_tcheby_proxy,mesh9,4,2,0,"[4-1-2]",2,42,3.21103,0.97,0.753846,2,0.5,4500,3615
8115,810.343,ga_tcheby_proxy,mesh9,4,0,1,"[]",0,0,0,0,0,0,0.5,4500,3616
8116,810.585,ga_tcheby_proxy,mesh9,1,6,0,"[1-4-7-6]",3,62,4.80756,0.97,0.750487,3,0.5,4501,3616
8117,810.873,ga_tcheby_proxy,mesh9,0,7,0,"[0-1-4-7]",3,62,4.80756,0.97,0.750973,3,0.5,4502,3616
8118,810.905,ga_tcheby_proxy,mesh9,6,7,1,"[]",0,0,0,0,0,0,0.5,4502,3617
8119,810.985,ga_tcheby_proxy,mesh9,5,6,0,"[5-4-3-6]",3,64,4.82552,0.97,0.750973,3,0.5,4503,3617
8120,811.269,ga_tcheby_proxy,mesh9,2,8,0,"[2-5-8]",2,40,3.19307,0.975,0.750973,2,0.5,4504,3617
8121,811.548,ga_tcheby_proxy,mesh9,4,8,0,"[4-7-8]",2,42,3.21103,0.97,0.751456,2,0.5,4505,3617
8122,811.714,ga_tcheby_proxy,mesh9,5,1,0,"[5-2-1]",2,42,3.21103,0.97,0.753846,2,0.5,4506,3617
8123,811.734,ga_tcheby_proxy,mesh9,2,7,1,"[]",0,0,0,0,0,0,0.5,4506,3618
8124,811.746,ga_tcheby_proxy,mesh9,6,2,1,"[]",0,0,0,0,0,0,0.5,4506,3619
8125,811.823,ga_tcheby_proxy,mesh9,6,4,0,"[6-3-4]",2,42,3.21103,0.97,0.752418,2,0.5,4507,3619
8126,811.916,ga_tcheby_proxy,mesh9,5,0,0,"[5-4-3-0]",3,64,4.82552,0.97,0.753372,3,0.5,4508,3619
8127,812.011,ga_tcheby_proxy,mesh9,1,0,0,"[1-0]",1,22,1.61449,0.97,0.748031,1,0.5,4509,3619
8128,812.204,ga_tcheby_proxy,mesh9,2,4,0,"[2-1-4]",2,42,3.21103,0.97,0.74902,2,0.5,4510,3619
8129,812.256,ga_tcheby_proxy,mesh9,6,7,1,"[]",0,0,0,0,0,0,0.5,4510,3620
8130,812.472,ga_tcheby_proxy,mesh9,6,2,0,"[6-3-0-1-2]",4,84,6.42205,0.97,0.753846,4,0.5,4511,3620
8131,812.733,ga_tcheby_proxy,mesh9,5,4,0,"[5-4]",1,22,1.61449,0.97,0.744,1,0.5,4512,3620
8132,813.134,ga_tcheby_proxy,mesh9,0,4,0,"[0-3-4]",2,42,3.21103,0.97,0.747535,2,0.5,4513,3620
8133,813.258,ga_tcheby_proxy,mesh9,5,7,0,"[5-8-7]",2,42,3.21103,0.97,0.751456,2,0.5,4514,3620
8134,813.272,ga_tcheby_proxy,mesh9,4,2,1,"[]",0,0,0,0,0,0,0.5,4514,3621
8135,813.776,ga_tcheby_proxy,mesh9,4,5,0,"[4-5]",1,22,1.61449,0.97,0.750973,1,0.5,4515,3621
8136,813.976,ga_tcheby_proxy,mesh9,7,0,0,"[7-6-3-0]",3,62,4.80756,0.97,0.754319,3,0.5,4516,3621
8137,814.172,ga_tcheby_proxy,mesh9,2,5,0,"[2-5]",1,20,1.59654,0.975,0.75,1,0.5,4517,3621
8138,814.196,ga_tcheby_proxy,mesh9,1,6,1,"[]",0,0,0,0,0,0,0.5,4517,3622
8139,814.47,ga_tcheby_proxy,mesh9,7,8,0,"[7-8]",1,22,1.61449,0.97,0.751938,1,0.5,4518,3622
8140,814.512,ga_tcheby_proxy,mesh9,5,0,1,"[]",0,0,0,0,0,0,0.5,4518,3623
8141,814.717,ga_tcheby_proxy,mesh9,0,4,0,"[0-3-4]",2,42,3.21103,0.97,0.748031,2,0.5,4519,3623
8142,814.787,ga_tcheby_proxy,mesh9,8,5,0,"[8-5]",1,20,1.59654,0.975,0.752896,1,0.5,4520,3623
8143,814.918,ga_tcheby_proxy,mesh9,7,8,0,"[7-8]",1,22,1.61449,0.97,0.752418,1,0.5,4521,3623
8144,815.032,ga_tcheby_proxy,mesh9,3,8,0,"[3-4-5-8]",3,64,4.82552,0.97,0.751938,3,0.5,4522,3623
8145,815.311,ga_tcheby_proxy,mesh9,4,1,0,"[4-1]",1,20,1.59654,0.975,0.754319,1,0.5,4523,3623
8146,815.37,ga_tcheby_proxy,mesh9,5,7,1,"[]",0,0,0,0,0,0,0.5,4523,3624
8147,815.373,ga_tcheby_proxy,mesh9,0,8,1,"[]",0,0,0,0,0,0,0.5,4523,3625
8148,815.418,ga_tcheby_proxy,mesh9,8,7,1,"[]",0,0,0,0,0,0,0.5,4523,3626
8149,815.667,ga_tcheby_proxy,mesh9,4,8,0,"[4-5-8]",2,42,3.21103,0.97,0.752418,2,0.5,4524,3626
8150,815.796,ga_tcheby_proxy,mesh9,8,6,0,"[8-7-6]",2,44,3.22898,0.97,0.733888,2,0.5,4525,3626
8151,815.815,ga_tcheby_proxy,mesh9,0,2,1,"[]",0,0,0,0,0,0,0.5,4525,3627
8152,816.076,ga_tcheby_proxy,mesh9,7,8,0,"[7-8]",1,22,1.61449,0.97,0.752896,1,0.5,4526,3627
8153,816.091,ga_tcheby_proxy,mesh9,1,8,1,"[]",0,0,0,0,0,0,0.5,4526,3628
8154,816.436,ga_tcheby_proxy,mesh9,0,8,0,"[0-1-2-5-8]",4,84,6.42205,0.97,0.752896,4,0.5,4527,3628
8155,816.533,ga_tcheby_proxy,mesh9,6,8,0,"[6-7-8]",2,44,3.22898,0.97,0.753372,2,0.5,4528,3628
8156,816.714,ga_tcheby_proxy,mesh9,8,5,0,"[8-5]",1,20,1.59654,0.975,0.753372,1,0.5,4529,3628
8157,816.742,ga_tcheby_proxy,mesh9,3,7,1,"[]",0,0,0,0,0,0,0.5,4529,3629
8158,816.827,ga_tcheby_proxy,mesh9,1,3,0,"[1-0-3]",2,42,3.21103,0.97,0.748527,2,0.5,4530,3629
8159,817.025,ga_tcheby_proxy,mesh9,4,6,0,"[4-3-6]",2,42,3.21103,0.97,0.751456,2,0.5,4531,3629
8160,817.072,ga_tcheby_proxy,mesh9,7,4,1,"[]",0,0,0,0,0,0,0.5,4531,3630
8161,817.429,ga_tcheby_proxy,mesh9,4,0,0,"[4-1-0]",2,42,3.21103,0.97,0.754789,2,0.5,4532,3630
8162,817.484,ga_tcheby_proxy,mesh9,8,2,1,"[]",0,0,0,0,0,0,0.5,4532,3631
8163,817.565,ga_tcheby_proxy,mesh9,8,2,0,"[8-5-2]",2,40,3.19307,0.975,0.754319,2,0.5,4533,3631
8164,817.585,ga_tcheby_proxy,mesh9,2,3,1,"[]",0,0,0,0,0,0,0.5,4533,3632
8165,817.656,ga_tcheby_proxy,mesh9,1,8,0,"[1-2-5-8]",3,62,4.97765,0.915103,0.753372,3,0.5,4534,3632
8166,817.72,ga_tcheby_proxy,mesh9,4,8,0,"[4-1-2-5-8]",4,82,6.82497,0.901668,0.755258,4,0.5,4535,3632
8167,818.007,ga_tcheby_proxy,mesh9,2,3,0,"[2-1-4-3]",3,64,4.82552,0.97,0.749511,3,0.5,4536,3632
8168,818.129,ga_tcheby_proxy,mesh9,6,5,0,"[6-7-4-5]",3,64,4.82552,0.97,0.752896,3,0.5,4537,3632
8169,818.135,ga_tcheby_proxy,mesh9,6,7,1,"[]",0,0,0,0,0,0,0.5,4537,3633
8170,818.38,ga_tcheby_proxy,mesh9,8,3,0,"[8-7-4-3]",3,64,4.82552,0.97,0.753372,3,0.5,4538,3633
8171,818.557,ga_tcheby_proxy,mesh9,3,2,0,"[3-4-5-2]",3,64,4.82552,0.97,0.754789,3,0.5,4539,3633
8172,818.832,ga_tcheby_proxy,mesh9,4,6,0,"[4-7-6]",2,42,3.21103,0.97,0.751938,2,0.5,4540,3633
8173,819.276,ga_tcheby_proxy,mesh9,2,0,0,"[2-1-0]",2,44,3.22898,0.97,0.749511,2,0.5,4541,3633
8174,819.678,ga_tcheby_proxy,mesh9,1,3,0,"[1-0-3]",2,42,3.21103,0.97,0.75,2,0.5,4542,3633
8175,819.787,ga_tcheby_proxy,mesh9,8,0,0,"[8-5-4-3-0]",4,84,6.42205,0.97,0.754789,4,0.5,4543,3633
8176,819.808,ga_tcheby_proxy,mesh9,5,1,1,"[]",0,0,0,0,0,0,0.5,4543,3634
8177,819.887,ga_tcheby_proxy,mesh9,7,6,0,"[7-6]",1,22,1.65448,0.945548,0.730526,1,0.5,4544,3634
8178,819.903,ga_tcheby_proxy,mesh9,0,7,1,"[]",0,0,0,0,0,0,0.5,4544,3635
8179,819.943,ga_tcheby_proxy,mesh9,0,3,1,"[]",0,0,0,0,0,0,0.5,4544,3636
8180,820.251,ga_tcheby_proxy,mesh9,8,4,0,"[8-7-4]",2,42,3.21103,0.97,0.753846,2,0.5,4545,3636
8181,820.423,ga_tcheby_proxy,mesh9,3,5,0,"[3-4-5]",2,44,3.22898,0.97,0.753372,2,0.5,4546,3636
8182,820.568,ga_tcheby_proxy,mesh9,1,6,0,"[1-4-3-6]",3,62,4.80756,0.97,0.751938,3,0.5,4547,3636
8183,820.577,ga_tcheby_proxy,mesh9,3,7,1,"[]",0,0,0,0,0,0,0.5,4547,3637
8184,820.762,ga_tcheby_proxy,mesh9,8,5,0,"[8-5]",1,20,1.59654,0.975,0.754789,1,0.5,4548,3637
8185,820.773,ga_tcheby_proxy,mesh9,1,8,1,"[]",0,0,0,0,0,0,0.5,4548,3638
8186,820.798,ga_tcheby_proxy,mesh9,6,5,1,"[]",0,0,0,0,0,0,0.5,4548,3639
8187,820.88,ga_tcheby_proxy,mesh9,8,4,0,"[8-7-4]",2,42,3.21103,0.97,0.754319,2,0.5,4549,3639
8188,820.884,ga_tcheby_proxy,mesh9,5,6,0,"[5-8-7-6]",3,64,5.13963,0.908249,0.755769,3,0.5,4550,3639
8189,821.05,ga_tcheby_proxy,mesh9,4,7,0,"[4-7]",1,20,1.59654,0.975,0.752418,1,0.5,4551,3639
8190,821.074,ga_tcheby_proxy,mesh9,7,8,1,"[]",0,0,0,0,0,0,0.5,4551,3640
8191,821.186,ga_tcheby_proxy,mesh9,8,0,0,"[8-5-2-1-0]",4,84,6.42205,0.97,0.755258,4,0.5,4552,3640
8192,821.326,ga_tcheby_proxy,mesh9,3,2,0,"[3-0-1-2]",3,64,4.82552,0.97,0.755258,3,0.5,4553,3640
8193,821.462,ga_tcheby_proxy,mesh9,4,6,0,"[4-3-6]",2,42,3.21103,0.97,0.752418,2,0.5,4554,3640
8194,821.486,ga_tcheby_proxy,mesh9,4,8,1,"[]",0,0,0,0,0,0,0.5,4554,3641
8195,821.537,ga_tcheby_proxy,mesh9,0,6,1,"[]",0,0,0,0,0,0,0.5,4554,3642
8196,821.908,ga_tcheby_proxy,mesh9,5,1,0,"[5-2-1]",2,42,3.21103,0.97,0.755725,2,0.5,4555,3642
8197,821.943,ga_tcheby_proxy,mesh9,1,2,1,"[]",0,0,0,0,0,0,0.5,4555,3643
8198,822.268,ga_tcheby_proxy,mesh9,7,0,0,"[7-6-3-0]",3,62,4.80756,0.97,0.755725,3,0.5,4556,3643
8199,822.369,ga_tcheby_proxy,mesh9,4,3,0,"[4-3]",1,22,1.61449,0.97,0.748527,1,0.5,4557,3643
8200,822.435,ga_tcheby_proxy,mesh9,0,5,1,"[]",0,0,0,0,0,0,0.5,4557,3644
8201,822.473,ga_tcheby_proxy,mesh9,2,8,1,"[]",0,0,0,0,0,0,0.5,4557,3645
8202,822.514,ga_tcheby_proxy,mesh9,6,2,1,"[]",0,0,0,0,0,0,0.5,4557,3646
8203,822.539,ga_tcheby_proxy,mesh9,0,4,1,"[]",0,0,0,0,0,0,0.5,4557,3647
8204,822.755,ga_tcheby_proxy,mesh9,0,7,0,"[0-3-4-7]",3,62,4.80756,0.97,0.752896,3,0.5,4558,3647
8205,822.795,ga_tcheby_proxy,mesh9,5,7,1,"[]",0,0,0,0,0,0,0.5,4558,3648
8206,822.822,ga_tcheby_proxy,mesh9,3,6,1,"[]",0,0,0,0,0,0,0.5,4558,3649
8207,823.127,ga_tcheby_proxy,mesh9,8,4,0,"[8-7-4]",2,42,3.21103,0.97,0.754789,2,0.5,4559,3649
8208,823.25,ga_tcheby_proxy,mesh9,6,7,0,"[6-7]",1,22,1.61449,0.97,0.747535,1,0.5,4560,3649
8209,823.274,ga_tcheby_proxy,mesh9,4,8,1,"[]",0,0,0,0,0,0,0.5,4560,3650
8210,823.436,ga_tcheby_proxy,mesh9,7,6,0,"[7-6]",1,22,1.61449,0.97,0.732218,1,0.5,4561,3650
8211,823.454,ga_tcheby_proxy,mesh9,0,4,1,"[]",0,0,0,0,0,0,0.5,4561,3651
8212,823.514,ga_tcheby_proxy,mesh9,1,5,1,"[]",0,0,0,0,0,0,0.5,4561,3652
8213,823.515,ga_tcheby_proxy,mesh9,7,5,1,"[]",0,0,0,0,0,0,0.5,4561,3653
8214,823.533,ga_tcheby_proxy,mesh9,7,5,1,"[]",0,0,0,0,0,0,0.5,4561,3654
8215,823.874,ga_tcheby_proxy,mesh9,4,8,0,"[4-7-8]",2,42,3.21103,0.97,0.753846,2,0.5,4562,3654
8216,823.956,ga_tcheby_proxy,mesh9,1,0,0,"[1-0]",1,22,1.61449,0.97,0.750973,1,0.5,4563,3654
8217,824.469,ga_tcheby_proxy,mesh9,0,7,0,"[0-3-6-7]",3,62,4.80756,0.97,0.752896,3,0.5,4564,3654
8218,824.531,ga_tcheby_proxy,mesh9,0,1,1,"[]",0,0,0,0,0,0,0.5,4564,3655
8219,824.555,ga_tcheby_proxy,mesh9,6,0,1,"[]",0,0,0,0,0,0,0.5,4564,3656
8220,824.716,ga_tcheby_proxy,mesh9,0,3,0,"[0-3]",1,20,1.59654,0.975,0.749511,1,0.5,4565,3656
8221,824.861,ga_tcheby_proxy,mesh9,3,7,0,"[3-6-7]",2,42,3.21103,0.97,0.753372,2,0.5,4566,3656
8222,824.882,ga_tcheby_proxy,mesh9,5,8,1,"[]",0,0,0,0,0,0,0.5,4566,3657
8223,824.994,ga_tcheby_proxy,mesh9,1,5,0,"[1-2-5]",2,42,3.21103,0.97,0.751938,2,0.5,4567,3657
8224,825.172,ga_tcheby_proxy,mesh9,1,5,0,"[1-2-5]",2,42,3.21103,0.97,0.752418,2,0.5,4568,3657
8225,825.41,ga_tcheby_proxy,mesh9,1,3,0,"[1-4-3]",2,42,3.21103,0.97,0.750487,2,0.5,4569,3657
8226,825.415,ga_tcheby_proxy,mesh9,0,4,1,"[]",0,0,0,0,0,0,0.5,4569,3658
8227,825.468,ga_tcheby_proxy,mesh9,8,5,1,"[]",0,0,0,0,0,0,0.5,4569,3659
8228,825.514,ga_tcheby_proxy,mesh9,0,4,1,"[]",0,0,0,0,0,0,0.5,4569,3660
8229,825.765,ga_tcheby_proxy,mesh9,5,8,0,"[5-8]",1,20,1.59654,0.975,0.754789,1,0.5,4570,3660
8230,825.829,ga_tcheby_proxy,mesh9,2,1,1,"[]",0,0,0,0,0,0,0.5,4570,3661
8231,825.862,ga_tcheby_proxy,mesh9,8,3,1,"[]",0,0,0,0,0,0,0.5,4570,3662
8232,825.881,ga_tcheby_proxy,mesh9,6,3,1,"[]",0,0,0,0,0,0,0.5,4570,3663
8233,826.071,ga_tcheby_proxy,mesh9,1,3,0,"[1-4-3]",2,42,3.21103,0.97,0.750973,2,0.5,4571,3663
8234,826.164,ga_tcheby_proxy,mesh9,0,3,0,"[0-3]",1,20,1.59654,0.975,0.75,1,0.5,4572,3663
8235,826.303,ga_tcheby_proxy,mesh9,3,7,0,"[3-4-7]",2,42,3.21103,0.97,0.753846,2,0.5,4573,3663
8236,826.319,ga_tcheby_proxy,mesh9,3,1,1,"[]",0,0,0,0,0,0,0.5,4573,3664
8237,826.582,ga_tcheby_proxy,mesh9,8,2,0,"[8-5-2]",2,40,3.19307,0.975,0.75619,2,0.5,4574,3664
8238,826.943,ga_tcheby_proxy,mesh9,5,1,0,"[5-4-1]",2,42,3.21103,0.97,0.755725,2,0.5,4575,3664
8239,826.999,ga_tcheby_proxy,mesh9,1,2,1,"[]",0,0,0,0,0,0,0.5,4575,3665
8240,827.337,ga_tcheby_proxy,mesh9,7,5,0,"[7-4-5]",2,42,3.21103,0.97,0.755258,2,0.5,4576,3665
8241,827.709,ga_tcheby_proxy,mesh9,7,1,0,"[7-4-1]",2,40,3.19307,0.975,0.75619,2,0.5,4577,3665
8242,827.896,ga_tcheby_proxy,mesh9,2,8,0,"[2-5-8]",2,40,3.19307,0.975,0.755258,2,0.5,4578,3665
8243,827.989,ga_tcheby_proxy,mesh9,0,1,0,"[0-1]",1,22,1.61449,0.97,0.73444,1,0.5,4579,3665
8244,828.038,ga_tcheby_proxy,mesh9,0,5,1,"[]",0,0,0,0,0,0,0.5,4579,3666
8245,828.058,ga_tcheby_proxy,mesh9,4,7,1,"[]",0,0,0,0,0,0,0.5,4579,3667
8246,828.142,ga_tcheby_proxy,mesh9,5,2,0,"[5-2]",1,20,1.59654,0.975,0.756654,1,0.5,4580,3667
8247,828.17,ga_tcheby_proxy,mesh9,6,1,1,"[]",0,0,0,0,0,0,0.5,4580,3668
8248,828.381,ga_tcheby_proxy,mesh9,7,2,0,"[7-4-1-2]",3,62,4.80756,0.97,0.756654,3,0.5,4581,3668
8249,828.607,ga_tcheby_proxy,mesh9,4,8,0,"[4-7-8]",2,42,3.21103,0.97,0.754319,2,0.5,4582,3668
8250,828.666,ga_tcheby_proxy,mesh9,7,5,1,"[]",0,0,0,0,0,0,0.5,4582,3669
8251,828.715,ga_tcheby_proxy,mesh9,2,3,1,"[]",0,0,0,0,0,0,0.5,4582,3670
8252,828.842,ga_tcheby_proxy,mesh9,2,7,0,"[2-1-4-7]",3,62,4.80756,0.97,0.754789,3,0.5,4583,3670
8253,829.349,ga_tcheby_proxy,mesh9,7,3,0,"[7-6-3]",2,42,3.21103,0.97,0.754319,2,0.5,4584,3670
8254,829.397,ga_tcheby_proxy,mesh9,4,0,1,"[]",0,0,0,0,0,0,0.5,4584,3671
8255,829.531,ga_tcheby_proxy,mesh9,4,5,0,"[4-5]",1,22,1.61449,0.97,0.754319,1,0.5,4585,3671
8256,829.588,ga_tcheby_proxy,mesh9,3,0,1,"[]",0,0,0,0,0,0,0.5,4585,3672
8257,829.655,ga_tcheby_proxy,mesh9,7,8,0,"[7-8]",1,22,1.61449,0.97,0.754789,1,0.5,4586,3672
8258,829.825,ga_tcheby_proxy,mesh9,6,1,0,"[6-3-0-1]",3,62,4.80756,0.97,0.75619,3,0.5,4587,3672
8259,829.839,ga_tcheby_proxy,mesh9,8,0,1,"[]",0,0,0,0,0,0,0.5,4587,3673
8260,829.908,ga_tcheby_proxy,mesh9,1,5,0,"[1-4-5]",2,42,3.30601,0.940942,0.754789,2,0.5,4588,3673
8261,829.916,ga_tcheby_proxy,mesh9,6,3,1,"[]",0,0,0,0,0,0,0.5,4588,3674
8262,829.951,ga_tcheby_proxy,mesh9,2,3,1,"[]",0,0,0,0,0,0,0.5,4588,3675
8263,830.229,ga_tcheby_proxy,mesh9,7,2,0,"[7-8-5-2]",3,62,4.80756,0.97,0.757116,3,0.5,4589,3675
8264,830.405,ga_tcheby_proxy,mesh9,4,2,0,"[4-1-2]",2,42,3.21103,0.97,0.757116,2,0.5,4590,3675
8265,830.434,ga_tcheby_proxy,mesh9,3,0,1,"[]",0,0,0,0,0,0,0.5,4590,3676
8266,830.64,ga_tcheby_proxy,mesh9,1,0,0,"[1-0]",1,22,1.61449,0.97,0.751456,1,0.5,4591,3676
8267,830.782,ga_tcheby_proxy,mesh9,5,1,0,"[5-2-1]",2,42,3.21103,0.97,0.757576,2,0.5,4592,3676
8268,830.803,ga_tcheby_proxy,mesh9,3,2,1,"[]",0,0,0,0,0,0,0.5,4592,3677
8269,830.864,ga_tcheby_proxy,mesh9,6,0,1,"[]",0,0,0,0,0,0,0.5,4592,3678
8270,830.887,ga_tcheby_proxy,mesh9,2,7,1,"[]",0,0,0,0,0,0,0.5,4592,3679
8271,830.94,ga_tcheby_proxy,mesh9,2,1,1,"[]",0,0,0,0,0,0,0.5,4592,3680
8272,830.958,ga_tcheby_proxy,mesh9,6,7,1,"[]",0,0,0,0,0,0,0.5,4592,3681
8273,831.338,ga_tcheby_proxy,mesh9,0,6,0,"[0-3-6]",2,40,3.19307,0.975,0.753846,2,0.5,4593,3681
8274,831.358,ga_tcheby_proxy,mesh9,0,1,1,"[]",0,0,0,0,0,0,0.5,4593,3682
8275,831.385,ga_tcheby_proxy,mesh9,6,3,1,"[]",0,0,0,0,0,0,0.5,4593,3683
8276,831.54,ga_tcheby_proxy,mesh9,8,3,0,"[8-7-6-3]",3,64,4.82552,0.97,0.755258,3,0.5,4594,3683
8277,831.594,ga_tcheby_proxy,mesh9,8,2,1,"[]",0,0,0,0,0,0,0.5,4594,3684
8278,831.615,ga_tcheby_proxy,mesh9,2,6,1,"[]",0,0,0,0,0,0,0.5,4594,3685
8279,831.64,ga_tcheby_proxy,mesh9,3,8,1,"[]",0,0,0,0,0,0,0.5,4594,3686
8280,831.654,ga_tcheby_proxy,mesh9,1,4,1,"[]",0,0,0,0,0,0,0.5,4594,3687
8281,831.688,ga_tcheby_proxy,mesh9,2,7,1,"[]",0,0,0,0,0,0,0.5,4594,3688
8282,831.76,ga_tcheby_proxy,mesh9,1,0,0,"[1-0]",1,22,1.63352,0.95821,0.751938,1,0.5,4595,3688
8283,831.867,ga_tcheby_proxy,mesh9,5,2,0,"[5-2]",1,20,1.59654,0.975,0.758034,1,0.5,4596,3688
8284,832.061,ga_tcheby_proxy,mesh9,8,5,0,"[8-5]",1,20,1.59654,0.975,0.756654,1,0.5,4597,3688
8285,832.177,ga_tcheby_proxy,mesh9,2,6,0,"[2-1-4-3-6]",4,84,6.42205,0.97,0.754319,4,0.5,4598,3688
8286,832.207,ga_tcheby_proxy,mesh9,5,2,1,"[]",0,0,0,0,0,0,0.5,4598,3689
8287,832.236,ga_tcheby_proxy,mesh9,8,0,1,"[]",0,0,0,0,0,0,0.5,4598,3690
8288,832.345,ga_tcheby_proxy,mesh9,8,1,0,"[8-5-4-1]",3,62,4.80756,0.97,0.757576,3,0.5,4599,3690
8289,832.365,ga_tcheby_proxy,mesh9,2,1,1,"[]",0,0,0,0,0,0,0.5,4599,3691
8290,832.43,ga_tcheby_proxy,mesh9,1,8,0,"[1-4-7-8]",3,62,4.83584,0.952582,0.755725,3,0.5,4600,3691
8291,832.837,ga_tcheby_proxy,mesh9,3,4,0,"[3-4]",1,22,1.61449,0.97,0.750973,1,0.5,4601,3691
8292,833.308,ga_tcheby_proxy,mesh9,7,4,0,"[7-4]",1,20,1.59654,0.975,0.756654,1,0.5,4602,3691
8293,833.412,ga_tcheby_proxy,mesh9,8,2,0,"[8-5-2]",2,40,3.19307,0.975,0.758491,2,0.5,4603,3691
8294,833.483,ga_tcheby_proxy,mesh9,7,3,0,"[7-6-3]",2,42,3.23763,0.953593,0.755725,2,0.5,4604,3691
8295,833.492,ga_tcheby_proxy,mesh9,4,8,1,"[]",0,0,0,0,0,0,0.5,4604,3692
8296,833.514,ga_tcheby_proxy,mesh9,2,1,1,"[]",0,0,0,0,0,0,0.5,4604,3693
8297,833.565,ga_tcheby_proxy,mesh9,5,8,1,"[]",0,0,0,0,0,0,0.5,4604,3694
8298,833.694,ga_tcheby_proxy,mesh9,5,8,0,"[5-8]",1,20,1.59654,0.975,0.755725,1,0.5,4605,3694
8299,833.697,ga_tcheby_proxy,mesh9,4,7,0,"[4-7]",1,20,1.68112,0.924332,0.761538,1,0.5,4606,3694
8300,833.981,ga_tcheby_proxy,mesh9,6,8,0,"[6-7-8]",2,44,3.22898,0.97,0.75619,2,0.5,4607,3694
8301,834.276,ga_tcheby_proxy,mesh9,3,2,0,"[3-0-1-2]",3,64,4.82552,0.97,0.756654,3,0.5,4608,3694
8302,834.325,ga_tcheby_proxy,mesh9,6,1,1,"[]",0,0,0,0,0,0,0.5,4608,3695
8303,834.398,ga_tcheby_proxy,mesh9,0,1,0,"[0-1]",1,22,1.61449,0.97,0.736082,1,0.5,4609,3695
8304,834.531,ga_tcheby_proxy,mesh9,1,2,0,"[1-2]",1,22,1.61449,0.97,0.750973,1,0.5,4610,3695
8305,834.675,ga_tcheby_proxy,mesh9,0,1,0,"[0-1]",1,22,1.61449,0.97,0.736626,1,0.5,4611,3695
8306,834.744,ga_tcheby_proxy,mesh9,4,6,0,"[4-3-6]",2,42,3.26458,0.937533,0.754789,2,0.5,4612,3695
8307,834.805,ga_tcheby_proxy,mesh9,2,8,0,"[2-5-8]",2,40,3.27665,0.943895,0.75619,2,0.5,4613,3695
8308,834.877,ga_tcheby_proxy,mesh9,0,5,0,"[0-1-4-5]",3,64,4.82552,0.97,0.755258,3,0.5,4614,3695
8309,834.918,ga_tcheby_proxy,mesh9,1,2,1,"[]",0,0,0,0,0,0,0.5,4614,3696
8310,834.945,ga_tcheby_proxy,mesh9,5,3,1,"[]",0,0,0,0,0,0,0.5,4614,3697
8311,834.981,ga_tcheby_proxy,mesh9,8,7,1,"[]",0,0,0,0,0,0,0.5,4614,3698
8312,835.25,ga_tcheby_proxy,mesh9,0,1,0,"[0-1]",1,22,1.61449,0.97,0.737705,1,0.5,4615,3698
8313,835.296,ga_tcheby_proxy,mesh9,8,6,1,"[]",0,0,0,0,0,0,0.5,4615,3699
8314,835.388,ga_tcheby_proxy,mesh9,0,3,0,"[0-3]",1,20,1.59654,0.975,0.750973,1,0.5,4616,3699
8315,835.539,ga_tcheby_proxy,mesh9,1,3,0,"[1-0-3]",2,42,3.21103,0.97,0.752418,2,0.5,4617,3699
8316,835.649,ga_tcheby_proxy,mesh9,7,2,0,"[7-4-1-2]",3,62,4.80756,0.97,0.758034,3,0.5,4618,3699
8317,835.732,ga_tcheby_proxy,mesh9,3,5,0,"[3-4-5]",2,44,3.22898,0.97,0.755725,2,0.5,4619,3699
8318,836.032,ga_tcheby_proxy,mesh9,3,0,0,"[3-0]",1,20,1.59654,0.975,0.757116,1,0.5,4620,3699
8319,836.145,ga_tcheby_proxy,mesh9,5,3,0,"[5-4-3]",2,44,3.22898,0.97,0.750973,2,0.5,4621,3699
8320,836.285,ga_tcheby_proxy,mesh9,3,8,0,"[3-6-7-8]",3,64,4.82552,0.97,0.756654,3,0.5,4622,3699
8321,836.348,ga_tcheby_proxy,mesh9,0,5,1,"[]",0,0,0,0,0,0,0.5,4622,3700
8322,836.38,ga_tcheby_proxy,mesh9,0,2,1,"[]",0,0,0,0,0,0,0.5,4622,3701
8323,836.386,ga_tcheby_proxy,mesh9,4,3,1,"[]",0,0,0,0,0,0,0.5,4622,3702
8324,836.417,ga_tcheby_proxy,mesh9,5,8,1,"[]",0,0,0,0,0,0,0.5,4622,3703
8325,836.426,ga_tcheby_proxy,mesh9,4,6,1,"[]",0,0,0,0,0,0,0.5,4622,3704
8326,836.646,ga_tcheby_proxy,mesh9,1,8,0,"[1-2-5-8]",3,62,4.80756,0.97,0.756654,3,0.5,4623,3704
8327,836.727,ga_tcheby_proxy,mesh9,2,4,0,"[2-5-4]",2,42,3.22982,0.958351,0.754319,2,0.5,4624,3704
8328,836.777,ga_tcheby_proxy,mesh9,1,2,1,"[]",0,0,0,0,0,0,0.5,4624,3705
8329,836.783,ga_tcheby_proxy,mesh9,2,1,1,"[]",0,0,0,0,0,0,0.5,4624,3706
8330,837.273,ga_tcheby_proxy,mesh9,7,5,0,"[7-4-5]",2,42,3.21103,0.97,0.757576,2,0.5,4625,3706
8331,837.407,ga_tcheby_proxy,mesh9,2,3,0,"[2-1-0-3]",3,64,4.82552,0.97,0.752896,3,0.5,4626,3706
8332,837.628,ga_tcheby_proxy,mesh9,7,6,0,"[7-6]",1,22,1.61449,0.97,0.73444,1,0.5,4627,3706
8333,837.842,ga_tcheby_proxy,mesh9,4,0,0,"[4-3-0]",2,42,3.21103,0.97,0.757576,2,0.5,4628,3706
8334,837.937,ga_tcheby_proxy,mesh9,7,4,0,"[7-4]",1,20,1.59654,0.975,0.758034,1,0.5,4629,3706
8335,837.985,ga_tcheby_proxy,mesh9,6,0,1,"[]",0,0,0,0,0,0,0.5,4629,3707
8336,837.997,ga_tcheby_proxy,mesh9,2,7,1,"[]",0,0,0,0,0,0,0.5,4629,3708
8337,838.021,ga_tcheby_proxy,mesh9,2,5,1,"[]",0,0,0,0,0,0,0.5,4629,3709
8338,838.117,ga_tcheby_proxy,mesh9,2,0,0,"[2-1-0]",2,44,3.22898,0.97,0.753372,2,0.5,4630,3709
8339,838.141,ga_tcheby_proxy,mesh9,6,1,1,"[]",0,0,0,0,0,0,0.5,4630,3710
8340,838.296,ga_tcheby_proxy,mesh9,2,5,0,"[2-5]",1,20,1.59654,0.975,0.754789,1,0.5,4631,3710
8341,838.358,ga_tcheby_proxy,mesh9,4,6,0,"[4-3-6]",2,42,3.29716,0.91882,0.755725,2,0.5,4632,3710
8342,838.418,ga_tcheby_proxy,mesh9,7,5,1,"[]",0,0,0,0,0,0,0.5,4632,3711
8343,838.437,ga_tcheby_proxy,mesh9,6,4,1,"[]",0,0,0,0,0,0,0.5,4632,3712
8344,838.597,ga_tcheby_proxy,mesh9,0,5,0,"[0-1-2-5]",3,64,4.82552,0.97,0.755258,3,0.5,4633,3712
8345,838.645,ga_tcheby_proxy,mesh9,2,3,1,"[]",0,0,0,0,0,0,0.5,4633,3713
8346,838.671,ga_tcheby_proxy,mesh9,3,2,1,"[]",0,0,0,0,0,0,0.5,4633,3714
8347,838.674,ga_tcheby_proxy,mesh9,3,4,1,"[]",0,0,0,0,0,0,0.5,4633,3715
8348,838.785,ga_tcheby_proxy,mesh9,5,4,0,"[5-4]",1,22,1.61449,0.97,0.747036,1,0.5,4634,3715
8349,838.844,ga_tcheby_proxy,mesh9,5,3,1,"[]",0,0,0,0,0,0,0.5,4634,3716
8350,838.885,ga_tcheby_proxy,mesh9,3,1,1,"[]",0,0,0,0,0,0,0.5,4634,3717
8351,838.901,ga_tcheby_proxy,mesh9,4,1,1,"[]",0,0,0,0,0,0,0.5,4634,3718
8352,839.098,ga_tcheby_proxy,mesh9,4,3,0,"[4-3]",1,22,1.61449,0.97,0.752418,1,0.5,4635,3718
8353,839.239,ga_tcheby_proxy,mesh9,1,2,0,"[1-2]",1,22,1.61449,0.97,0.752896,1,0.5,4636,3718
8354,839.351,ga_tcheby_proxy,mesh9,8,2,0,"[8-5-2]",2,40,3.19307,0.975,0.758945,2,0.5,4637,3718
8355,839.352,ga_tcheby_proxy,mesh9,7,3,0,"[7-6-3]",2,42,3.28442,0.947764,0.759082,2,0.5,4638,3718
8356,839.539,ga_tcheby_proxy,mesh9,8,4,0,"[8-5-4]",2,42,3.21103,0.97,0.758491,2,0.5,4639,3718
8357,839.591,ga_tcheby_proxy,mesh9,5,1,1,"[]",0,0,0,0,0,0,0.5,4639,3719
8358,839.672,ga_tcheby_proxy,mesh9,8,0,0,"[8-7-6-3-0]",4,84,6.42205,0.97,0.758034,4,0.5,4640,3719
8359,839.771,ga_tcheby_proxy,mesh9,2,7,0,"[2-1-4-7]",3,62,4.80756,0.97,0.75619,3,0.5,4641,3719
8360,839.796,ga_tcheby_proxy,mesh9,0,4,1,"[]",0,0,0,0,0,0,0.5,4641,3720
8361,839.975,ga_tcheby_proxy,mesh9,8,0,0,"[8-7-4-1-0]",4,84,6.42205,0.97,0.758491,4,0.5,4642,3720
8362,840.164,ga_tcheby_proxy,mesh9,3,1,0,"[3-0-1]",2,42,3.21103,0.97,0.758491,2,0.5,4643,3720
8363,840.409,ga_tcheby_proxy,mesh9,5,3,0,"[5-4-3]",2,44,3.22898,0.97,0.752896,2,0.5,4644,3720
8364,840.472,ga_tcheby_proxy,mesh9,2,8,1,"[]",0,0,0,0,0,0,0.5,4644,3721
8365,840.496,ga_tcheby_proxy,mesh9,2,5,1,"[]",0,0,0,0,0,0,0.5,4644,3722
8366,840.593,ga_tcheby_proxy,mesh9,3,1,0,"[3-0-1]",2,42,3.21103,0.97,0.758945,2,0.5,4645,3722
8367,840.666,ga_tcheby_proxy,mesh9,8,0,0,"[8-5-2-1-0]",4,84,6.42205,0.97,0.759398,4,0.5,4646,3722
8368,840.707,ga_tcheby_proxy,mesh9,4,2,1,"[]",0,0,0,0,0,0,0.5,4646,3723
8369,840.716,ga_tcheby_proxy,mesh9,8,1,1,"[]",0,0,0,0,0,0,0.5,4646,3724
8370,840.876,ga_tcheby_proxy,mesh9,8,2,0,"[8-5-2]",2,40,3.19307,0.975,0.75985,2,0.5,4647,3724
8371,840.983,ga_tcheby_proxy,mesh9,7,8,0,"[7-8]",1,22,1.61449,0.97,0.757116,1,0.5,4648,3724
8372,840.997,ga_tcheby_proxy,mesh9,7,3,1,"[]",0,0,0,0,0,0,0.5,4648,3725
8373,841.11,ga_tcheby_proxy,mesh9,3,1,0,"[3-4-1]",2,42,3.21103,0.97,0.758945,2,0.5,4649,3725
8374,841.14,ga_tcheby_proxy,mesh9,1,2,1,"[]",0,0,0,0,0,0,0.5,4649,3726
8375,841.496,ga_tcheby_proxy,mesh9,5,2,0,"[5-2]",1,20,1.59654,0.975,0.7603,1,0.5,4650,3726
8376,841.662,ga_tcheby_proxy,mesh9,4,0,0,"[4-1-0]",2,42,3.21103,0.97,0.759398,2,0.5,4651,3726
8377,841.715,ga_tcheby_proxy,mesh9,7,8,1,"[]",0,0,0,0,0,0,0.5,4651,3727
8378,841.94,ga_tcheby_proxy,mesh9,1,5,0,"[1-2-5]",2,42,3.21103,0.97,0.755725,2,0.5,4652,3727
8379,841.951,ga_tcheby_proxy,mesh9,3,0,1,"[]",0,0,0,0,0,0,0.5,4652,3728
8380,841.952,ga_tcheby_proxy,mesh9,6,8,1,"[]",0,0,0,0,0,0,0.5,4652,3729
8381,842.004,ga_tcheby_proxy,mesh9,2,3,1,"[]",0,0,0,0,0,0,0.5,4652,3730
8382,842.114,ga_tcheby_proxy,mesh9,2,1,0,"[2-1]",1,22,1.61449,0.97,0.754319,1,0.5,4653,3730
8383,842.119,ga_tcheby_proxy,mesh9,1,4,0,"[1-4]",1,20,1.72109,0.901977,0.754319,1,0.5,4654,3730
8384,842.136,ga_tcheby_proxy,mesh9,8,5,1,"[]",0,0,0,0,0,0,0.5,4654,3731
8385,842.201,ga_tcheby_proxy,mesh9,8,5,1,"[]",0,0,0,0,0,0,0.5,4654,3732
8386,842.235,ga_tcheby_proxy,mesh9,5,1,1,"[]",0,0,0,0,0,0,0.5,4654,3733
8387,842.373,ga_tcheby_proxy,mesh9,3,2,0,"[3-0-1-2]",3,64,4.82552,0.97,0.759398,3,0.5,4655,3733
8388,842.387,ga_tcheby_proxy,mesh9,7,1,1,"[]",0,0,0,0,0,0,0.5,4655,3734
8389,842.407,ga_tcheby_proxy,mesh9,5,4,1,"[]",0,0,0,0,0,0,0.5,4655,3735
8390,842.472,ga_tcheby_proxy,mesh9,8,5,0,"[8-5]",1,20,1.59654,0.975,0.75985,1,0.5,4656,3735
8391,842.621,ga_tcheby_proxy,mesh9,2,1,0,"[2-1]",1,22,1.61449,0.97,0.754789,1,0.5,4657,3735
8392,842.889,ga_tcheby_proxy,mesh9,2,1,0,"[2-1]",1,22,1.61449,0.97,0.755258,1,0.5,4658,3735
8393,842.905,ga_tcheby_proxy,mesh9,7,1,1,"[]",0,0,0,0,0,0,0.5,4658,3736
8394,843.033,ga_tcheby_proxy,mesh9,0,7,0,"[0-3-6-7]",3,62,4.80756,0.97,0.75619,3,0.5,4659,3736
8395,843.246,ga_tcheby_proxy,mesh9,5,4,0,"[5-4]",1,22,1.61449,0.97,0.748527,1,0.5,4660,3736
8396,843.269,ga_tcheby_proxy,mesh9,1,7,1,"[]",0,0,0,0,0,0,0.5,4660,3737
8397,843.378,ga_tcheby_proxy,mesh9,1,8,0,"[1-2-5-8]",3,62,4.80756,0.97,0.757116,3,0.5,4661,3737
8398,843.422,ga_tcheby_proxy,mesh9,4,1,1,"[]",0,0,0,0,0,0,0.5,4661,3738
8399,843.447,ga_tcheby_proxy,mesh9,7,1,1,"[]",0,0,0,0,0,0,0.5,4661,3739
8400,843.838,ga_tcheby_proxy,mesh9,5,1,0,"[5-4-1]",2,42,3.21103,0.97,0.75985,2,0.5,4662,3739
8401,843.902,ga_tcheby_proxy,mesh9,3,2,0,"[3-4-1-2]",3,64,4.99041,0.91267,0.7603,3,0.5,4663,3739
8402,844.029,ga_tcheby_proxy,mesh9,8,2,0,"[8-5-2]",2,40,3.19307,0.975,0.760748,2,0.5,4664,3739
8403,844.251,ga_tcheby_proxy,mesh9,5,0,0,"[5-4-3-0]",3,64,4.82552,0.97,0.75985,3,0.5,4665,3739
8404,844.288,ga_tcheby_proxy,mesh9,2,0,1,"[]",0,0,0,0,0,0,0.5,4665,3740
8405,844.361,ga_tcheby_proxy,mesh9,3,7,1,"[]",0,0,0,0,0,0,0.5,4665,3741
8406,844.567,ga_tcheby_proxy,mesh9,3,4,0,"[3-4]",1,22,1.61449,0.97,0.752896,1,0.5,4666,3741
8407,844.611,ga_tcheby_proxy,mesh9,0,1,1,"[]",0,0,0,0,0,0,0.5,4666,3742
8408,844.692,ga_tcheby_proxy,mesh9,0,4,0,"[0-3-4]",2,42,3.21103,0.97,0.753372,2,0.5,4667,3742
8409,844.828,ga_tcheby_proxy,mesh9,4,3,0,"[4-3]",1,22,1.61449,0.97,0.753846,1,0.5,4668,3742
8410,845.009,ga_tcheby_proxy,mesh9,4,6,0,"[4-7-6]",2,42,3.21103,0.97,0.756654,2,0.5,4669,3742
8411,845.014,ga_tcheby_proxy,mesh9,1,6,1,"[]",0,0,0,0,0,0,0.5,4669,3743
8412,845.2,ga_tcheby_proxy,mesh9,8,3,0,"[8-7-6-3]",3,64,4.82552,0.97,0.757116,3,0.5,4670,3743
8413,845.259,ga_tcheby_proxy,mesh9,6,0,1,"[]",0,0,0,0,0,0,0.5,4670,3744
8414,845.269,ga_tcheby_proxy,mesh9,4,1,1,"[]",0,0,0,0,0,0,0.5,4670,3745
8415,845.509,ga_tcheby_proxy,mesh9,1,0,0,"[1-0]",1,22,1.61449,0.97,0.755258,1,0.5,4671,3745
8416,845.641,ga_tcheby_proxy,mesh9,2,1,0,"[2-1]",1,22,1.61449,0.97,0.755725,1,0.5,4672,3745
8417,846.028,ga_tcheby_proxy,mesh9,4,3,0,"[4-3]",1,22,1.61449,0.97,0.754319,1,0.5,4673,3745
8418,846.229,ga_tcheby_proxy,mesh9,4,6,0,"[4-3-6]",2,42,3.21103,0.97,0.756654,2,0.5,4674,3745
8419,846.509,ga_tcheby_proxy,mesh9,6,5,0,"[6-3-4-5]",3,64,4.82552,0.97,0.757576,3,0.5,4675,3745
8420,846.594,ga_tcheby_proxy,mesh9,0,6,0,"[0-3-6]",2,40,3.19307,0.975,0.757116,2,0.5,4676,3745
8421,846.602,ga_tcheby_proxy,mesh9,7,8,1,"[]",0,0,0,0,0,0,0.5,4676,3746
8422,846.674,ga_tcheby_proxy,mesh9,1,0,0,"[1-0]",1,22,1.61449,0.97,0.755725,1,0.5,4677,3746
8423,846.744,ga_tcheby_proxy,mesh9,2,8,0,"[2-5-8]",2,40,3.19307,0.975,0.757576,2,0.5,4678,3746
8424,846.812,ga_tcheby_proxy,mesh9,0,5,0,"[0-1-4-5]",3,64,4.93315,0.942493,0.757116,3,0.5,4679,3746
8425,846.849,ga_tcheby_proxy,mesh9,3,8,1,"[]",0,0,0,0,0,0,0.5,4679,3747
8426,846.947,ga_tcheby_proxy,mesh9,6,0,0,"[6-3-0]",2,40,3.19307,0.975,0.7603,2,0.5,4680,3747
8427,847.049,ga_tcheby_proxy,mesh9,4,8,0,"[4-7-8]",2,42,3.21103,0.97,0.757576,2,0.5,4681,3747
8428,847.309,ga_tcheby_proxy,mesh9,5,3,0,"[5-4-3]",2,44,3.22898,0.97,0.755258,2,0.5,4682,3747
8429,847.316,ga_tcheby_proxy,mesh9,6,8,1,"[]",0,0,0,0,0,0,0.5,4682,3748
8430,847.442,ga_tcheby_proxy,mesh9,2,3,0,"[2-1-0-3]",3,64,4.82552,0.97,0.75619,3,0.5,4683,3748
8431,847.53,ga_tcheby_proxy,mesh9,1,5,0,"[1-2-5]",2,42,3.21103,0.97,0.757116,2,0.5,4684,3748
8432,847.623,ga_tcheby_proxy,mesh9,1,7,0,"[1-4-7]",2,40,3.19307,0.975,0.757576,2,0.5,4685,3748
8433,847.704,ga_tcheby_proxy,mesh9,8,4,0,"[8-7-4]",2,42,3.21103,0.97,0.758945,2,0.5,4686,3748
8434,847.744,ga_tcheby_proxy,mesh9,4,8,1,"[]",0,0,0,0,0,0,0.5,4686,3749
8435,847.833,ga_tcheby_proxy,mesh9,0,8,0,"[0-1-4-7-8]",4,84,6.42205,0.97,0.758034,4,0.5,4687,3749
8436,847.855,ga_tcheby_proxy,mesh9,2,6,1,"[]",0,0,0,0,0,0,0.5,4687,3750
8437,847.875,ga_tcheby_proxy,mesh9,5,8,1,"[]",0,0,0,0,0,0,0.5,4687,3751
8438,847.952,ga_tcheby_proxy,mesh9,3,6,0,"[3-6]",1,20,1.59654,0.975,0.757576,1,0.5,4688,3751
8439,847.982,ga_tcheby_proxy,mesh9,0,8,1,"[]",0,0,0,0,0,0,0.5,4688,3752
8440,848.123,ga_tcheby_proxy,mesh9,4,8,0,"[4-5-8]",2,42,3.21103,0.97,0.758034,2,0.5,4689,3752
8441,848.169,ga_tcheby_proxy,mesh9,2,5,1,"[]",0,0,0,0,0,0,0.5,4689,3753
8442,848.221,ga_tcheby_proxy,mesh9,0,6,1,"[]",0,0,0,0,0,0,0.5,4689,3754
8443,848.254,ga_tcheby_proxy,mesh9,2,0,1,"[]",0,0,0,0,0,0,0.5,4689,3755
8444,848.542,ga_tcheby_proxy,mesh9,3,5,0,"[3-4-5]",2,44,3.22898,0.97,0.758034,2,0.5,4690,3755
8445,848.568,ga_tcheby_proxy,mesh9,7,8,1,"[]",0,0,0,0,0,0,0.5,4690,3756
8446,848.572,ga_tcheby_proxy,mesh9,0,6,1,"[]",0,0,0,0,0,0,0.5,4690,3757
8447,848.61,ga_tcheby_proxy,mesh9,4,2,1,"[]",0,0,0,0,0,0,0.5,4690,3758
8448,848.64,ga_tcheby_proxy,mesh9,2,3,1,"[]",0,0,0,0,0,0,0.5,4690,3759
8449,848.64,ga_tcheby_proxy,mesh9,2,8,1,"[]",0,0,0,0,0,0,0.5,4690,3760
8450,848.65,ga_tcheby_proxy,mesh9,0,5,1,"[]",0,0,0,0,0,0,0.5,4690,3761
8451,848.782,ga_tcheby_proxy,mesh9,7,5,0,"[7-4-5]",2,42,3.21103,0.97,0.759398,2,0.5,4691,3761
8452,848.809,ga_tcheby_proxy,mesh9,0,8,1,"[]",0,0,0,0,0,0,0.5,4691,3762
8453,848.901,ga_tcheby_proxy,mesh9,0,6,0,"[0-3-6]",2,40,3.19307,0.975,0.758034,2,0.5,4692,3762
8454,849.04,ga_tcheby_proxy,mesh9,2,0,0,"[2-1-0]",2,44,3.22898,0.97,0.756654,2,0.5,4693,3762
8455,849.283,ga_tcheby_proxy,mesh9,2,4,0,"[2-1-4]",2,42,3.21103,0.97,0.757116,2,0.5,4694,3762
8456,849.367,ga_tcheby_proxy,mesh9,6,8,0,"[6-7-8]",2,44,3.22898,0.97,0.758491,2,0.5,4695,3762
8457,849.458,ga_tcheby_proxy,mesh9,8,1,0,"[8-5-4-1]",3,62,4.80756,0.97,0.760748,3,0.5,4696,3762
8458,849.469,ga_tcheby_proxy,mesh9,6,2,1,"[]",0,0,0,0,0,0,0.5,4696,3763
8459,849.601,ga_tcheby_proxy,mesh9,3,6,0,"[3-6]",1,20,1.59654,0.975,0.758491,1,0.5,4697,3763
8460,849.631,ga_tcheby_proxy,mesh9,8,6,1,"[]",0,0,0,0,0,0,0.5,4697,3764
8461,849.657,ga_tcheby_proxy,mesh9,8,4,1,"[]",0,0,0,0,0,0,0.5,4697,3765
8462,849.667,ga_tcheby_proxy,mesh9,7,0,1,"[]",0,0,0,0,0,0,0.5,4697,3766
8463,849.777,ga_tcheby_proxy,mesh9,7,4,0,"[7-4]",1,20,1.59654,0.975,0.75985,1,0.5,4698,3766
8464,849.779,ga_tcheby_proxy,mesh9,3,5,0,"[3-4-5]",2,44,3.34057,0.935969,0.760377,2,0.5,4699,3766
8465,849.863,ga_tcheby_proxy,mesh9,6,7,0,"[6-7]",1,22,1.61449,0.97,0.750973,1,0.5,4700,3766
8466,849.865,ga_tcheby_proxy,mesh9,5,6,0,"[5-4-3-6]",3,64,4.96082,0.942213,0.758945,3,0.5,4701,3766
8467,849.946,ga_tcheby_proxy,mesh9,6,7,0,"[6-7]",1,22,1.61449,0.97,0.751456,1,0.5,4702,3766
8468,850.24,ga_tcheby_proxy,mesh9,1,8,0,"[1-2-5-8]",3,62,4.80756,0.97,0.758491,3,0.5,4703,3766
8469,850.371,ga_tcheby_proxy,mesh9,8,3,0,"[8-7-6-3]",3,64,4.82552,0.97,0.758491,3,0.5,4704,3766
8470,850.452,ga_tcheby_proxy,mesh9,8,1,0,"[8-5-2-1]",3,62,4.80756,0.97,0.761194,3,0.5,4705,3766
8471,850.698,ga_tcheby_proxy,mesh9,2,7,0,"[2-5-4-7]",3,62,4.80756,0.97,0.758491,3,0.5,4706,3766
8472,850.966,ga_tcheby_proxy,mesh9,6,4,0,"[6-3-4]",2,42,3.21103,0.97,0.758945,2,0.5,4707,3766
8473,850.968,ga_tcheby_proxy,mesh9,4,1,0,"[4-1]",1,20,1.67406,0.928227,0.761194,1,0.5,4708,3766
8474,851.563,ga_tcheby_proxy,mesh9,7,8,0,"[7-8]",1,22,1.61449,0.97,0.758945,1,0.5,4709,3766
8475,851.602,ga_tcheby_proxy,mesh9,4,1,1,"[]",0,0,0,0,0,0,0.5,4709,3767
8476,851.718,ga_tcheby_proxy,mesh9,3,8,0,"[3-4-7-8]",3,64,4.82552,0.97,0.759398,3,0.5,4710,3767
8477,851.753,ga_tcheby_proxy,mesh9,7,8,1,"[]",0,0,0,0,0,0,0.5,4710,3768
8478,851.808,ga_tcheby_proxy,mesh9,4,2,1,"[]",0,0,0,0,0,0,0.5,4710,3769
8479,851.844,ga_tcheby_proxy,mesh9,8,1,1,"[]",0,0,0,0,0,0,0.5,4710,3770
8480,851.85,ga_tcheby_proxy,mesh9,1,7,1,"[]",0,0,0,0,0,0,0.5,4710,3771
8481,851.85,ga_tcheby_proxy,mesh9,3,7,1,"[]",0,0,0,0,0,0,0.5,4710,3772
8482,851.957,ga_tcheby_proxy,mesh9,5,4,0,"[5-4]",1,22,1.61449,0.97,0.751938,1,0.5,4711,3772
8483,852.156,ga_tcheby_proxy,mesh9,4,1,0,"[4-1]",1,20,1.59654,0.975,0.761639,1,0.5,4712,3772
8484,852.178,ga_tcheby_proxy,mesh9,0,1,1,"[]",0,0,0,0,0,0,0.5,4712,3773
8485,852.229,ga_tcheby_proxy,mesh9,1,5,1,"[]",0,0,0,0,0,0,0.5,4712,3774
8486,852.284,ga_tcheby_proxy,mesh9,0,5,1,"[]",0,0,0,0,0,0,0.5,4712,3775
8487,852.456,ga_tcheby_proxy,mesh9,5,0,0,"[5-4-3-0]",3,64,4.82552,0.97,0.760748,3,0.5,4713,3775
8488,852.494,ga_tcheby_proxy,mesh9,1,8,1,"[]",0,0,0,0,0,0,0.5,4713,3776
8489,852.548,ga_tcheby_proxy,mesh9,4,6,1,"[]",0,0,0,0,0,0,0.5,4713,3777
8490,852.681,ga_tcheby_proxy,mesh9,1,6,0,"[1-0-3-6]",3,62,4.80756,0.97,0.759398,3,0.5,4714,3777
8491,852.698,ga_tcheby_proxy,mesh9,6,4,1,"[]",0,0,0,0,0,0,0.5,4714,3778
8492,853.062,ga_tcheby_proxy,mesh9,4,3,0,"[4-3]",1,22,1.61449,0.97,0.756654,1,0.5,4715,3778
8493,853.195,ga_tcheby_proxy,mesh9,7,4,0,"[7-4]",1,20,1.59654,0.975,0.7603,1,0.5,4716,3778
8494,853.51,ga_tcheby_proxy,mesh9,3,8,0,"[3-4-5-8]",3,64,4.82552,0.97,0.759398,3,0.5,4717,3778
8495,853.524,ga_tcheby_proxy,mesh9,3,5,1,"[]",0,0,0,0,0,0,0.5,4717,3779
8496,853.597,ga_tcheby_proxy,mesh9,2,6,0,"[2-5-4-3-6]",4,84,6.42205,0.97,0.75985,4,0.5,4718,3779
8497,853.692,ga_tcheby_proxy,mesh9,1,7,0,"[1-4-7]",2,40,3.19307,0.975,0.759398,2,0.5,4719,3779
8498,853.828,ga_tcheby_proxy,mesh9,5,1,0,"[5-2-1]",2,42,3.21103,0.97,0.761639,2,0.5,4720,3779
8499,853.833,ga_tcheby_proxy,mesh9,5,2,1,"[]",0,0,0,0,0,0,0.5,4720,3780
8500,853.886,ga_tcheby_proxy,mesh9,3,2,1,"[]",0,0,0,0,0,0,0.5,4720,3781
8501,853.945,ga_tcheby_proxy,mesh9,2,4,0,"[2-5-4]",2,42,3.29224,0.926112,0.758945,2,0.5,4721,3781
8502,854.066,ga_tcheby_proxy,mesh9,1,6,0,"[1-4-7-6]",3,62,4.80756,0.97,0.75985,3,0.5,4722,3781
8503,854.113,ga_tcheby_proxy,mesh9,4,0,1,"[]",0,0,0,0,0,0,0.5,4722,3782
8504,854.114,ga_tcheby_proxy,mesh9,6,5,1,"[]",0,0,0,0,0,0,0.5,4722,3783
8505,854.114,ga_tcheby_proxy,mesh9,0,7,1,"[]",0,0,0,0,0,0,0.5,4722,3784
8506,854.122,ga_tcheby_proxy,mesh9,3,0,1,"[]",0,0,0,0,0,0,0.5,4722,3785
8507,854.313,ga_tcheby_proxy,mesh9,0,3,0,"[0-3]",1,20,1.59654,0.975,0.755258,1,0.5,4723,3785
8508,854.444,ga_tcheby_proxy,mesh9,5,0,0,"[5-4-3-0]",3,64,4.82552,0.97,0.761194,3,0.5,4724,3785
8509,854.56,ga_tcheby_proxy,mesh9,1,0,0,"[1-0]",1,22,1.61449,0.97,0.757576,1,0.5,4725,3785
8510,854.736,ga_tcheby_proxy,mesh9,7,0,0,"[7-6-3-0]",3,62,4.80756,0.97,0.761639,3,0.5,4726,3785
8511,854.773,ga_tcheby_proxy,mesh9,4,7,1,"[]",0,0,0,0,0,0,0.5,4726,3786
8512,854.784,ga_tcheby_proxy,mesh9,5,2,1,"[]",0,0,0,0,0,0,0.5,4726,3787
8513,854.964,ga_tcheby_proxy,mesh9,4,1,0,"[4-1]",1,20,1.59654,0.975,0.762082,1,0.5,4727,3787
8514,855.003,ga_tcheby_proxy,mesh9,2,6,1,"[]",0,0,0,0,0,0,0.5,4727,3788
8515,855.121,ga_tcheby_proxy,mesh9,4,3,0,"[4-3]",1,22,1.61449,0.97,0.758034,1,0.5,4728,3788
8516,855.256,ga_tcheby_proxy,mesh9,6,8,0,"[6-7-8]",2,44,3.22898,0.97,0.75985,2,0.5,4729,3788
8517,855.344,ga_tcheby_proxy,mesh9,6,3,0,"[6-3]",1,20,1.59654,0.975,0.75985,1,0.5,4730,3788
8518,855.529,ga_tcheby_proxy,mesh9,6,8,0,"[6-7-8]",2,44,3.22898,0.97,0.7603,2,0.5,4731,3788
8519,855.749,ga_tcheby_proxy,mesh9,0,8,0,"[0-1-2-5-8]",4,84,6.42205,0.97,0.759398,4,0.5,4732,3788
8520,855.845,ga_tcheby_proxy,mesh9,8,4,0,"[8-7-4]",2,42,3.21103,0.97,0.760748,2,0.5,4733,3788
8521,856.102,ga_tcheby_proxy,mesh9,6,7,0,"[6-7]",1,22,1.61449,0.97,0.752896,1,0.5,4734,3788
8522,856.116,ga_tcheby_proxy,mesh9,0,7,1,"[]",0,0,0,0,0,0,0.5,4734,3789
8523,856.28,ga_tcheby_proxy,mesh9,2,5,0,"[2-5]",1,20,1.59654,0.975,0.75985,1,0.5,4735,3789
8524,856.436,ga_tcheby_proxy,mesh9,6,2,0,"[6-3-0-1-2]",4,84,6.42205,0.97,0.762082,4,0.5,4736,3789
8525,856.467,ga_tcheby_proxy,mesh9,5,0,1,"[]",0,0,0,0,0,0,0.5,4736,3790
8526,856.471,ga_tcheby_proxy,mesh9,1,0,1,"[]",0,0,0,0,0,0,0.5,4736,3791
8527,856.497,ga_tcheby_proxy,mesh9,1,4,1,"[]",0,0,0,0,0,0,0.5,4736,3792
8528,856.497,ga_tcheby_proxy,mesh9,2,3,1,"[]",0,0,0,0,0,0,0.5,4736,3793
8529,856.736,ga_tcheby_proxy,mesh9,1,6,0,"[1-0-3-6]",3,62,4.80756,0.97,0.7603,3,0.5,4737,3793
8530,856.952,ga_tcheby_proxy,mesh9,3,0,0,"[3-0]",1,20,1.59654,0.975,0.762523,1,0.5,4738,3793
8531,856.975,ga_tcheby_proxy,mesh9,1,6,1,"[]",0,0,0,0,0,0,0.5,4738,3794
8532,857.157,ga_tcheby_proxy,mesh9,1,4,0,"[1-4]",1,20,1.59654,0.975,0.757576,1,0.5,4739,3794
8533,857.175,ga_tcheby_proxy,mesh9,7,8,1,"[]",0,0,0,0,0,0,0.5,4739,3795
8534,857.411,ga_tcheby_proxy,mesh9,5,8,0,"[5-8]",1,20,1.59654,0.975,0.75985,1,0.5,4740,3795
8535,857.645,ga_tcheby_proxy,mesh9,3,0,0,"[3-0]",1,20,1.59654,0.975,0.762963,1,0.5,4741,3795
8536,857.755,ga_tcheby_proxy,mesh9,8,3,0,"[8-7-6-3]",3,64,4.82552,0.97,0.760748,3,0.5,4742,3795
8537,857.756,ga_tcheby_proxy,mesh9,3,1,0,"[3-4-1]",2,42,3.27591,0.949761,0.762523,2,0.5,4743,3795
8538,857.903,ga_tcheby_proxy,mesh9,7,6,0,"[7-6]",1,22,1.61449,0.97,0.739308,1,0.5,4744,3795
8539,857.998,ga_tcheby_proxy,mesh9,7,3,0,"[7-6-3]",2,42,3.21103,0.97,0.761194,2,0.5,4745,3795
8540,858.014,ga_tcheby_proxy,mesh9,0,2,1,"[]",0,0,0,0,0,0,0.5,4745,3796
8541,858.076,ga_tcheby_proxy,mesh9,7,2,0,"[7-8-5-2]",3,62,4.94859,0.913766,0.762082,3,0.5,4746,3796
8542,858.249,ga_tcheby_proxy,mesh9,4,8,0,"[4-5-8]",2,42,3.21103,0.97,0.7603,2,0.5,4747,3796
8543,858.453,ga_tcheby_proxy,mesh9,5,7,0,"[5-4-7]",2,42,3.21103,0.97,0.7603,2,0.5,4748,3796
8544,858.505,ga_tcheby_proxy,mesh9,6,8,1,"[]",0,0,0,0,0,0,0.5,4748,3797
8545,858.657,ga_tcheby_proxy,mesh9,6,0,0,"[6-3-0]",2,40,3.19307,0.975,0.763401,2,0.5,4749,3797
8546,858.979,ga_tcheby_proxy,mesh9,3,6,0,"[3-6]",1,20,1.59654,0.975,0.760748,1,0.5,4750,3797
8547,859.14,ga_tcheby_proxy,mesh9,3,0,0,"[3-0]",1,20,1.59654,0.975,0.763838,1,0.5,4751,3797
8548,859.159,ga_tcheby_proxy,mesh9,2,0,1,"[]",0,0,0,0,0,0,0.5,4751,3798
8549,859.351,ga_tcheby_proxy,mesh9,8,0,0,"[8-5-2-1-0]",4,84,6.42205,0.97,0.762523,4,0.5,4752,3798
8550,859.41,ga_tcheby_proxy,mesh9,7,3,0,"[7-4-3]",2,42,3.3699,0.910239,0.761194,2,0.5,4753,3798
8551,859.413,ga_tcheby_proxy,mesh9,2,3,1,"[]",0,0,0,0,0,0,0.5,4753,3799
8552,859.414,ga_tcheby_proxy,mesh9,4,0,1,"[]",0,0,0,0,0,0,0.5,4753,3800
8553,859.456,ga_tcheby_proxy,mesh9,7,4,1,"[]",0,0,0,0,0,0,0.5,4753,3801
8554,859.64,ga_tcheby_proxy,mesh9,0,7,0,"[0-1-4-7]",3,62,4.80756,0.97,0.760748,3,0.5,4754,3801
8555,859.717,ga_tcheby_proxy,mesh9,0,5,0,"[0-1-4-5]",3,64,4.82552,0.97,0.7603,3,0.5,4755,3801
8556,859.858,ga_tcheby_proxy,mesh9,4,1,0,"[4-1]",1,20,1.59654,0.975,0.762963,1,0.5,4756,3801
8557,859.86,ga_tcheby_proxy,mesh9,6,8,0,"[6-7-8]",2,44,3.32738,0.939892,0.761194,2,0.5,4757,3801
8558,859.922,ga_tcheby_proxy,mesh9,2,0,1,"[]",0,0,0,0,0,0,0.5,4757,3802
8559,860.035,ga_tcheby_proxy,mesh9,4,0,0,"[4-1-0]",2,42,3.21103,0.97,0.763401,2,0.5,4758,3802
8560,860.115,ga_tcheby_proxy,mesh9,3,1,0,"[3-4-1]",2,42,3.21103,0.97,0.763838,2,0.5,4759,3802
8561,860.13,ga_tcheby_proxy,mesh9,0,8,1,"[]",0,0,0,0,0,0,0.5,4759,3803
8562,860.136,ga_tcheby_proxy,mesh9,6,2,1,"[]",0,0,0,0,0,0,0.5,4759,3804
8563,860.203,ga_tcheby_proxy,mesh9,1,5,1,"[]",0,0,0,0,0,0,0.5,4759,3805
8564,860.346,ga_tcheby_proxy,mesh9,4,6,0,"[4-7-6]",2,42,3.21103,0.97,0.761194,2,0.5,4760,3805
8565,860.44,ga_tcheby_proxy,mesh9,7,6,0,"[7-6]",1,22,1.61449,0.97,0.740891,1,0.5,4761,3805
8566,860.452,ga_tcheby_proxy,mesh9,6,3,1,"[]",0,0,0,0,0,0,0.5,4761,3806
8567,860.47,ga_tcheby_proxy,mesh9,3,0,1,"[]",0,0,0,0,0,0,0.5,4761,3807
8568,860.6,ga_tcheby_proxy,mesh9,2,4,0,"[2-1-4]",2,42,3.21103,0.97,0.758945,2,0.5,4762,3807
8569,860.772,ga_tcheby_proxy,mesh9,4,5,0,"[4-5]",1,22,1.61449,0.97,0.760748,1,0.5,4763,3807
8570,860.794,ga_tcheby_proxy,mesh9,4,1,1,"[]",0,0,0,0,0,0,0.5,4763,3808
8571,860.854,ga_tcheby_proxy,mesh9,7,4,0,"[7-4]",1,20,1.62377,0.958043,0.761639,1,0.5,4764,3808
8572,860.954,ga_tcheby_proxy,mesh9,8,2,0,"[8-5-2]",2,40,3.19307,0.975,0.762963,2,0.5,4765,3808
8573,861.112,ga_tcheby_proxy,mesh9,5,8,0,"[5-8]",1,20,1.59654,0.975,0.760748,1,0.5,4766,3808
8574,861.161,ga_tcheby_proxy,mesh9,2,6,1,"[]",0,0,0,0,0,0,0.5,4766,3809
8575,861.282,ga_tcheby_proxy,mesh9,2,3,0,"[2-1-4-3]",3,64,4.82552,0.97,0.759398,3,0.5,4767,3809
8576,861.305,ga_tcheby_proxy,mesh9,1,5,1,"[]",0,0,0,0,0,0,0.5,4767,3810
8577,861.346,ga_tcheby_proxy,mesh9,5,0,1,"[]",0,0,0,0,0,0,0.5,4767,3811
8578,861.725,ga_tcheby_proxy,mesh9,3,4,0,"[3-4]",1,22,1.61449,0.97,0.757576,1,0.5,4768,3811
8579,861.733,ga_tcheby_proxy,mesh9,2,7,1,"[]",0,0,0,0,0,0,0.5,4768,3812
8580,861.778,ga_tcheby_proxy,mesh9,4,1,1,"[]",0,0,0,0,0,0,0.5,4768,3813
8581,861.816,ga_tcheby_proxy,mesh9,3,5,1,"[]",0,0,0,0,0,0,0.5,4768,3814
8582,861.822,ga_tcheby_proxy,mesh9,0,2,1,"[]",0,0,0,0,0,0,0.5,4768,3815
8583,861.914,ga_tcheby_proxy,mesh9,6,1,0,"[6-3-4-1]",3,62,4.80756,0.97,0.764273,3,0.5,4769,3815
8584,862.105,ga_tcheby_proxy,mesh9,0,4,0,"[0-3-4]",2,42,3.21103,0.97,0.758491,2,0.5,4770,3815
8585,862.156,ga_tcheby_proxy,mesh9,5,3,1,"[]",0,0,0,0,0,0,0.5,4770,3816
8586,862.17,ga_tcheby_proxy,mesh9,4,2,1,"[]",0,0,0,0,0,0,0.5,4770,3817
8587,862.235,ga_tcheby_proxy,mesh9,2,1,1,"[]",0,0,0,0,0,0,0.5,4770,3818
8588,862.308,ga_tcheby_proxy,mesh9,8,7,0,"[8-7]",1,22,1.61449,0.97,0.741414,1,0.5,4771,3818
8589,862.437,ga_tcheby_proxy,mesh9,3,0,0,"[3-0]",1,20,1.59654,0.975,0.764273,1,0.5,4772,3818
8590,862.491,ga_tcheby_proxy,mesh9,4,2,1,"[]",0,0,0,0,0,0,0.5,4772,3819
8591,862.596,ga_tcheby_proxy,mesh9,5,1,0,"[5-2-1]",2,42,3.21103,0.97,0.763401,2,0.5,4773,3819
8592,862.653,ga_tcheby_proxy,mesh9,1,6,1,"[]",0,0,0,0,0,0,0.5,4773,3820
8593,862.661,ga_tcheby_proxy,mesh9,2,5,1,"[]",0,0,0,0,0,0,0.5,4773,3821
8594,862.664,ga_tcheby_proxy,mesh9,3,1,1,"[]",0,0,0,0,0,0,0.5,4773,3822
8595,862.732,ga_tcheby_proxy,mesh9,5,7,0,"[5-4-7]",2,42,3.34279,0.909939,0.775591,2,0.5,4774,3822
8596,863.014,ga_tcheby_proxy,mesh9,2,5,0,"[2-5]",1,20,1.59654,0.975,0.7603,1,0.5,4775,3822
8597,863.052,ga_tcheby_proxy,mesh9,8,1,1,"[]",0,0,0,0,0,0,0.5,4775,3823
8598,863.25,ga_tcheby_proxy,mesh9,3,2,0,"[3-4-5-2]",3,64,4.82552,0.97,0.763838,3,0.5,4776,3823
8599,863.397,ga_tcheby_proxy,mesh9,6,2,0,"[6-7-4-5-2]",4,84,6.42205,0.97,0.764273,4,0.5,4777,3823
8600,863.411,ga_tcheby_proxy,mesh9,1,2,1,"[]",0,0,0,0,0,0,0.5,4777,3824
8601,863.437,ga_tcheby_proxy,mesh9,8,7,1,"[]",0,0,0,0,0,0,0.5,4777,3825
8602,863.619,ga_tcheby_proxy,mesh9,1,4,0,"[1-4]",1,20,1.59654,0.975,0.75985,1,0.5,4778,3825
8603,863.685,ga_tcheby_proxy,mesh9,6,8,0,"[6-3-4-7-8]",4,84,6.52108,0.911621,0.762523,4,0.5,4779,3825
8604,863.685,ga_tcheby_proxy,mesh9,4,0,0,"[4-1-0]",2,42,3.43564,0.901574,0.766114,2,0.5,4780,3825
8605,863.728,ga_tcheby_proxy,mesh9,2,0,1,"[]",0,0,0,0,0,0,0.5,4780,3826
8606,863.796,ga_tcheby_proxy,mesh9,5,6,1,"[]",0,0,0,0,0,0,0.5,4780,3827
8607,863.839,ga_tcheby_proxy,mesh9,7,1,1,"[]",0,0,0,0,0,0,0.5,4780,3828
8608,863.842,ga_tcheby_proxy,mesh9,6,7,1,"[]",0,0,0,0,0,0,0.5,4780,3829
8609,863.948,ga_tcheby_proxy,mesh9,4,7,0,"[4-7]",1,20,1.59654,0.975,0.762523,1,0.5,4781,3829
8610,863.975,ga_tcheby_proxy,mesh9,6,0,1,"[]",0,0,0,0,0,0,0.5,4781,3830
8611,864.117,ga_tcheby_proxy,mesh9,4,0,0,"[4-3-0]",2,42,3.21103,0.97,0.764706,2,0.5,4782,3830
8612,864.163,ga_tcheby_proxy,mesh9,1,2,1,"[]",0,0,0,0,0,0,0.5,4782,3831
8613,864.192,ga_tcheby_proxy,mesh9,6,8,1,"[]",0,0,0,0,0,0,0.5,4782,3832
8614,864.206,ga_tcheby_proxy,mesh9,8,2,1,"[]",0,0,0,0,0,0,0.5,4782,3833
8615,864.312,ga_tcheby_proxy,mesh9,6,4,0,"[6-7-4]",2,42,3.21103,0.97,0.762523,2,0.5,4783,3833
8616,864.345,ga_tcheby_proxy,mesh9,4,0,1,"[]",0,0,0,0,0,0,0.5,4783,3834
8617,864.417,ga_tcheby_proxy,mesh9,5,6,0,"[5-8-7-6]",3,64,4.84483,0.958033,0.761194,3,0.5,4784,3834
8618,864.472,ga_tcheby_proxy,mesh9,4,8,1,"[]",0,0,0,0,0,0,0.5,4784,3835
8619,864.525,ga_tcheby_proxy,mesh9,4,6,1,"[]",0,0,0,0,0,0,0.5,4784,3836
8620,864.621,ga_tcheby_proxy,mesh9,2,6,0,"[2-5-4-3-6]",4,84,6.42205,0.97,0.761194,4,0.5,4785,3836
8621,864.634,ga_tcheby_proxy,mesh9,0,8,1,"[]",0,0,0,0,0,0,0.5,4785,3837
8622,864.736,ga_tcheby_proxy,mesh9,7,6,0,"[7-6]",1,22,1.61449,0.97,0.741935,1,0.5,4786,3837
8623,864.837,ga_tcheby_proxy,mesh9,7,0,0,"[7-6-3-0]",3,62,4.80756,0.97,0.765138,3,0.5,4787,3837
8624,865.468,ga_tcheby_proxy,mesh9,3,2,0,"[3-4-5-2]",3,64,4.82552,0.97,0.764706,3,0.5,4788,3837
8625,865.517,ga_tcheby_proxy,mesh9,1,6,1,"[]",0,0,0,0,0,0,0.5,4788,3838
8626,865.567,ga_tcheby_proxy,mesh9,6,1,1,"[]",0,0,0,0,0,0,0.5,4788,3839
8627,865.639,ga_tcheby_proxy,mesh9,3,8,0,"[3-4-5-8]",3,64,5.03682,0.915046,0.762523,3,0.5,4789,3839
8628,865.675,ga_tcheby_proxy,mesh9,2,8,1,"[]",0,0,0,0,0,0,0.5,4789,3840
8629,865.79,ga_tcheby_proxy,mesh9,7,3,0,"[7-4-3]",2,42,3.21103,0.97,0.762963,2,0.5,4790,3840
8630,865.912,ga_tcheby_proxy,mesh9,0,3,0,"[0-3]",1,20,1.59654,0.975,0.756654,1,0.5,4791,3840
8631,866.152,ga_tcheby_proxy,mesh9,1,7,0,"[1-4-7]",2,40,3.19307,0.975,0.762963,2,0.5,4792,3840
8632,866.343,ga_tcheby_proxy,mesh9,5,7,0,"[5-8-7]",2,42,3.21103,0.97,0.762082,2,0.5,4793,3840
8633,866.412,ga_tcheby_proxy,mesh9,6,7,0,"[6-7]",1,22,1.61449,0.97,0.754789,1,0.5,4794,3840
8634,866.702,ga_tcheby_proxy,mesh9,0,3,0,"[0-3]",1,20,1.59654,0.975,0.757116,1,0.5,4795,3840
8635,866.718,ga_tcheby_proxy,mesh9,5,4,1,"[]",0,0,0,0,0,0,0.5,4795,3841
8636,866.752,ga_tcheby_proxy,mesh9,4,8,1,"[]",0,0,0,0,0,0,0.5,4795,3842
8637,866.879,ga_tcheby_proxy,mesh9,3,5,0,"[3-4-5]",2,44,3.22898,0.97,0.762963,2,0.5,4796,3842
8638,866.98,ga_tcheby_proxy,mesh9,6,4,0,"[6-3-4]",2,42,3.21103,0.97,0.763401,2,0.5,4797,3842
8639,867.076,ga_tcheby_proxy,mesh9,3,4,0,"[3-4]",1,22,1.61449,0.97,0.761639,1,0.5,4798,3842
8640,867.183,ga_tcheby_proxy,mesh9,3,7,0,"[3-6-7]",2,42,3.21103,0.97,0.761639,2,0.5,4799,3842
8641,867.267,ga_tcheby_proxy,mesh9,8,5,0,"[8-5]",1,20,1.59654,0.975,0.762963,1,0.5,4800,3842
8642,867.355,ga_tcheby_proxy,mesh9,3,6,0,"[3-6]",1,20,1.59654,0.975,0.762082,1,0.5,4801,3842
8643,867.545,ga_tcheby_proxy,mesh9,8,7,0,"[8-7]",1,22,1.61449,0.97,0.742972,1,0.5,4802,3842
8644,867.611,ga_tcheby_proxy,mesh9,2,7,1,"[]",0,0,0,0,0,0,0.5,4802,3843
8645,867.626,ga_tcheby_proxy,mesh9,1,5,1,"[]",0,0,0,0,0,0,0.5,4802,3844
8646,867.643,ga_tcheby_proxy,mesh9,0,4,1,"[]",0,0,0,0,0,0,0.5,4802,3845
8647,867.675,ga_tcheby_proxy,mesh9,6,1,1,"[]",0,0,0,0,0,0,0.5,4802,3846
8648,867.7,ga_tcheby_proxy,mesh9,2,0,1,"[]",0,0,0,0,0,0,0.5,4802,3847
8649,867.73,ga_tcheby_proxy,mesh9,6,3,1,"[]",0,0,0,0,0,0,0.5,4802,3848
8650,867.85,ga_tcheby_proxy,mesh9,7,6,0,"[7-6]",1,22,1.61449,0.97,0.742972,1,0.5,4803,3848
8651,867.871,ga_tcheby_proxy,mesh9,7,3,1,"[]",0,0,0,0,0,0,0.5,4803,3849
8652,867.948,ga_tcheby_proxy,mesh9,3,6,0,"[3-6]",1,20,1.59654,0.975,0.762523,1,0.5,4804,3849
8653,868.049,ga_tcheby_proxy,mesh9,2,7,0,"[2-5-8-7]",3,62,4.80756,0.97,0.762523,3,0.5,4805,3849
8654,868.233,ga_tcheby_proxy,mesh9,5,4,0,"[5-4]",1,22,1.61449,0.97,0.755725,1,0.5,4806,3849
8655,868.286,ga_tcheby_proxy,mesh9,5,7,1,"[]",0,0,0,0,0,0,0.5,4806,3850
8656,868.379,ga_tcheby_proxy,mesh9,7,3,0,"[7-4-3]",2,42,3.21103,0.97,0.763401,2,0.5,4807,3850
8657,868.454,ga_tcheby_proxy,mesh9,3,4,0,"[3-4]",1,22,1.73045,0.902337,0.762082,1,0.5,4808,3850
8658,868.585,ga_tcheby_proxy,mesh9,0,8,0,"[0-3-6-7-8]",4,84,6.42205,0.97,0.762963,4,0.5,4809,3850
8659,868.73,ga_tcheby_proxy,mesh9,0,8,0,"[0-1-2-5-8]",4,84,6.42205,0.97,0.762963,4,0.5,4810,3850
8660,868.784,ga_tcheby_proxy,mesh9,5,6,1,"[]",0,0,0,0,0,0,0.5,4810,3851
8661,868.935,ga_tcheby_proxy,mesh9,1,7,0,"[1-4-7]",2,40,3.19307,0.975,0.763401,2,0.5,4811,3851
8662,869.007,ga_tcheby_proxy,mesh9,7,0,0,"[7-4-3-0]",3,62,4.80756,0.97,0.765568,3,0.5,4812,3851
8663,869.061,ga_tcheby_proxy,mesh9,2,7,1,"[]",0,0,0,0,0,0,0.5,4812,3852
8664,869.069,ga_tcheby_proxy,mesh9,3,5,1,"[]",0,0,0,0,0,0,0.5,4812,3853
8665,869.163,ga_tcheby_proxy,mesh9,5,1,0,"[5-4-1]",2,42,3.21103,0.97,0.765138,2,0.5,4813,3853
8666,869.19,ga_tcheby_proxy,mesh9,5,1,1,"[]",0,0,0,0,0,0,0.5,4813,3854
8667,869.351,ga_tcheby_proxy,mesh9,3,4,0,"[3-4]",1,22,1.61449,0.97,0.762523,1,0.5,4814,3854
8668,869.498,ga_tcheby_proxy,mesh9,0,7,0,"[0-3-6-7]",3,62,4.80756,0.97,0.763401,3,0.5,4815,3854
8669,869.689,ga_tcheby_proxy,mesh9,3,0,0,"[3-0]",1,20,1.59654,0.975,0.765996,1,0.5,4816,3854
8670,870.077,ga_tcheby_proxy,mesh9,5,1,0,"[5-2-1]",2,42,3.21103,0.97,0.765138,2,0.5,4817,3854
8671,870.271,ga_tcheby_proxy,mesh9,4,0,0,"[4-1-0]",2,42,3.21103,0.97,0.765568,2,0.5,4818,3854
8672,870.29,ga_tcheby_proxy,mesh9,8,7,1,"[]",0,0,0,0,0,0,0.5,4818,3855
8673,870.303,ga_tcheby_proxy,mesh9,1,6,1,"[]",0,0,0,0,0,0,0.5,4818,3856
8674,870.357,ga_tcheby_proxy,mesh9,0,2,1,"[]",0,0,0,0,0,0,0.5,4818,3857
8675,870.438,ga_tcheby_proxy,mesh9,2,8,0,"[2-5-8]",2,40,3.19307,0.975,0.763401,2,0.5,4819,3857
8676,870.451,ga_tcheby_proxy,mesh9,8,7,1,"[]",0,0,0,0,0,0,0.5,4819,3858
8677,870.563,ga_tcheby_proxy,mesh9,8,7,0,"[8-7]",1,22,1.61449,0.97,0.744,1,0.5,4820,3858
8678,870.703,ga_tcheby_proxy,mesh9,6,1,0,"[6-7-4-1]",3,62,4.80756,0.97,0.765996,3,0.5,4821,3858
8679,870.841,ga_tcheby_proxy,mesh9,1,7,0,"[1-4-7]",2,40,3.19307,0.975,0.763838,2,0.5,4822,3858
8680,870.848,ga_tcheby_proxy,mesh9,5,8,1,"[]",0,0,0,0,0,0,0.5,4822,3859
8681,870.872,ga_tcheby_proxy,mesh9,6,7,1,"[]",0,0,0,0,0,0,0.5,4822,3860
8682,870.872,ga_tcheby_proxy,mesh9,3,4,1,"[]",0,0,0,0,0,0,0.5,4822,3861
8683,871.052,ga_tcheby_proxy,mesh9,3,4,0,"[3-4]",1,22,1.61449,0.97,0.762963,1,0.5,4823,3861
8684,871.105,ga_tcheby_proxy,mesh9,8,5,1,"[]",0,0,0,0,0,0,0.5,4823,3862
8685,871.217,ga_tcheby_proxy,mesh9,5,1,0,"[5-2-1]",2,42,3.21103,0.97,0.765568,2,0.5,4824,3862
8686,871.346,ga_tcheby_proxy,mesh9,2,7,0,"[2-5-8-7]",3,62,4.80756,0.97,0.763838,3,0.5,4825,3862
8687,871.38,ga_tcheby_proxy,mesh9,1,7,1,"[]",0,0,0,0,0,0,0.5,4825,3863
8688,871.683,ga_tcheby_proxy,mesh9,3,8,0,"[3-6-7-8]",3,64,4.82552,0.97,0.763838,3,0.5,4826,3863
8689,871.72,ga_tcheby_proxy,mesh9,2,7,1,"[]",0,0,0,0,0,0,0.5,4826,3864
8690,871.768,ga_tcheby_proxy,mesh9,7,2,1,"[]",0,0,0,0,0,0,0.5,4826,3865
8691,871.846,ga_tcheby_proxy,mesh9,8,2,0,"[8-5-2]",2,40,3.19307,0.975,0.765996,2,0.5,4827,3865
8692,872.053,ga_tcheby_proxy,mesh9,2,1,0,"[2-1]",1,22,1.61449,0.97,0.761194,1,0.5,4828,3865
8693,872.071,ga_tcheby_proxy,mesh9,8,2,1,"[]",0,0,0,0,0,0,0.5,4828,3866
8694,872.178,ga_tcheby_proxy,mesh9,2,0,0,"[2-1-0]",2,44,3.22898,0.97,0.761639,2,0.5,4829,3866
8695,872.245,ga_tcheby_proxy,mesh9,8,2,0,"[8-5-2]",2,40,3.24555,0.942841,0.766423,2,0.5,4830,3866
8696,872.547,ga_tcheby_proxy,mesh9,5,2,0,"[5-2]",1,20,1.59654,0.975,0.766849,1,0.5,4831,3866
8697,872.616,ga_tcheby_proxy,mesh9,0,6,0,"[0-1-4-7-6]",4,84,6.50333,0.921566,0.764273,4,0.5,4832,3866
8698,872.885,ga_tcheby_proxy,mesh9,1,3,0,"[1-0-3]",2,42,3.21103,0.97,0.760748,2,0.5,4833,3866
8699,872.906,ga_tcheby_proxy,mesh9,1,0,1,"[]",0,0,0,0,0,0,0.5,4833,3867
8700,872.957,ga_tcheby_proxy,mesh9,0,1,1,"[]",0,0,0,0,0,0,0.5,4833,3868
8701,873.071,ga_tcheby_proxy,mesh9,2,4,0,"[2-1-4]",2,42,3.21103,0.97,0.762082,2,0.5,4834,3868
8702,873.143,ga_tcheby_proxy,mesh9,5,4,0,"[5-4]",1,22,1.61449,0.97,0.756654,1,0.5,4835,3868
8703,873.314,ga_tcheby_proxy,mesh9,1,5,0,"[1-2-5]",2,42,3.21103,0.97,0.762963,2,0.5,4836,3868
8704,873.345,ga_tcheby_proxy,mesh9,7,1,1,"[]",0,0,0,0,0,0,0.5,4836,3869
8705,873.361,ga_tcheby_proxy,mesh9,7,5,1,"[]",0,0,0,0,0,0,0.5,4836,3870
8706,873.445,ga_tcheby_proxy,mesh9,1,6,0,"[1-4-3-6]",3,62,4.80756,0.97,0.764273,3,0.5,4837,3870
8707,873.466,ga_tcheby_proxy,mesh9,2,1,1,"[]",0,0,0,0,0,0,0.5,4837,3871
8708,873.472,ga_tcheby_proxy,mesh9,0,8,1,"[]",0,0,0,0,0,0,0.5,4837,3872
8709,873.638,ga_tcheby_proxy,mesh9,1,0,0,"[1-0]",1,22,1.61449,0.97,0.761194,1,0.5,4838,3872
8710,873.689,ga_tcheby_proxy,mesh9,0,8,1,"[]",0,0,0,0,0,0,0.5,4838,3873
8711,873.818,ga_tcheby_proxy,mesh9,6,7,0,"[6-7]",1,22,1.61449,0.97,0.757576,1,0.5,4839,3873
8712,873.845,ga_tcheby_proxy,mesh9,3,7,1,"[]",0,0,0,0,0,0,0.5,4839,3874
8713,873.928,ga_tcheby_proxy,mesh9,4,8,0,"[4-7-8]",2,42,3.21103,0.97,0.764706,2,0.5,4840,3874
8714,874.12,ga_tcheby_proxy,mesh9,4,3,0,"[4-3]",1,22,1.61449,0.97,0.762082,1,0.5,4841,3874
8715,874.271,ga_tcheby_proxy,mesh9,4,2,0,"[4-1-2]",2,42,3.21103,0.97,0.766423,2,0.5,4842,3874
8716,874.31,ga_tcheby_proxy,mesh9,3,5,1,"[]",0,0,0,0,0,0,0.5,4842,3875
8717,874.376,ga_tcheby_proxy,mesh9,3,7,1,"[]",0,0,0,0,0,0,0.5,4842,3876
8718,874.393,ga_tcheby_proxy,mesh9,8,2,1,"[]",0,0,0,0,0,0,0.5,4842,3877
8719,874.445,ga_tcheby_proxy,mesh9,8,0,1,"[]",0,0,0,0,0,0,0.5,4842,3878
8720,874.455,ga_tcheby_proxy,mesh9,7,3,1,"[]",0,0,0,0,0,0,0.5,4842,3879
8721,874.516,ga_tcheby_proxy,mesh9,2,7,1,"[]",0,0,0,0,0,0,0.5,4842,3880
8722,874.873,ga_tcheby_proxy,mesh9,7,0,0,"[7-6-3-0]",3,62,4.80756,0.97,0.766423,3,0.5,4843,3880
8723,874.914,ga_tcheby_proxy,mesh9,8,7,1,"[]",0,0,0,0,0,0,0.5,4843,3881
8724,875.141,ga_tcheby_proxy,mesh9,8,0,0,"[8-7-4-1-0]",4,84,6.42205,0.97,0.766849,4,0.5,4844,3881
8725,875.26,ga_tcheby_proxy,mesh9,8,7,0,"[8-7]",1,22,1.61449,0.97,0.745527,1,0.5,4845,3881
8726,875.264,ga_tcheby_proxy,mesh9,2,1,0,"[2-1]",1,22,1.71288,0.912046,0.765363,1,0.5,4846,3881
8727,875.431,ga_tcheby_proxy,mesh9,7,8,0,"[7-8]",1,22,1.61449,0.97,0.763401,1,0.5,4847,3881
8728,875.436,ga_tcheby_proxy,mesh9,6,8,1,"[]",0,0,0,0,0,0,0.5,4847,3882
8729,875.557,ga_tcheby_proxy,mesh9,7,0,0,"[7-4-3-0]",3,62,4.80756,0.97,0.766849,3,0.5,4848,3882
8730,875.566,ga_tcheby_proxy,mesh9,4,3,1,"[]",0,0,0,0,0,0,0.5,4848,3883
8731,875.65,ga_tcheby_proxy,mesh9,5,2,0,"[5-2]",1,20,1.59654,0.975,0.767273,1,0.5,4849,3883
8732,875.741,ga_tcheby_proxy,mesh9,6,0,0,"[6-3-0]",2,40,3.19307,0.975,0.767273,2,0.5,4850,3883
8733,875.792,ga_tcheby_proxy,mesh9,7,5,1,"[]",0,0,0,0,0,0,0.5,4850,3884
8734,875.876,ga_tcheby_proxy,mesh9,1,2,0,"[1-2]",1,22,1.61449,0.97,0.758491,1,0.5,4851,3884
8735,875.888,ga_tcheby_proxy,mesh9,0,8,1,"[]",0,0,0,0,0,0,0.5,4851,3885
8736,875.966,ga_tcheby_proxy,mesh9,2,8,0,"[2-5-8]",2,40,3.19307,0.975,0.764273,2,0.5,4852,3885
8737,875.987,ga_tcheby_proxy,mesh9,2,7,1,"[]",0,0,0,0,0,0,0.5,4852,3886
8738,876.008,ga_tcheby_proxy,mesh9,7,3,1,"[]",0,0,0,0,0,0,0.5,4852,3887
8739,876.04,ga_tcheby_proxy,mesh9,4,5,1,"[]",0,0,0,0,0,0,0.5,4852,3888
8740,876.091,ga_tcheby_proxy,mesh9,0,7,1,"[]",0,0,0,0,0,0,0.5,4852,3889
8741,876.163,ga_tcheby_proxy,mesh9,5,0,0,"[5-2-1-0]",3,64,4.82552,0.97,0.767695,3,0.5,4853,3889
8742,876.185,ga_tcheby_proxy,mesh9,4,3,1,"[]",0,0,0,0,0,0,0.5,4853,3890
8743,876.336,ga_tcheby_proxy,mesh9,3,1,0,"[3-4-1]",2,42,3.21103,0.97,0.767273,2,0.5,4854,3890
8744,876.364,ga_tcheby_proxy,mesh9,6,3,1,"[]",0,0,0,0,0,0,0.5,4854,3891
8745,876.48,ga_tcheby_proxy,mesh9,6,7,0,"[6-7]",1,22,1.61449,0.97,0.758034,1,0.5,4855,3891
8746,876.889,ga_tcheby_proxy,mesh9,5,4,0,"[5-4]",1,22,1.61449,0.97,0.757116,1,0.5,4856,3891
8747,876.906,ga_tcheby_proxy,mesh9,3,5,1,"[]",0,0,0,0,0,0,0.5,4856,3892
8748,876.964,ga_tcheby_proxy,mesh9,7,5,0,"[7-8-5]",2,42,3.43626,0.904313,0.764273,2,0.5,4857,3892
8749,877.298,ga_tcheby_proxy,mesh9,5,7,0,"[5-8-7]",2,42,3.21103,0.97,0.764706,2,0.5,4858,3892
8750,877.522,ga_tcheby_proxy,mesh9,6,3,0,"[6-3]",1,20,1.59654,0.975,0.764706,1,0.5,4859,3892
8751,877.673,ga_tcheby_proxy,mesh9,5,2,0,"[5-2]",1,20,1.59654,0.975,0.768116,1,0.5,4860,3892
8752,877.933,ga_tcheby_proxy,mesh9,1,2,0,"[1-2]",1,22,1.61449,0.97,0.758945,1,0.5,4861,3892
8753,877.99,ga_tcheby_proxy,mesh9,4,2,1,"[]",0,0,0,0,0,0,0.5,4861,3893
8754,878.475,ga_tcheby_proxy,mesh9,8,4,0,"[8-5-4]",2,42,3.21103,0.97,0.764706,2,0.5,4862,3893
8755,878.575,ga_tcheby_proxy,mesh9,1,3,0,"[1-0-3]",2,42,3.21103,0.97,0.762523,2,0.5,4863,3893
8756,878.667,ga_tcheby_proxy,mesh9,5,2,0,"[5-2]",1,20,1.59654,0.975,0.768535,1,0.5,4864,3893
8757,878.686,ga_tcheby_proxy,mesh9,1,6,1,"[]",0,0,0,0,0,0,0.5,4864,3894
8758,878.816,ga_tcheby_proxy,mesh9,7,5,0,"[7-8-5]",2,42,3.21103,0.97,0.765138,2,0.5,4865,3894
8759,878.853,ga_tcheby_proxy,mesh9,1,4,1,"[]",0,0,0,0,0,0,0.5,4865,3895
8760,878.963,ga_tcheby_proxy,mesh9,6,0,0,"[6-3-0]",2,40,3.19307,0.975,0.767695,2,0.5,4866,3895
8761,879.02,ga_tcheby_proxy,mesh9,1,8,1,"[]",0,0,0,0,0,0,0.5,4866,3896
8762,879.079,ga_tcheby_proxy,mesh9,8,6,1,"[]",0,0,0,0,0,0,0.5,4866,3897
8763,879.156,ga_tcheby_proxy,mesh9,4,3,0,"[4-3]",1,22,1.67235,0.935016,0.762963,1,0.5,4867,3897
8764,879.323,ga_tcheby_proxy,mesh9,8,5,0,"[8-5]",1,20,1.59654,0.975,0.765568,1,0.5,4868,3897
8765,879.34,ga_tcheby_proxy,mesh9,3,8,1,"[]",0,0,0,0,0,0,0.5,4868,3898
8766,879.488,ga_tcheby_proxy,mesh9,2,6,0,"[2-5-4-3-6]",4,84,6.42205,0.97,0.764706,4,0.5,4869,3898
8767,879.62,ga_tcheby_proxy,mesh9,0,7,0,"[0-1-4-7]",3,62,4.80756,0.97,0.765138,3,0.5,4870,3898
8768,879.649,ga_tcheby_proxy,mesh9,4,7,1,"[]",0,0,0,0,0,0,0.5,4870,3899
8769,879.659,ga_tcheby_proxy,mesh9,5,7,1,"[]",0,0,0,0,0,0,0.5,4870,3900
8770,879.868,ga_tcheby_proxy,mesh9,2,0,0,"[2-1-0]",2,44,3.22898,0.97,0.763401,2,0.5,4871,3900
8771,880.039,ga_tcheby_proxy,mesh9,6,0,0,"[6-3-0]",2,40,3.19307,0.975,0.768116,2,0.5,4872,3900
8772,880.059,ga_tcheby_proxy,mesh9,4,8,1,"[]",0,0,0,0,0,0,0.5,4872,3901
8773,880.371,ga_tcheby_proxy,mesh9,6,2,0,"[6-7-4-1-2]",4,84,6.42205,0.97,0.767695,4,0.5,4873,3901
8774,880.497,ga_tcheby_proxy,mesh9,7,4,0,"[7-4]",1,20,1.59654,0.975,0.765996,1,0.5,4874,3901
8775,880.621,ga_tcheby_proxy,mesh9,5,4,0,"[5-4]",1,22,1.61449,0.97,0.758491,1,0.5,4875,3901
8776,880.755,ga_tcheby_proxy,mesh9,1,3,0,"[1-0-3]",2,42,3.21103,0.97,0.763401,2,0.5,4876,3901
8777,881.036,ga_tcheby_proxy,mesh9,6,1,0,"[6-3-4-1]",3,62,4.80756,0.97,0.768116,3,0.5,4877,3901
8778,881.063,ga_tcheby_proxy,mesh9,2,5,1,"[]",0,0,0,0,0,0,0.5,4877,3902
8779,881.071,ga_tcheby_proxy,mesh9,0,6,1,"[]",0,0,0,0,0,0,0.5,4877,3903
8780,881.095,ga_tcheby_proxy,mesh9,6,3,1,"[]",0,0,0,0,0,0,0.5,4877,3904
8781,881.133,ga_tcheby_proxy,mesh9,2,1,1,"[]",0,0,0,0,0,0,0.5,4877,3905
8782,881.156,ga_tcheby_proxy,mesh9,4,6,1,"[]",0,0,0,0,0,0,0.5,4877,3906
8783,881.253,ga_tcheby_proxy,mesh9,2,6,0,"[2-5-8-7-6]",4,84,6.42205,0.97,0.765138,4,0.5,4878,3906
8784,881.407,ga_tcheby_proxy,mesh9,0,3,0,"[0-3]",1,20,1.59654,0.975,0.75985,1,0.5,4879,3906
8785,881.495,ga_tcheby_proxy,mesh9,3,6,0,"[3-6]",1,20,1.59654,0.975,0.765138,1,0.5,4880,3906
8786,881.849,ga_tcheby_proxy,mesh9,1,8,0,"[1-2-5-8]",3,62,4.80756,0.97,0.765568,3,0.5,4881,3906
8787,881.851,ga_tcheby_proxy,mesh9,5,4,0,"[5-4]",1,22,1.67363,0.93434,0.761815,1,0.5,4882,3906
8788,882.095,ga_tcheby_proxy,mesh9,4,3,0,"[4-3]",1,22,1.61449,0.97,0.763838,1,0.5,4883,3906
8789,882.175,ga_tcheby_proxy,mesh9,6,8,0,"[6-7-8]",2,44,3.22898,0.97,0.764706,2,0.5,4884,3906
8790,882.24,ga_tcheby_proxy,mesh9,3,1,1,"[]",0,0,0,0,0,0,0.5,4884,3907
8791,882.273,ga_tcheby_proxy,mesh9,1,2,1,"[]",0,0,0,0,0,0,0.5,4884,3908
8792,882.292,ga_tcheby_proxy,mesh9,0,7,1,"[]",0,0,0,0,0,0,0.5,4884,3909
8793,882.382,ga_tcheby_proxy,mesh9,4,6,0,"[4-3-6]",2,42,3.21103,0.97,0.765568,2,0.5,4885,3909
8794,882.428,ga_tcheby_proxy,mesh9,0,8,1,"[]",0,0,0,0,0,0,0.5,4885,3910
8795,882.434,ga_tcheby_proxy,mesh9,7,4,1,"[]",0,0,0,0,0,0,0.5,4885,3911
8796,882.612,ga_tcheby_proxy,mesh9,3,1,0,"[3-4-1]",2,42,3.21103,0.97,0.768535,2,0.5,4886,3911
8797,882.81,ga_tcheby_proxy,mesh9,2,7,0,"[2-5-4-7]",3,62,4.80756,0.97,0.765568,3,0.5,4887,3911
8798,882.846,ga_tcheby_proxy,mesh9,2,4,1,"[]",0,0,0,0,0,0,0.5,4887,3912
8799,883.194,ga_tcheby_proxy,mesh9,8,7,0,"[8-7]",1,22,1.61449,0.97,0.747036,1,0.5,4888,3912
8800,883.257,ga_tcheby_proxy,mesh9,3,4,1,"[]",0,0,0,0,0,0,0.5,4888,3913
8801,883.33,ga_tcheby_proxy,mesh9,4,0,0,"[4-1-0]",2,42,3.21103,0.97,0.768953,2,0.5,4889,3913
8802,883.331,ga_tcheby_proxy,mesh9,0,4,0,"[0-1-4]",2,42,3.2515,0.957475,0.764815,2,0.5,4890,3913
8803,883.435,ga_tcheby_proxy,mesh9,5,1,0,"[5-2-1]",2,42,3.21103,0.97,0.768953,2,0.5,4891,3913
8804,883.525,ga_tcheby_proxy,mesh9,0,8,0,"[0-1-4-7-8]",4,84,6.42205,0.97,0.765996,4,0.5,4892,3913
8805,883.532,ga_tcheby_proxy,mesh9,5,0,1,"[]",0,0,0,0,0,0,0.5,4892,3914
8806,883.661,ga_tcheby_proxy,mesh9,2,8,0,"[2-5-8]",2,40,3.19307,0.975,0.765996,2,0.5,4893,3914
8807,883.69,ga_tcheby_proxy,mesh9,0,1,1,"[]",0,0,0,0,0,0,0.5,4893,3915
8808,883.696,ga_tcheby_proxy,mesh9,0,5,1,"[]",0,0,0,0,0,0,0.5,4893,3916
8809,883.802,ga_tcheby_proxy,mesh9,4,0,0,"[4-3-0]",2,42,3.21103,0.97,0.768535,2,0.5,4894,3916
8810,883.81,ga_tcheby_proxy,mesh9,8,4,1,"[]",0,0,0,0,0,0,0.5,4894,3917
8811,883.888,ga_tcheby_proxy,mesh9,4,7,0,"[4-7]",1,20,1.59654,0.975,0.766423,1,0.5,4895,3917
8812,884.019,ga_tcheby_proxy,mesh9,4,6,0,"[4-3-6]",2,42,3.21103,0.97,0.765996,2,0.5,4896,3917
8813,884.213,ga_tcheby_proxy,mesh9,8,7,0,"[8-7]",1,22,1.61449,0.97,0.747535,1,0.5,4897,3917
8814,884.245,ga_tcheby_proxy,mesh9,0,4,1,"[]",0,0,0,0,0,0,0.5,4897,3918
8815,884.564,ga_tcheby_proxy,mesh9,2,1,0,"[2-1]",1,22,1.61449,0.97,0.764273,1,0.5,4898,3918
8816,884.645,ga_tcheby_proxy,mesh9,6,8,0,"[6-7-8]",2,44,3.33852,0.905834,0.765568,2,0.5,4899,3918
8817,884.781,ga_tcheby_proxy,mesh9,0,6,0,"[0-3-6]",2,40,3.19307,0.975,0.766423,2,0.5,4900,3918
8818,884.8,ga_tcheby_proxy,mesh9,7,4,1,"[]",0,0,0,0,0,0,0.5,4900,3919
8819,884.81,ga_tcheby_proxy,mesh9,1,3,1,"[]",0,0,0,0,0,0,0.5,4900,3920
8820,884.844,ga_tcheby_proxy,mesh9,7,2,1,"[]",0,0,0,0,0,0,0.5,4900,3921
8821,884.892,ga_tcheby_proxy,mesh9,6,2,1,"[]",0,0,0,0,0,0,0.5,4900,3922
8822,885.209,ga_tcheby_proxy,mesh9,2,4,0,"[2-1-4]",2,42,3.21103,0.97,0.764706,2,0.5,4901,3922
8823,885.27,ga_tcheby_proxy,mesh9,3,0,0,"[3-0]",1,20,1.6211,0.959675,0.768953,1,0.5,4902,3922
8824,885.289,ga_tcheby_proxy,mesh9,0,6,1,"[]",0,0,0,0,0,0,0.5,4902,3923
8825,885.307,ga_tcheby_proxy,mesh9,6,7,1,"[]",0,0,0,0,0,0,0.5,4902,3924
8826,885.691,ga_tcheby_proxy,mesh9,4,0,0,"[4-3-0]",2,42,3.21103,0.97,0.769369,2,0.5,4903,3924
8827,885.777,ga_tcheby_proxy,mesh9,7,5,0,"[7-8-5]",2,42,3.21103,0.97,0.765996,2,0.5,4904,3924
8828,885.813,ga_tcheby_proxy,mesh9,5,6,1,"[]",0,0,0,0,0,0,0.5,4904,3925
8829,885.97,ga_tcheby_proxy,mesh9,6,0,0,"[6-3-0]",2,40,3.19307,0.975,0.769784,2,0.5,4905,3925
8830,886.085,ga_tcheby_proxy,mesh9,7,2,0,"[7-8-5-2]",3,62,4.80756,0.97,0.769369,3,0.5,4906,3925
8831,886.101,ga_tcheby_proxy,mesh9,2,5,1,"[]",0,0,0,0,0,0,0.5,4906,3926
8832,886.152,ga_tcheby_proxy,mesh9,7,4,1,"[]",0,0,0,0,0,0,0.5,4906,3927
8833,886.239,ga_tcheby_proxy,mesh9,7,0,0,"[7-4-1-0]",3,62,4.80756,0.97,0.769369,3,0.5,4907,3927
8834,886.578,ga_tcheby_proxy,mesh9,7,6,0,"[7-6]",1,22,1.61449,0.97,0.74502,1,0.5,4908,3927
8835,886.629,ga_tcheby_proxy,mesh9,8,4,1,"[]",0,0,0,0,0,0,0.5,4908,3928
8836,886.749,ga_tcheby_proxy,mesh9,5,6,0,"[5-8-7-6]",3,64,4.82552,0.97,0.766423,3,0.5,4909,3928
8837,887.037,ga_tcheby_proxy,mesh9,7,0,0,"[7-4-1-0]",3,62,4.80756,0.97,0.769784,3,0.5,4910,3928
8838,887.183,ga_tcheby_proxy,mesh9,1,0,0,"[1-0]",1,22,1.61449,0.97,0.765138,1,0.5,4911,3928
8839,887.189,ga_tcheby_proxy,mesh9,5,6,1,"[]",0,0,0,0,0,0,0.5,4911,3929
8840,887.376,ga_tcheby_proxy,mesh9,1,6,0,"[1-0-3-6]",3,62,4.80756,0.97,0.766849,3,0.5,4912,3929
8841,887.461,ga_tcheby_proxy,mesh9,5,0,0,"[5-2-1-0]",3,64,4.82552,0.97,0.769784,3,0.5,4913,3929
8842,887.593,ga_tcheby_proxy,mesh9,4,7,0,"[4-7]",1,20,1.59654,0.975,0.766849,1,0.5,4914,3929
8843,887.681,ga_tcheby_proxy,mesh9,7,8,0,"[7-8]",1,22,1.61449,0.97,0.766849,1,0.5,4915,3929
8844,887.704,ga_tcheby_proxy,mesh9,6,4,1,"[]",0,0,0,0,0,0,0.5,4915,3930
8845,887.911,ga_tcheby_proxy,mesh9,7,0,0,"[7-6-3-0]",3,62,4.80756,0.97,0.770197,3,0.5,4916,3930
8846,888.108,ga_tcheby_proxy,mesh9,6,3,0,"[6-3]",1,20,1.59654,0.975,0.767273,1,0.5,4917,3930
8847,888.145,ga_tcheby_proxy,mesh9,4,1,1,"[]",0,0,0,0,0,0,0.5,4917,3931
8848,888.226,ga_tcheby_proxy,mesh9,5,8,0,"[5-8]",1,20,1.59654,0.975,0.766849,1,0.5,4918,3931
8849,888.35,ga_tcheby_proxy,mesh9,6,7,0,"[6-7]",1,22,1.61449,0.97,0.75985,1,0.5,4919,3931
8850,888.383,ga_tcheby_proxy,mesh9,1,4,1,"[]",0,0,0,0,0,0,0.5,4919,3932
8851,888.417,ga_tcheby_proxy,mesh9,7,2,1,"[]",0,0,0,0,0,0,0.5,4919,3933
8852,888.767,ga_tcheby_proxy,mesh9,1,8,0,"[1-2-5-8]",3,62,4.80756,0.97,0.767273,3,0.5,4920,3933
8853,889.247,ga_tcheby_proxy,mesh9,0,2,0,"[0-1-2]",2,44,3.22898,0.97,0.760748,2,0.5,4921,3933
8854,889.59,ga_tcheby_proxy,mesh9,3,2,0,"[3-4-1-2]",3,64,4.82552,0.97,0.770197,3,0.5,4922,3933
8855,889.701,ga_tcheby_proxy,mesh9,8,3,0,"[8-5-4-3]",3,64,4.82552,0.97,0.766849,3,0.5,4923,3933
8856,889.718,ga_tcheby_proxy,mesh9,6,5,1,"[]",0,0,0,0,0,0,0.5,4923,3934
8857,889.948,ga_tcheby_proxy,mesh9,7,4,0,"[7-4]",1,20,1.59654,0.975,0.767273,1,0.5,4924,3934
8858,890.068,ga_tcheby_proxy,mesh9,0,5,0,"[0-1-4-5]",3,64,4.82552,0.97,0.764706,3,0.5,4925,3934
8859,890.084,ga_tcheby_proxy,mesh9,8,6,1,"[]",0,0,0,0,0,0,0.5,4925,3935
8860,890.216,ga_tcheby_proxy,mesh9,6,2,0,"[6-7-8-5-2]",4,84,6.42205,0.97,0.770197,4,0.5,4926,3935
8861,890.223,ga_tcheby_proxy,mesh9,4,6,1,"[]",0,0,0,0,0,0,0.5,4926,3936
8862,890.32,ga_tcheby_proxy,mesh9,7,8,0,"[7-8]",1,22,1.61449,0.97,0.767695,1,0.5,4927,3936
8863,890.481,ga_tcheby_proxy,mesh9,4,6,0,"[4-7-6]",2,42,3.21103,0.97,0.767273,2,0.5,4928,3936
8864,890.605,ga_tcheby_proxy,mesh9,8,6,0,"[8-7-6]",2,44,3.22898,0.97,0.748527,2,0.5,4929,3936
8865,890.671,ga_tcheby_proxy,mesh9,3,6,0,"[3-6]",1,20,1.59654,0.975,0.767273,1,0.5,4930,3936
8866,890.836,ga_tcheby_proxy,mesh9,5,8,0,"[5-8]",1,20,1.59654,0.975,0.767695,1,0.5,4931,3936
8867,890.848,ga_tcheby_proxy,mesh9,7,0,1,"[]",0,0,0,0,0,0,0.5,4931,3937
8868,891.254,ga_tcheby_proxy,mesh9,7,3,0,"[7-4-3]",2,42,3.21103,0.97,0.767695,2,0.5,4932,3937
8869,891.326,ga_tcheby_proxy,mesh9,7,5,0,"[7-8-5]",2,42,3.21103,0.97,0.768116,2,0.5,4933,3937
8870,891.421,ga_tcheby_proxy,mesh9,4,5,0,"[4-5]",1,22,1.61449,0.97,0.763838,1,0.5,4934,3937
8871,891.477,ga_tcheby_proxy,mesh9,0,2,1,"[]",0,0,0,0,0,0,0.5,4934,3938
8872,891.577,ga_tcheby_proxy,mesh9,8,4,0,"[8-7-4]",2,42,3.21103,0.97,0.768116,2,0.5,4935,3938
8873,891.6,ga_tcheby_proxy,mesh9,1,2,1,"[]",0,0,0,0,0,0,0.5,4935,3939
8874,891.666,ga_tcheby_proxy,mesh9,6,7,0,"[6-7]",1,22,1.70214,0.917968,0.760748,1,0.5,4936,3939
8875,891.739,ga_tcheby_proxy,mesh9,5,0,0,"[5-2-1-0]",3,64,4.89021,0.946859,0.770609,3,0.5,4937,3939
8876,891.865,ga_tcheby_proxy,mesh9,7,6,0,"[7-6]",1,22,1.61449,0.97,0.747535,1,0.5,4938,3939
8877,891.872,ga_tcheby_proxy,mesh9,6,3,1,"[]",0,0,0,0,0,0,0.5,4938,3940
8878,891.892,ga_tcheby_proxy,mesh9,3,0,1,"[]",0,0,0,0,0,0,0.5,4938,3941
8879,891.9,ga_tcheby_proxy,mesh9,4,2,1,"[]",0,0,0,0,0,0,0.5,4938,3942
8880,891.932,ga_tcheby_proxy,mesh9,2,5,1,"[]",0,0,0,0,0,0,0.5,4938,3943
8881,891.974,ga_tcheby_proxy,mesh9,0,8,1,"[]",0,0,0,0,0,0,0.5,4938,3944
8882,891.978,ga_tcheby_proxy,mesh9,3,0,1,"[]",0,0,0,0,0,0,0.5,4938,3945
8883,892.099,ga_tcheby_proxy,mesh9,5,1,0,"[5-4-1]",2,42,3.21103,0.97,0.770609,2,0.5,4939,3945
8884,892.133,ga_tcheby_proxy,mesh9,0,8,1,"[]",0,0,0,0,0,0,0.5,4939,3946
8885,892.154,ga_tcheby_proxy,mesh9,6,3,1,"[]",0,0,0,0,0,0,0.5,4939,3947
8886,892.211,ga_tcheby_proxy,mesh9,8,0,1,"[]",0,0,0,0,0,0,0.5,4939,3948
8887,892.23,ga_tcheby_proxy,mesh9,0,5,1,"[]",0,0,0,0,0,0,0.5,4939,3949
8888,892.291,ga_tcheby_proxy,mesh9,2,6,1,"[]",0,0,0,0,0,0,0.5,4939,3950
8889,892.463,ga_tcheby_proxy,mesh9,5,2,0,"[5-2]",1,20,1.59654,0.975,0.77102,1,0.5,4940,3950
8890,892.538,ga_tcheby_proxy,mesh9,6,3,0,"[6-3]",1,20,1.59654,0.975,0.767695,1,0.5,4941,3950
8891,892.609,ga_tcheby_proxy,mesh9,2,7,0,"[2-5-4-7]",3,62,4.80756,0.97,0.767695,3,0.5,4942,3950
8892,892.634,ga_tcheby_proxy,mesh9,7,4,1,"[]",0,0,0,0,0,0,0.5,4942,3951
8893,892.66,ga_tcheby_proxy,mesh9,5,4,1,"[]",0,0,0,0,0,0,0.5,4942,3952
8894,892.796,ga_tcheby_proxy,mesh9,4,2,0,"[4-1-2]",2,42,3.21103,0.97,0.77102,2,0.5,4943,3952
8895,892.836,ga_tcheby_proxy,mesh9,3,4,1,"[]",0,0,0,0,0,0,0.5,4943,3953
8896,892.894,ga_tcheby_proxy,mesh9,2,5,1,"[]",0,0,0,0,0,0,0.5,4943,3954
8897,892.931,ga_tcheby_proxy,mesh9,5,7,1,"[]",0,0,0,0,0,0,0.5,4943,3955
8898,892.979,ga_tcheby_proxy,mesh9,6,0,1,"[]",0,0,0,0,0,0,0.5,4943,3956
8899,893.021,ga_tcheby_proxy,mesh9,3,8,1,"[]",0,0,0,0,0,0,0.5,4943,3957
8900,893.215,ga_tcheby_proxy,mesh9,3,5,0,"[3-4-5]",2,44,3.22898,0.97,0.765138,2,0.5,4944,3957
8901,893.32,ga_tcheby_proxy,mesh9,4,3,0,"[4-3]",1,22,1.61449,0.97,0.766849,1,0.5,4945,3957
8902,893.355,ga_tcheby_proxy,mesh9,1,8,1,"[]",0,0,0,0,0,0,0.5,4945,3958
8903,893.452,ga_tcheby_proxy,mesh9,5,8,0,"[5-8]",1,20,1.59654,0.975,0.768116,1,0.5,4946,3958
8904,893.71,ga_tcheby_proxy,mesh9,7,3,0,"[7-6-3]",2,42,3.21103,0.97,0.768116,2,0.5,4947,3958
8905,893.793,ga_tcheby_proxy,mesh9,1,2,0,"[1-2]",1,22,1.62395,0.964101,0.762082,1,0.5,4948,3958
8906,894.138,ga_tcheby_proxy,mesh9,1,5,0,"[1-4-5]",2,42,3.21103,0.97,0.765138,2,0.5,4949,3958
8907,894.208,ga_tcheby_proxy,mesh9,7,2,0,"[7-4-5-2]",3,62,4.80756,0.97,0.771429,3,0.5,4950,3958
8908,894.437,ga_tcheby_proxy,mesh9,6,0,0,"[6-3-0]",2,40,3.19307,0.975,0.770609,2,0.5,4951,3958
8909,894.496,ga_tcheby_proxy,mesh9,3,4,1,"[]",0,0,0,0,0,0,0.5,4951,3959
8910,894.607,ga_tcheby_proxy,mesh9,8,0,0,"[8-7-4-3-0]",4,84,6.42205,0.97,0.77102,4,0.5,4952,3959
8911,894.762,ga_tcheby_proxy,mesh9,5,6,0,"[5-4-3-6]",3,64,4.82552,0.97,0.767695,3,0.5,4953,3959
8912,894.798,ga_tcheby_proxy,mesh9,0,5,1,"[]",0,0,0,0,0,0,0.5,4953,3960
8913,894.912,ga_tcheby_proxy,mesh9,3,1,0,"[3-4-1]",2,42,3.21103,0.97,0.771429,2,0.5,4954,3960
8914,895.098,ga_tcheby_proxy,mesh9,4,2,0,"[4-1-2]",2,42,3.21103,0.97,0.771836,2,0.5,4955,3960
8915,895.267,ga_tcheby_proxy,mesh9,0,8,0,"[0-1-4-7-8]",4,84,6.42205,0.97,0.768535,4,0.5,4956,3960
8916,895.329,ga_tcheby_proxy,mesh9,5,1,1,"[]",0,0,0,0,0,0,0.5,4956,3961
8917,895.335,ga_tcheby_proxy,mesh9,6,4,1,"[]",0,0,0,0,0,0,0.5,4956,3962
8918,895.403,ga_tcheby_proxy,mesh9,1,5,0,"[1-2-5]",2,42,3.31756,0.912582,0.766849,2,0.5,4957,3962
8919,895.646,ga_tcheby_proxy,mesh9,7,3,0,"[7-6-3]",2,42,3.21103,0.97,0.768953,2,0.5,4958,3962
8920,895.65,ga_tcheby_proxy,mesh9,7,4,0,"[7-4]",1,20,1.71809,0.903605,0.769369,1,0.5,4959,3962
8921,895.76,ga_tcheby_proxy,mesh9,6,5,0,"[6-7-8-5]",3,64,4.82552,0.97,0.768953,3,0.5,4960,3962
8922,895.98,ga_tcheby_proxy,mesh9,5,4,0,"[5-4]",1,22,1.61449,0.97,0.761639,1,0.5,4961,3962
8923,896.061,ga_tcheby_proxy,mesh9,5,2,0,"[5-2]",1,20,1.59654,0.975,0.771836,1,0.5,4962,3962
8924,896.131,ga_tcheby_proxy,mesh9,3,8,0,"[3-4-7-8]",3,64,4.88882,0.931855,0.769369,3,0.5,4963,3962
8925,896.267,ga_tcheby_proxy,mesh9,8,3,0,"[8-5-4-3]",3,64,4.82552,0.97,0.768535,3,0.5,4964,3962
8926,896.376,ga_tcheby_proxy,mesh9,3,8,0,"[3-4-5-8]",3,64,4.82552,0.97,0.768535,3,0.5,4965,3962
8927,896.393,ga_tcheby_proxy,mesh9,8,6,1,"[]",0,0,0,0,0,0,0.5,4965,3963
8928,896.399,ga_tcheby_proxy,mesh9,7,1,1,"[]",0,0,0,0,0,0,0.5,4965,3964
8929,896.826,ga_tcheby_proxy,mesh9,3,5,0,"[3-4-5]",2,44,3.22898,0.97,0.766849,2,0.5,4966,3964
8930,897.059,ga_tcheby_proxy,mesh9,3,2,0,"[3-0-1-2]",3,64,4.82552,0.97,0.771429,3,0.5,4967,3964
8931,897.1,ga_tcheby_proxy,mesh9,3,4,1,"[]",0,0,0,0,0,0,0.5,4967,3965
8932,897.248,ga_tcheby_proxy,mesh9,8,6,0,"[8-7-6]",2,44,3.22898,0.97,0.75,2,0.5,4968,3965
8933,897.279,ga_tcheby_proxy,mesh9,2,4,1,"[]",0,0,0,0,0,0,0.5,4968,3966
8934,897.376,ga_tcheby_proxy,mesh9,4,5,0,"[4-5]",1,22,1.61449,0.97,0.766423,1,0.5,4969,3966
8935,897.659,ga_tcheby_proxy,mesh9,2,6,0,"[2-1-0-3-6]",4,84,6.42205,0.97,0.768116,4,0.5,4970,3966
8936,897.832,ga_tcheby_proxy,mesh9,3,2,0,"[3-0-1-2]",3,64,4.82552,0.97,0.771836,3,0.5,4971,3966
8937,897.834,ga_tcheby_proxy,mesh9,4,2,0,"[4-5-2]",2,42,3.32712,0.935013,0.775,2,0.5,4972,3966
8938,897.849,ga_tcheby_proxy,mesh9,1,0,1,"[]",0,0,0,0,0,0,0.5,4972,3967
8939,897.872,ga_tcheby_proxy,mesh9,0,7,1,"[]",0,0,0,0,0,0,0.5,4972,3968
8940,897.961,ga_tcheby_proxy,mesh9,4,5,0,"[4-5]",1,22,1.61449,0.97,0.767273,1,0.5,4973,3968
8941,897.964,ga_tcheby_proxy,mesh9,0,4,0,"[0-1-4]",2,42,3.37174,0.920708,0.765996,2,0.5,4974,3968
8942,897.976,ga_tcheby_proxy,mesh9,5,1,1,"[]",0,0,0,0,0,0,0.5,4974,3969
8943,898.123,ga_tcheby_proxy,mesh9,0,8,0,"[0-3-4-5-8]",4,84,6.42205,0.97,0.768953,4,0.5,4975,3969
8944,898.166,ga_tcheby_proxy,mesh9,4,8,1,"[]",0,0,0,0,0,0,0.5,4975,3970
8945,898.28,ga_tcheby_proxy,mesh9,4,0,0,"[4-3-0]",2,42,3.21103,0.97,0.772242,2,0.5,4976,3970
8946,898.298,ga_tcheby_proxy,mesh9,1,6,1,"[]",0,0,0,0,0,0,0.5,4976,3971
8947,898.399,ga_tcheby_proxy,mesh9,4,7,0,"[4-7]",1,20,1.59654,0.975,0.768953,1,0.5,4977,3971
8948,898.58,ga_tcheby_proxy,mesh9,4,3,0,"[4-3]",1,22,1.61449,0.97,0.768953,1,0.5,4978,3971
8949,898.582,ga_tcheby_proxy,mesh9,3,8,0,"[3-6-7-8]",3,64,4.95341,0.94389,0.771171,3,0.5,4979,3971
8950,898.646,ga_tcheby_proxy,mesh9,7,8,0,"[7-8]",1,22,1.65759,0.943697,0.770197,1,0.5,4980,3971
8951,898.666,ga_tcheby_proxy,mesh9,0,1,1,"[]",0,0,0,0,0,0,0.5,4980,3972
8952,898.906,ga_tcheby_proxy,mesh9,0,6,0,"[0-3-6]",2,40,3.19307,0.975,0.768953,2,0.5,4981,3972
8953,898.934,ga_tcheby_proxy,mesh9,4,2,1,"[]",0,0,0,0,0,0,0.5,4981,3973
8954,898.938,ga_tcheby_proxy,mesh9,5,0,1,"[]",0,0,0,0,0,0,0.5,4981,3974
8955,898.95,ga_tcheby_proxy,mesh9,3,6,1,"[]",0,0,0,0,0,0,0.5,4981,3975
8956,899.041,ga_tcheby_proxy,mesh9,0,7,0,"[0-1-4-7]",3,62,4.80756,0.97,0.769369,3,0.5,4982,3975
8957,899.085,ga_tcheby_proxy,mesh9,0,4,1,"[]",0,0,0,0,0,0,0.5,4982,3976
8958,899.129,ga_tcheby_proxy,mesh9,0,7,1,"[]",0,0,0,0,0,0,0.5,4982,3977
8959,899.205,ga_tcheby_proxy,mesh9,4,1,0,"[4-1]",1,20,1.59654,0.975,0.772242,1,0.5,4983,3977
8960,899.262,ga_tcheby_proxy,mesh9,5,6,1,"[]",0,0,0,0,0,0,0.5,4983,3978
8961,899.276,ga_tcheby_proxy,mesh9,5,7,1,"[]",0,0,0,0,0,0,0.5,4983,3979
8962,899.342,ga_tcheby_proxy,mesh9,2,1,1,"[]",0,0,0,0,0,0,0.5,4983,3980
8963,899.474,ga_tcheby_proxy,mesh9,4,5,0,"[4-5]",1,22,1.61449,0.97,0.768116,1,0.5,4984,3980
8964,899.488,ga_tcheby_proxy,mesh9,3,4,1,"[]",0,0,0,0,0,0,0.5,4984,3981
8965,899.579,ga_tcheby_proxy,mesh9,1,3,0,"[1-0-3]",2,42,3.21103,0.97,0.767273,2,0.5,4985,3981
8966,899.655,ga_tcheby_proxy,mesh9,2,8,0,"[2-5-8]",2,40,3.19307,0.975,0.769369,2,0.5,4986,3981
8967,899.71,ga_tcheby_proxy,mesh9,8,1,1,"[]",0,0,0,0,0,0,0.5,4986,3982
8968,899.767,ga_tcheby_proxy,mesh9,8,6,1,"[]",0,0,0,0,0,0,0.5,4986,3983
8969,899.805,ga_tcheby_proxy,mesh9,1,5,1,"[]",0,0,0,0,0,0,0.5,4986,3984
8970,900,ga_tcheby_proxy,mesh9,2,0,0,"[2-1-0]",2,44,3.22898,0.97,0.767695,2,0.5,4987,3984
8971,900.118,ga_tcheby_proxy,mesh9,6,7,0,"[6-7]",1,22,1.61449,0.97,0.762082,1,0.5,4988,3984
8972,900.268,ga_tcheby_proxy,mesh9,8,3,0,"[8-7-6-3]",3,64,4.82552,0.97,0.769369,3,0.5,4989,3984
8973,900.292,ga_tcheby_proxy,mesh9,4,2,1,"[]",0,0,0,0,0,0,0.5,4989,3985
8974,900.675,ga_tcheby_proxy,mesh9,1,8,0,"[1-4-5-8]",3,62,4.80756,0.97,0.769784,3,0.5,4990,3985
8975,900.793,ga_tcheby_proxy,mesh9,0,7,0,"[0-3-6-7]",3,62,4.80756,0.97,0.769369,3,0.5,4991,3985
8976,900.862,ga_tcheby_proxy,mesh9,5,4,0,"[5-4]",1,22,1.6408,0.953771,0.762523,1,0.5,4992,3985
8977,900.864,ga_tcheby_proxy,mesh9,8,2,1,"[]",0,0,0,0,0,0,0.5,4992,3986
8978,900.984,ga_tcheby_proxy,mesh9,3,7,0,"[3-4-7]",2,42,3.21103,0.97,0.769784,2,0.5,4993,3986
8979,901.063,ga_tcheby_proxy,mesh9,6,3,0,"[6-3]",1,20,1.59654,0.975,0.769784,1,0.5,4994,3986
8980,901.112,ga_tcheby_proxy,mesh9,6,7,1,"[]",0,0,0,0,0,0,0.5,4994,3987
8981,901.28,ga_tcheby_proxy,mesh9,0,5,0,"[0-1-2-5]",3,64,4.82552,0.97,0.767695,3,0.5,4995,3987
8982,901.307,ga_tcheby_proxy,mesh9,5,7,1,"[]",0,0,0,0,0,0,0.5,4995,3988
8983,901.541,ga_tcheby_proxy,mesh9,4,6,0,"[4-3-6]",2,42,3.21103,0.97,0.769784,2,0.5,4996,3988
8984,901.544,ga_tcheby_proxy,mesh9,1,6,0,"[1-4-7-6]",3,62,5.0858,0.915871,0.774368,3,0.5,4997,3988
8985,901.623,ga_tcheby_proxy,mesh9,3,7,0,"[3-6-7]",2,42,3.21103,0.97,0.770197,2,0.5,4998,3988
8986,901.849,ga_tcheby_proxy,mesh9,3,4,0,"[3-4]",1,22,1.61449,0.97,0.768116,1,0.5,4999,3988
8987,902.105,ga_tcheby_proxy,mesh9,7,1,0,"[7-4-1]",2,40,3.19307,0.975,0.772647,2,0.5,5000,3988
8988,902.117,ga_tcheby_proxy,mesh9,1,6,1,"[]",0,0,0,0,0,0,0.5,5000,3989
8989,902.371,ga_tcheby_proxy,mesh9,2,4,0,"[2-1-4]",2,42,3.21103,0.97,0.767695,2,0.5,5001,3989
8990,902.377,ga_tcheby_proxy,mesh9,1,6,1,"[]",0,0,0,0,0,0,0.5,5001,3990
8991,902.542,ga_tcheby_proxy,mesh9,8,2,0,"[8-5-2]",2,40,3.19307,0.975,0.772647,2,0.5,5002,3990
8992,902.621,ga_tcheby_proxy,mesh9,8,4,0,"[8-5-4]",2,42,3.21103,0.97,0.769369,2,0.5,5003,3990
8993,902.781,ga_tcheby_proxy,mesh9,8,6,0,"[8-7-6]",2,44,3.22898,0.97,0.750973,2,0.5,5004,3990
8994,902.825,ga_tcheby_proxy,mesh9,8,5,1,"[]",0,0,0,0,0,0,0.5,5004,3991
8995,902.925,ga_tcheby_proxy,mesh9,5,3,0,"[5-4-3]",2,44,3.22898,0.97,0.769784,2,0.5,5005,3991
8996,902.954,ga_tcheby_proxy,mesh9,3,7,1,"[]",0,0,0,0,0,0,0.5,5005,3992
8997,902.996,ga_tcheby_proxy,mesh9,6,0,1,"[]",0,0,0,0,0,0,0.5,5005,3993
8998,903.005,ga_tcheby_proxy,mesh9,6,3,1,"[]",0,0,0,0,0,0,0.5,5005,3994
8999,903.183,ga_tcheby_proxy,mesh9,8,2,0,"[8-5-2]",2,40,3.19307,0.975,0.77305,2,0.5,5006,3994
9000,903.316,ga_tcheby_proxy,mesh9,8,0,0,"[8-5-4-3-0]",4,84,6.42205,0.97,0.772647,4,0.5,5007,3994
9001,903.437,ga_tcheby_proxy,mesh9,5,4,0,"[5-4]",1,22,1.61449,0.97,0.764273,1,0.5,5008,3994
9002,903.507,ga_tcheby_proxy,mesh9,6,0,0,"[6-3-4-1-0]",4,84,6.42205,0.97,0.77305,4,0.5,5009,3994
9003,903.577,ga_tcheby_proxy,mesh9,6,4,1,"[]",0,0,0,0,0,0,0.5,5009,3995
9004,903.601,ga_tcheby_proxy,mesh9,0,3,1,"[]",0,0,0,0,0,0,0.5,5009,3996
9005,903.725,ga_tcheby_proxy,mesh9,2,8,0,"[2-5-8]",2,40,3.19307,0.975,0.770197,2,0.5,5010,3996
9006,903.744,ga_tcheby_proxy,mesh9,7,0,1,"[]",0,0,0,0,0,0,0.5,5010,3997
9007,903.842,ga_tcheby_proxy,mesh9,8,5,0,"[8-5]",1,20,1.59654,0.975,0.770609,1,0.5,5011,3997
9008,904.022,ga_tcheby_proxy,mesh9,8,2,0,"[8-5-2]",2,40,3.19307,0.975,0.773451,2,0.5,5012,3997
9009,904.112,ga_tcheby_proxy,mesh9,8,5,0,"[8-5]",1,20,1.59654,0.975,0.771429,1,0.5,5013,3997
9010,904.141,ga_tcheby_proxy,mesh9,4,0,1,"[]",0,0,0,0,0,0,0.5,5013,3998
9011,904.225,ga_tcheby_proxy,mesh9,7,0,0,"[7-4-3-0]",3,62,4.80756,0.97,0.77305,3,0.5,5014,3998
9012,904.242,ga_tcheby_proxy,mesh9,1,6,1,"[]",0,0,0,0,0,0,0.5,5014,3999
9013,904.318,ga_tcheby_proxy,mesh9,5,2,0,"[5-2]",1,20,1.59654,0.975,0.773852,1,0.5,5015,3999
9014,904.483,ga_tcheby_proxy,mesh9,1,8,0,"[1-2-5-8]",3,62,4.80756,0.97,0.770609,3,0.5,5016,3999
9015,904.703,ga_tcheby_proxy,mesh9,8,4,0,"[8-7-4]",2,42,3.21103,0.97,0.770609,2,0.5,5017,3999
9016,904.708,ga_tcheby_proxy,mesh9,5,3,1,"[]",0,0,0,0,0,0,0.5,5017,4000
9017,904.761,ga_tcheby_proxy,mesh9,3,6,1,"[]",0,0,0,0,0,0,0.5,5017,4001
9018,904.781,ga_tcheby_proxy,mesh9,0,3,1,"[]",0,0,0,0,0,0,0.5,5017,4002
9019,904.901,ga_tcheby_proxy,mesh9,8,4,0,"[8-7-4]",2,42,3.21103,0.97,0.77102,2,0.5,5018,4002
9020,904.937,ga_tcheby_proxy,mesh9,3,2,1,"[]",0,0,0,0,0,0,0.5,5018,4003
9021,905.133,ga_tcheby_proxy,mesh9,4,6,0,"[4-7-6]",2,42,3.21103,0.97,0.770609,2,0.5,5019,4003
9022,905.141,ga_tcheby_proxy,mesh9,7,4,1,"[]",0,0,0,0,0,0,0.5,5019,4004
9023,905.269,ga_tcheby_proxy,mesh9,8,2,0,"[8-5-2]",2,40,3.19307,0.975,0.77425,2,0.5,5020,4004
9024,905.438,ga_tcheby_proxy,mesh9,2,0,0,"[2-1-0]",2,44,3.22898,0.97,0.768535,2,0.5,5021,4004
9025,905.518,ga_tcheby_proxy,mesh9,8,6,0,"[8-7-6]",2,44,3.24776,0.958362,0.752418,2,0.5,5022,4004
9026,905.543,ga_tcheby_proxy,mesh9,8,3,1,"[]",0,0,0,0,0,0,0.5,5022,4005
9027,905.651,ga_tcheby_proxy,mesh9,6,8,0,"[6-7-8]",2,44,3.22898,0.97,0.770609,2,0.5,5023,4005
9028,905.678,ga_tcheby_proxy,mesh9,5,8,1,"[]",0,0,0,0,0,0,0.5,5023,4006
9029,905.703,ga_tcheby_proxy,mesh9,3,5,1,"[]",0,0,0,0,0,0,0.5,5023,4007
9030,905.708,ga_tcheby_proxy,mesh9,1,5,1,"[]",0,0,0,0,0,0,0.5,5023,4008
9031,905.775,ga_tcheby_proxy,mesh9,5,6,0,"[5-4-7-6]",3,64,4.82552,0.97,0.77102,3,0.5,5024,4008
9032,905.843,ga_tcheby_proxy,mesh9,3,1,0,"[3-6-7-4-1]",4,82,6.42156,0.964477,0.773451,4,0.5,5025,4008
9033,905.884,ga_tcheby_proxy,mesh9,0,6,1,"[]",0,0,0,0,0,0,0.5,5025,4009
9034,905.937,ga_tcheby_proxy,mesh9,5,7,1,"[]",0,0,0,0,0,0,0.5,5025,4010
9035,906.28,ga_tcheby_proxy,mesh9,3,7,0,"[3-6-7]",2,42,3.21103,0.97,0.77102,2,0.5,5026,4010
9036,906.961,ga_tcheby_proxy,mesh9,7,1,0,"[7-4-1]",2,40,3.19307,0.975,0.773852,2,0.5,5027,4010
9037,907.076,ga_tcheby_proxy,mesh9,1,8,0,"[1-4-5-8]",3,62,4.80756,0.97,0.77102,3,0.5,5028,4010
9038,907.352,ga_tcheby_proxy,mesh9,6,5,0,"[6-3-4-5]",3,64,4.82552,0.97,0.770609,3,0.5,5029,4010
9039,907.37,ga_tcheby_proxy,mesh9,6,7,1,"[]",0,0,0,0,0,0,0.5,5029,4011
9040,907.814,ga_tcheby_proxy,mesh9,3,8,0,"[3-4-5-8]",3,64,4.82552,0.97,0.771429,3,0.5,5030,4011
9041,907.839,ga_tcheby_proxy,mesh9,6,7,1,"[]",0,0,0,0,0,0,0.5,5030,4012
9042,908.039,ga_tcheby_proxy,mesh9,5,8,0,"[5-8]",1,20,1.59654,0.975,0.771836,1,0.5,5031,4012
9043,908.309,ga_tcheby_proxy,mesh9,2,7,0,"[2-1-4-7]",3,62,4.80756,0.97,0.771429,3,0.5,5032,4012
9044,908.347,ga_tcheby_proxy,mesh9,0,3,1,"[]",0,0,0,0,0,0,0.5,5032,4013
9045,908.36,ga_tcheby_proxy,mesh9,7,6,1,"[]",0,0,0,0,0,0,0.5,5032,4014
9046,908.43,ga_tcheby_proxy,mesh9,2,5,0,"[2-5]",1,20,1.59654,0.975,0.768953,1,0.5,5033,4014
9047,908.477,ga_tcheby_proxy,mesh9,7,1,1,"[]",0,0,0,0,0,0,0.5,5033,4015
9048,908.497,ga_tcheby_proxy,mesh9,0,4,1,"[]",0,0,0,0,0,0,0.5,5033,4016
9049,908.516,ga_tcheby_proxy,mesh9,1,3,1,"[]",0,0,0,0,0,0,0.5,5033,4017
9050,908.555,ga_tcheby_proxy,mesh9,1,2,1,"[]",0,0,0,0,0,0,0.5,5033,4018
9051,908.612,ga_tcheby_proxy,mesh9,1,0,1,"[]",0,0,0,0,0,0,0.5,5033,4019
9052,908.763,ga_tcheby_proxy,mesh9,4,8,0,"[4-7-8]",2,42,3.21103,0.97,0.771836,2,0.5,5034,4019
9053,908.797,ga_tcheby_proxy,mesh9,5,2,1,"[]",0,0,0,0,0,0,0.5,5034,4020
9054,909.086,ga_tcheby_proxy,mesh9,2,3,0,"[2-1-0-3]",3,64,4.82552,0.97,0.768953,3,0.5,5035,4020
9055,909.378,ga_tcheby_proxy,mesh9,4,0,0,"[4-3-0]",2,42,3.21103,0.97,0.773451,2,0.5,5036,4020
9056,909.448,ga_tcheby_proxy,mesh9,6,7,0,"[6-3-4-7]",3,62,4.85158,0.953644,0.772242,3,0.5,5037,4020
9057,909.743,ga_tcheby_proxy,mesh9,5,3,0,"[5-4-3]",2,44,3.22898,0.97,0.771429,2,0.5,5038,4020
9058,909.775,ga_tcheby_proxy,mesh9,6,7,1,"[]",0,0,0,0,0,0,0.5,5038,4021
9059,909.868,ga_tcheby_proxy,mesh9,5,6,0,"[5-4-3-6]",3,64,4.82552,0.97,0.771836,3,0.5,5039,4021
9060,909.907,ga_tcheby_proxy,mesh9,2,1,1,"[]",0,0,0,0,0,0,0.5,5039,4022
9061,910.052,ga_tcheby_proxy,mesh9,7,6,0,"[7-6]",1,22,1.61449,0.97,0.752418,1,0.5,5040,4022
9062,910.057,ga_tcheby_proxy,mesh9,6,8,1,"[]",0,0,0,0,0,0,0.5,5040,4023
9063,910.273,ga_tcheby_proxy,mesh9,1,2,0,"[1-2]",1,22,1.61449,0.97,0.765138,1,0.5,5041,4023
9064,910.277,ga_tcheby_proxy,mesh9,6,2,0,"[6-3-0-1-2]",4,84,6.84653,0.906377,0.775221,4,0.5,5042,4023
9065,910.315,ga_tcheby_proxy,mesh9,8,0,1,"[]",0,0,0,0,0,0,0.5,5042,4024
9066,910.476,ga_tcheby_proxy,mesh9,7,3,0,"[7-6-3]",2,42,3.21103,0.97,0.771836,2,0.5,5043,4024
9067,910.581,ga_tcheby_proxy,mesh9,8,6,0,"[8-7-6]",2,44,3.22898,0.97,0.753372,2,0.5,5044,4024
9068,910.595,ga_tcheby_proxy,mesh9,3,0,1,"[]",0,0,0,0,0,0,0.5,5044,4025
9069,910.708,ga_tcheby_proxy,mesh9,2,6,0,"[2-1-0-3-6]",4,84,6.42205,0.97,0.771836,4,0.5,5045,4025
9070,910.732,ga_tcheby_proxy,mesh9,2,3,1,"[]",0,0,0,0,0,0,0.5,5045,4026
9071,910.763,ga_tcheby_proxy,mesh9,3,2,1,"[]",0,0,0,0,0,0,0.5,5045,4027
9072,910.794,ga_tcheby_proxy,mesh9,1,6,1,"[]",0,0,0,0,0,0,0.5,5045,4028
9073,910.833,ga_tcheby_proxy,mesh9,2,3,1,"[]",0,0,0,0,0,0,0.5,5045,4029
9074,910.94,ga_tcheby_proxy,mesh9,1,5,0,"[1-2-5]",2,42,3.21103,0.97,0.769369,2,0.5,5046,4029
9075,911.39,ga_tcheby_proxy,mesh9,7,6,0,"[7-6]",1,22,1.61449,0.97,0.753846,1,0.5,5047,4029
9076,911.491,ga_tcheby_proxy,mesh9,1,7,0,"[1-4-7]",2,40,3.19307,0.975,0.772647,2,0.5,5048,4029
9077,911.491,ga_tcheby_proxy,mesh9,6,2,0,"[6-7-4-1-2]",4,84,6.43319,0.968253,0.77425,4,0.5,5049,4029
9078,911.594,ga_tcheby_proxy,mesh9,1,3,0,"[1-0-3]",2,42,3.21103,0.97,0.769784,2,0.5,5050,4029
9079,911.638,ga_tcheby_proxy,mesh9,7,6,1,"[]",0,0,0,0,0,0,0.5,5050,4030
9080,911.638,ga_tcheby_proxy,mesh9,8,7,1,"[]",0,0,0,0,0,0,0.5,5050,4031
9081,911.829,ga_tcheby_proxy,mesh9,6,8,0,"[6-7-8]",2,44,3.22898,0.97,0.771429,2,0.5,5051,4031
9082,911.863,ga_tcheby_proxy,mesh9,8,7,1,"[]",0,0,0,0,0,0,0.5,5051,4032
9083,911.922,ga_tcheby_proxy,mesh9,4,2,1,"[]",0,0,0,0,0,0,0.5,5051,4033
9084,912.034,ga_tcheby_proxy,mesh9,7,3,0,"[7-6-3]",2,42,3.21103,0.97,0.772242,2,0.5,5052,4033
9085,912.043,ga_tcheby_proxy,mesh9,8,1,1,"[]",0,0,0,0,0,0,0.5,5052,4034
9086,912.107,ga_tcheby_proxy,mesh9,4,1,1,"[]",0,0,0,0,0,0,0.5,5052,4035
9087,912.229,ga_tcheby_proxy,mesh9,1,3,0,"[1-0-3]",2,42,3.21103,0.97,0.770197,2,0.5,5053,4035
9088,912.341,ga_tcheby_proxy,mesh9,2,7,0,"[2-5-8-7]",3,62,4.80756,0.97,0.772242,3,0.5,5054,4035
9089,912.39,ga_tcheby_proxy,mesh9,1,2,1,"[]",0,0,0,0,0,0,0.5,5054,4036
9090,912.462,ga_tcheby_proxy,mesh9,0,7,0,"[0-1-4-7]",3,62,4.80756,0.97,0.77305,3,0.5,5055,4036
9091,912.465,ga_tcheby_proxy,mesh9,8,5,0,"[8-5]",1,20,1.67319,0.928724,0.772242,1,0.5,5056,4036
9092,912.616,ga_tcheby_proxy,mesh9,1,2,0,"[1-2]",1,22,1.61449,0.97,0.766849,1,0.5,5057,4036
9093,912.631,ga_tcheby_proxy,mesh9,7,0,1,"[]",0,0,0,0,0,0,0.5,5057,4037
9094,912.679,ga_tcheby_proxy,mesh9,7,1,1,"[]",0,0,0,0,0,0,0.5,5057,4038
9095,912.795,ga_tcheby_proxy,mesh9,0,1,0,"[0-1]",1,22,1.61449,0.97,0.750973,1,0.5,5058,4038
9096,912.826,ga_tcheby_proxy,mesh9,1,6,1,"[]",0,0,0,0,0,0,0.5,5058,4039
9097,912.954,ga_tcheby_proxy,mesh9,4,1,0,"[4-1]",1,20,1.59654,0.975,0.774648,1,0.5,5059,4039
9098,913.014,ga_tcheby_proxy,mesh9,7,1,1,"[]",0,0,0,0,0,0,0.5,5059,4040
9099,913.146,ga_tcheby_proxy,mesh9,7,4,0,"[7-4]",1,20,1.59654,0.975,0.772647,1,0.5,5060,4040
9100,913.197,ga_tcheby_proxy,mesh9,4,7,1,"[]",0,0,0,0,0,0,0.5,5060,4041
9101,913.241,ga_tcheby_proxy,mesh9,7,5,1,"[]",0,0,0,0,0,0,0.5,5060,4042
9102,913.459,ga_tcheby_proxy,mesh9,3,1,0,"[3-0-1]",2,42,3.21103,0.97,0.77425,2,0.5,5061,4042
9103,913.605,ga_tcheby_proxy,mesh9,2,4,0,"[2-1-4]",2,42,3.21103,0.97,0.769784,2,0.5,5062,4042
9104,913.634,ga_tcheby_proxy,mesh9,3,4,1,"[]",0,0,0,0,0,0,0.5,5062,4043
9105,913.926,ga_tcheby_proxy,mesh9,8,0,0,"[8-5-2-1-0]",4,84,6.42205,0.97,0.774648,4,0.5,5063,4043
9106,914.058,ga_tcheby_proxy,mesh9,2,1,0,"[2-1]",1,22,1.61449,0.97,0.769784,1,0.5,5064,4043
9107,914.128,ga_tcheby_proxy,mesh9,7,0,0,"[7-4-1-0]",3,62,4.81632,0.964538,0.775044,3,0.5,5065,4043
9108,914.2,ga_tcheby_proxy,mesh9,1,0,0,"[1-0]",1,22,1.66911,0.936911,0.771429,1,0.5,5066,4043
9109,914.384,ga_tcheby_proxy,mesh9,6,0,0,"[6-3-0]",2,40,3.19307,0.975,0.774648,2,0.5,5067,4043
9110,914.391,ga_tcheby_proxy,mesh9,6,0,1,"[]",0,0,0,0,0,0,0.5,5067,4044
9111,914.478,ga_tcheby_proxy,mesh9,0,2,0,"[0-1-2]",2,44,3.22898,0.97,0.767273,2,0.5,5068,4044
9112,914.573,ga_tcheby_proxy,mesh9,4,0,0,"[4-3-0]",2,42,3.21103,0.97,0.775044,2,0.5,5069,4044
9113,914.592,ga_tcheby_proxy,mesh9,1,5,1,"[]",0,0,0,0,0,0,0.5,5069,4045
9114,914.702,ga_tcheby_proxy,mesh9,5,3,0,"[5-4-3]",2,44,3.22898,0.97,0.772647,2,0.5,5070,4045
9115,914.81,ga_tcheby_proxy,mesh9,2,8,0,"[2-5-8]",2,40,3.19307,0.975,0.772647,2,0.5,5071,4045
9116,914.814,ga_tcheby_proxy,mesh9,3,1,0,"[3-0-1]",2,42,3.41512,0.909339,0.775439,2,0.5,5072,4045
9117,914.814,ga_tcheby_proxy,mesh9,1,8,1,"[]",0,0,0,0,0,0,0.5,5072,4046
9118,914.867,ga_tcheby_proxy,mesh9,4,5,1,"[]",0,0,0,0,0,0,0.5,5072,4047
9119,914.973,ga_tcheby_proxy,mesh9,8,6,0,"[8-7-6]",2,44,3.22898,0.97,0.754789,2,0.5,5073,4047
9120,914.981,ga_tcheby_proxy,mesh9,4,2,1,"[]",0,0,0,0,0,0,0.5,5073,4048
9121,915.113,ga_tcheby_proxy,mesh9,3,8,0,"[3-6-7-8]",3,64,4.82552,0.97,0.772242,3,0.5,5074,4048
9122,915.268,ga_tcheby_proxy,mesh9,4,8,0,"[4-5-8]",2,42,3.21103,0.97,0.77305,2,0.5,5075,4048
9123,915.542,ga_tcheby_proxy,mesh9,8,2,0,"[8-5-2]",2,40,3.19307,0.975,0.775044,2,0.5,5076,4048
9124,915.592,ga_tcheby_proxy,mesh9,1,5,1,"[]",0,0,0,0,0,0,0.5,5076,4049
9125,915.635,ga_tcheby_proxy,mesh9,5,7,1,"[]",0,0,0,0,0,0,0.5,5076,4050
9126,915.772,ga_tcheby_proxy,mesh9,5,7,0,"[5-4-7]",2,42,3.21103,0.97,0.773451,2,0.5,5077,4050
9127,915.808,ga_tcheby_proxy,mesh9,7,6,1,"[]",0,0,0,0,0,0,0.5,5077,4051
9128,915.895,ga_tcheby_proxy,mesh9,6,7,0,"[6-7]",1,22,1.61449,0.97,0.765996,1,0.5,5078,4051
9129,915.924,ga_tcheby_proxy,mesh9,7,3,1,"[]",0,0,0,0,0,0,0.5,5078,4052
9130,916.023,ga_tcheby_proxy,mesh9,7,6,0,"[7-6]",1,22,1.61449,0.97,0.755258,1,0.5,5079,4052
9131,916.093,ga_tcheby_proxy,mesh9,6,5,0,"[6-3-4-5]",3,64,4.82552,0.97,0.77305,3,0.5,5080,4052
9132,916.306,ga_tcheby_proxy,mesh9,2,4,0,"[2-1-4]",2,42,3.21103,0.97,0.770197,2,0.5,5081,4052
9133,916.452,ga_tcheby_proxy,mesh9,3,0,0,"[3-0]",1,20,1.59654,0.975,0.775832,1,0.5,5082,4052
9134,916.453,ga_tcheby_proxy,mesh9,2,6,0,"[2-5-4-3-6]",4,84,6.60435,0.942122,0.775401,4,0.5,5083,4052
9135,916.658,ga_tcheby_proxy,mesh9,6,2,0,"[6-7-4-1-2]",4,84,6.42205,0.97,0.775439,4,0.5,5084,4052
9136,916.85,ga_tcheby_proxy,mesh9,2,5,0,"[2-5]",1,20,1.59654,0.975,0.77102,1,0.5,5085,4052
9137,917.158,ga_tcheby_proxy,mesh9,1,4,0,"[1-4]",1,20,1.59654,0.975,0.770609,1,0.5,5086,4052
9138,917.192,ga_tcheby_proxy,mesh9,2,4,1,"[]",0,0,0,0,0,0,0.5,5086,4053
9139,917.394,ga_tcheby_proxy,mesh9,5,7,0,"[5-8-7]",2,42,3.21103,0.97,0.773451,2,0.5,5087,4053
9140,917.439,ga_tcheby_proxy,mesh9,2,6,1,"[]",0,0,0,0,0,0,0.5,5087,4054
9141,917.72,ga_tcheby_proxy,mesh9,4,8,0,"[4-7-8]",2,42,3.21103,0.97,0.773852,2,0.5,5088,4054
9142,917.752,ga_tcheby_proxy,mesh9,0,5,1,"[]",0,0,0,0,0,0,0.5,5088,4055
9143,917.784,ga_tcheby_proxy,mesh9,1,7,1,"[]",0,0,0,0,0,0,0.5,5088,4056
9144,917.922,ga_tcheby_proxy,mesh9,6,1,0,"[6-7-4-1]",3,62,4.80756,0.97,0.775832,3,0.5,5089,4056
9145,918.184,ga_tcheby_proxy,mesh9,3,0,0,"[3-0]",1,20,1.59654,0.975,0.776224,1,0.5,5090,4056
9146,918.231,ga_tcheby_proxy,mesh9,1,4,1,"[]",0,0,0,0,0,0,0.5,5090,4057
9147,918.357,ga_tcheby_proxy,mesh9,4,6,0,"[4-3-6]",2,42,3.21103,0.97,0.773451,2,0.5,5091,4057
9148,918.383,ga_tcheby_proxy,mesh9,7,4,1,"[]",0,0,0,0,0,0,0.5,5091,4058
9149,918.443,ga_tcheby_proxy,mesh9,3,4,1,"[]",0,0,0,0,0,0,0.5,5091,4059
9150,918.476,ga_tcheby_proxy,mesh9,7,4,1,"[]",0,0,0,0,0,0,0.5,5091,4060
9151,918.608,ga_tcheby_proxy,mesh9,6,2,0,"[6-7-8-5-2]",4,84,6.42205,0.97,0.775439,4,0.5,5092,4060
9152,918.641,ga_tcheby_proxy,mesh9,0,7,1,"[]",0,0,0,0,0,0,0.5,5092,4061
9153,918.663,ga_tcheby_proxy,mesh9,7,1,1,"[]",0,0,0,0,0,0,0.5,5092,4062
9154,918.739,ga_tcheby_proxy,mesh9,2,0,0,"[2-1-0]",2,44,3.23888,0.963831,0.771836,2,0.5,5093,4062
9155,918.86,ga_tcheby_proxy,mesh9,8,3,0,"[8-7-6-3]",3,64,4.82552,0.97,0.773451,3,0.5,5094,4062
9156,919.014,ga_tcheby_proxy,mesh9,1,6,0,"[1-0-3-6]",3,62,4.80756,0.97,0.773451,3,0.5,5095,4062
9157,919.265,ga_tcheby_proxy,mesh9,4,6,0,"[4-3-6]",2,42,3.21103,0.97,0.773852,2,0.5,5096,4062
9158,919.274,ga_tcheby_proxy,mesh9,8,3,1,"[]",0,0,0,0,0,0,0.5,5096,4063
9159,919.285,ga_tcheby_proxy,mesh9,3,0,1,"[]",0,0,0,0,0,0,0.5,5096,4064
9160,919.601,ga_tcheby_proxy,mesh9,4,8,0,"[4-5-8]",2,42,3.21103,0.97,0.773852,2,0.5,5097,4064
9161,919.654,ga_tcheby_proxy,mesh9,6,1,1,"[]",0,0,0,0,0,0,0.5,5097,4065
9162,919.719,ga_tcheby_proxy,mesh9,0,3,0,"[0-3]",1,20,1.67211,0.929349,0.765568,1,0.5,5098,4065
9163,919.845,ga_tcheby_proxy,mesh9,4,7,0,"[4-7]",1,20,1.59654,0.975,0.77425,1,0.5,5099,4065
9164,919.934,ga_tcheby_proxy,mesh9,8,2,0,"[8-5-2]",2,40,3.19307,0.975,0.775832,2,0.5,5100,4065
9165,920.151,ga_tcheby_proxy,mesh9,5,8,0,"[5-8]",1,20,1.59654,0.975,0.77425,1,0.5,5101,4065
9166,920.313,ga_tcheby_proxy,mesh9,4,7,0,"[4-7]",1,20,1.59654,0.975,0.774648,1,0.5,5102,4065
9167,920.416,ga_tcheby_proxy,mesh9,8,3,0,"[8-7-6-3]",3,64,4.82552,0.97,0.773852,3,0.5,5103,4065
9168,920.52,ga_tcheby_proxy,mesh9,0,2,0,"[0-1-2]",2,44,3.22898,0.97,0.768116,2,0.5,5104,4065
9169,920.61,ga_tcheby_proxy,mesh9,3,4,0,"[3-4]",1,22,1.61449,0.97,0.770609,1,0.5,5105,4065
9170,920.645,ga_tcheby_proxy,mesh9,6,0,1,"[]",0,0,0,0,0,0,0.5,5105,4066
9171,920.837,ga_tcheby_proxy,mesh9,7,8,0,"[7-8]",1,22,1.61449,0.97,0.77305,1,0.5,5106,4066
9172,920.844,ga_tcheby_proxy,mesh9,2,7,1,"[]",0,0,0,0,0,0,0.5,5106,4067
9173,920.852,ga_tcheby_proxy,mesh9,3,4,1,"[]",0,0,0,0,0,0,0.5,5106,4068
9174,920.947,ga_tcheby_proxy,mesh9,3,7,0,"[3-6-7]",2,42,3.21103,0.97,0.77425,2,0.5,5107,4068
9175,920.954,ga_tcheby_proxy,mesh9,4,3,1,"[]",0,0,0,0,0,0,0.5,5107,4069
9176,920.999,ga_tcheby_proxy,mesh9,7,1,1,"[]",0,0,0,0,0,0,0.5,5107,4070
9177,921.033,ga_tcheby_proxy,mesh9,4,2,1,"[]",0,0,0,0,0,0,0.5,5107,4071
9178,921.046,ga_tcheby_proxy,mesh9,7,1,1,"[]",0,0,0,0,0,0,0.5,5107,4072
9179,921.067,ga_tcheby_proxy,mesh9,2,1,1,"[]",0,0,0,0,0,0,0.5,5107,4073
9180,921.075,ga_tcheby_proxy,mesh9,7,6,1,"[]",0,0,0,0,0,0,0.5,5107,4074
9181,921.092,ga_tcheby_proxy,mesh9,6,7,1,"[]",0,0,0,0,0,0,0.5,5107,4075
9182,921.123,ga_tcheby_proxy,mesh9,8,3,1,"[]",0,0,0,0,0,0,0.5,5107,4076
9183,921.409,ga_tcheby_proxy,mesh9,3,7,0,"[3-6-7]",2,42,3.21103,0.97,0.774648,2,0.5,5108,4076
9184,921.475,ga_tcheby_proxy,mesh9,3,2,0,"[3-6-7-4-5-2]",5,104,8.19325,0.937733,0.776224,5,0.5,5109,4076
9185,921.527,ga_tcheby_proxy,mesh9,1,2,1,"[]",0,0,0,0,0,0,0.5,5109,4077
9186,921.579,ga_tcheby_proxy,mesh9,5,1,1,"[]",0,0,0,0,0,0,0.5,5109,4078
9187,921.594,ga_tcheby_proxy,mesh9,7,3,1,"[]",0,0,0,0,0,0,0.5,5109,4079
9188,921.605,ga_tcheby_proxy,mesh9,3,6,1,"[]",0,0,0,0,0,0,0.5,5109,4080
9189,921.728,ga_tcheby_proxy,mesh9,2,6,0,"[2-5-8-7-6]",4,84,6.42205,0.97,0.774648,4,0.5,5110,4080
9190,921.921,ga_tcheby_proxy,mesh9,1,0,0,"[1-0]",1,22,1.61449,0.97,0.772647,1,0.5,5111,4080
9191,921.926,ga_tcheby_proxy,mesh9,4,2,1,"[]",0,0,0,0,0,0,0.5,5111,4081
9192,921.94,ga_tcheby_proxy,mesh9,8,0,1,"[]",0,0,0,0,0,0,0.5,5111,4082
9193,922.006,ga_tcheby_proxy,mesh9,6,4,0,"[6-3-4]",2,42,3.22029,0.969167,0.77425,2,0.5,5112,4082
9194,922.114,ga_tcheby_proxy,mesh9,8,5,0,"[8-5]",1,20,1.59654,0.975,0.77425,1,0.5,5113,4082
9195,922.206,ga_tcheby_proxy,mesh9,8,5,0,"[8-5]",1,20,1.59654,0.975,0.774648,1,0.5,5114,4082
9196,922.262,ga_tcheby_proxy,mesh9,5,2,0,"[5-2]",1,20,1.66017,0.936275,0.776614,1,0.5,5115,4082
9197,922.54,ga_tcheby_proxy,mesh9,2,5,0,"[2-5]",1,20,1.59654,0.975,0.771836,1,0.5,5116,4082
9198,922.64,ga_tcheby_proxy,mesh9,5,3,0,"[5-4-3]",2,44,3.22898,0.97,0.77425,2,0.5,5117,4082
9199,922.673,ga_tcheby_proxy,mesh9,0,6,1,"[]",0,0,0,0,0,0,0.5,5117,4083
9200,922.722,ga_tcheby_proxy,mesh9,6,7,1,"[]",0,0,0,0,0,0,0.5,5117,4084
9201,923.022,ga_tcheby_proxy,mesh9,2,8,0,"[2-5-8]",2,40,3.19307,0.975,0.775044,2,0.5,5118,4084
9202,923.036,ga_tcheby_proxy,mesh9,3,8,1,"[]",0,0,0,0,0,0,0.5,5118,4085
9203,923.063,ga_tcheby_proxy,mesh9,5,8,1,"[]",0,0,0,0,0,0,0.5,5118,4086
9204,923.209,ga_tcheby_proxy,mesh9,4,7,0,"[4-7]",1,20,1.59654,0.975,0.775044,1,0.5,5119,4086
9205,923.231,ga_tcheby_proxy,mesh9,6,3,1,"[]",0,0,0,0,0,0,0.5,5119,4087
9206,923.233,ga_tcheby_proxy,mesh9,4,5,1,"[]",0,0,0,0,0,0,0.5,5119,4088
9207,923.245,ga_tcheby_proxy,mesh9,2,7,1,"[]",0,0,0,0,0,0,0.5,5119,4089
9208,923.311,ga_tcheby_proxy,mesh9,7,2,0,"[7-8-5-2]",3,62,4.81727,0.963948,0.777003,3,0.5,5120,4089
9209,923.38,ga_tcheby_proxy,mesh9,7,6,0,"[7-6]",1,22,1.61449,0.97,0.757116,1,0.5,5121,4089
9210,923.441,ga_tcheby_proxy,mesh9,6,1,1,"[]",0,0,0,0,0,0,0.5,5121,4090
9211,923.698,ga_tcheby_proxy,mesh9,0,3,0,"[0-3]",1,20,1.59654,0.975,0.765996,1,0.5,5122,4090
9212,923.898,ga_tcheby_proxy,mesh9,5,0,0,"[5-4-1-0]",3,64,4.82552,0.97,0.776224,3,0.5,5123,4090
9213,923.96,ga_tcheby_proxy,mesh9,5,2,0,"[5-2]",1,20,1.59654,0.975,0.777391,1,0.5,5124,4090
9214,924.044,ga_tcheby_proxy,mesh9,4,6,0,"[4-3-6]",2,42,3.21103,0.97,0.775439,2,0.5,5125,4090
9215,924.1,ga_tcheby_proxy,mesh9,8,5,0,"[8-5]",1,20,1.65233,0.94088,0.775439,1,0.5,5126,4090
9216,924.229,ga_tcheby_proxy,mesh9,2,1,0,"[2-1]",1,22,1.61449,0.97,0.77102,1,0.5,5127,4090
9217,924.235,ga_tcheby_proxy,mesh9,0,8,1,"[]",0,0,0,0,0,0,0.5,5127,4091
9218,924.329,ga_tcheby_proxy,mesh9,3,0,0,"[3-0]",1,20,1.59654,0.975,0.776614,1,0.5,5128,4091
9219,924.466,ga_tcheby_proxy,mesh9,7,5,0,"[7-4-5]",2,42,3.21103,0.97,0.774648,2,0.5,5129,4091
9220,924.467,ga_tcheby_proxy,mesh9,6,5,0,"[6-7-8-5]",3,64,4.8827,0.958057,0.775832,3,0.5,5130,4091
9221,924.583,ga_tcheby_proxy,mesh9,4,8,0,"[4-7-8]",2,42,3.21103,0.97,0.775439,2,0.5,5131,4091
9222,924.737,ga_tcheby_proxy,mesh9,3,5,0,"[3-4-5]",2,44,3.22898,0.97,0.772242,2,0.5,5132,4091
9223,924.998,ga_tcheby_proxy,mesh9,8,0,0,"[8-7-4-1-0]",4,84,6.42205,0.97,0.776614,4,0.5,5133,4091
9224,925.044,ga_tcheby_proxy,mesh9,4,1,1,"[]",0,0,0,0,0,0,0.5,5133,4092
9225,925.094,ga_tcheby_proxy,mesh9,3,0,1,"[]",0,0,0,0,0,0,0.5,5133,4093
9226,925.098,ga_tcheby_proxy,mesh9,1,0,1,"[]",0,0,0,0,0,0,0.5,5133,4094
9227,925.135,ga_tcheby_proxy,mesh9,5,3,1,"[]",0,0,0,0,0,0,0.5,5133,4095
9228,925.24,ga_tcheby_proxy,mesh9,3,6,0,"[3-6]",1,20,1.59654,0.975,0.775832,1,0.5,5134,4095
9229,925.261,ga_tcheby_proxy,mesh9,6,5,1,"[]",0,0,0,0,0,0,0.5,5134,4096
9230,925.285,ga_tcheby_proxy,mesh9,0,2,1,"[]",0,0,0,0,0,0,0.5,5134,4097
9231,925.333,ga_tcheby_proxy,mesh9,1,7,1,"[]",0,0,0,0,0,0,0.5,5134,4098
9232,925.371,ga_tcheby_proxy,mesh9,2,4,1,"[]",0,0,0,0,0,0,0.5,5134,4099
9233,925.407,ga_tcheby_proxy,mesh9,2,1,1,"[]",0,0,0,0,0,0,0.5,5134,4100
9234,925.496,ga_tcheby_proxy,mesh9,3,8,0,"[3-4-5-8]",3,64,4.82552,0.97,0.775439,3,0.5,5135,4100
9235,925.555,ga_tcheby_proxy,mesh9,1,7,1,"[]",0,0,0,0,0,0,0.5,5135,4101
9236,925.69,ga_tcheby_proxy,mesh9,8,1,0,"[8-7-4-1]",3,62,4.80756,0.97,0.777003,3,0.5,5136,4101
9237,925.749,ga_tcheby_proxy,mesh9,0,1,1,"[]",0,0,0,0,0,0,0.5,5136,4102
9238,925.758,ga_tcheby_proxy,mesh9,1,0,1,"[]",0,0,0,0,0,0,0.5,5136,4103
9239,925.82,ga_tcheby_proxy,mesh9,6,2,1,"[]",0,0,0,0,0,0,0.5,5136,4104
9240,926.015,ga_tcheby_proxy,mesh9,8,2,0,"[8-5-2]",2,40,3.19307,0.975,0.777778,2,0.5,5137,4104
9241,926.146,ga_tcheby_proxy,mesh9,0,4,0,"[0-1-4]",2,42,3.21103,0.97,0.77102,2,0.5,5138,4104
9242,926.216,ga_tcheby_proxy,mesh9,7,0,0,"[7-4-1-0]",3,62,4.91013,0.909667,0.777391,3,0.5,5139,4104
9243,926.249,ga_tcheby_proxy,mesh9,6,4,1,"[]",0,0,0,0,0,0,0.5,5139,4105
9244,926.257,ga_tcheby_proxy,mesh9,2,3,1,"[]",0,0,0,0,0,0,0.5,5139,4106
9245,926.346,ga_tcheby_proxy,mesh9,5,7,0,"[5-8-7]",2,42,3.21103,0.97,0.775832,2,0.5,5140,4106
9246,926.717,ga_tcheby_proxy,mesh9,8,3,0,"[8-7-6-3]",3,64,4.82552,0.97,0.774648,3,0.5,5141,4106
9247,926.771,ga_tcheby_proxy,mesh9,6,2,1,"[]",0,0,0,0,0,0,0.5,5141,4107
9248,926.815,ga_tcheby_proxy,mesh9,8,5,1,"[]",0,0,0,0,0,0,0.5,5141,4108
9249,926.886,ga_tcheby_proxy,mesh9,5,7,0,"[5-8-7]",2,42,3.21103,0.97,0.776224,2,0.5,5142,4108
9250,927.537,ga_tcheby_proxy,mesh9,5,6,0,"[5-4-7-6]",3,64,4.82552,0.97,0.775832,3,0.5,5143,4108
9251,927.619,ga_tcheby_proxy,mesh9,1,0,0,"[1-0]",1,22,1.61449,0.97,0.77425,1,0.5,5144,4108
9252,927.832,ga_tcheby_proxy,mesh9,1,0,0,"[1-0]",1,22,1.61449,0.97,0.774648,1,0.5,5145,4108
9253,927.892,ga_tcheby_proxy,mesh9,6,0,1,"[]",0,0,0,0,0,0,0.5,5145,4109
9254,928.092,ga_tcheby_proxy,mesh9,7,6,0,"[7-6]",1,22,1.61449,0.97,0.758491,1,0.5,5146,4109
9255,928.135,ga_tcheby_proxy,mesh9,0,8,1,"[]",0,0,0,0,0,0,0.5,5146,4110
9256,928.327,ga_tcheby_proxy,mesh9,0,2,0,"[0-1-2]",2,44,3.22898,0.97,0.768535,2,0.5,5147,4110
9257,928.538,ga_tcheby_proxy,mesh9,2,6,0,"[2-5-4-7-6]",4,84,6.42205,0.97,0.776224,4,0.5,5148,4110
9258,928.688,ga_tcheby_proxy,mesh9,0,6,0,"[0-3-6]",2,40,3.19307,0.975,0.776224,2,0.5,5149,4110
9259,928.759,ga_tcheby_proxy,mesh9,0,6,0,"[0-3-6]",2,40,3.20185,0.969468,0.776614,2,0.5,5150,4110
9260,928.809,ga_tcheby_proxy,mesh9,2,7,1,"[]",0,0,0,0,0,0,0.5,5150,4111
9261,928.845,ga_tcheby_proxy,mesh9,7,3,1,"[]",0,0,0,0,0,0,0.5,5150,4112
9262,928.94,ga_tcheby_proxy,mesh9,0,7,0,"[0-3-4-7]",3,62,4.80756,0.97,0.776614,3,0.5,5151,4112
9263,929.033,ga_tcheby_proxy,mesh9,1,7,0,"[1-4-7]",2,40,3.19307,0.975,0.777003,2,0.5,5152,4112
9264,929.114,ga_tcheby_proxy,mesh9,8,4,0,"[8-7-4]",2,42,3.21103,0.97,0.776224,2,0.5,5153,4112
9265,929.149,ga_tcheby_proxy,mesh9,7,6,1,"[]",0,0,0,0,0,0,0.5,5153,4113
9266,929.363,ga_tcheby_proxy,mesh9,4,2,0,"[4-1-2]",2,42,3.21103,0.97,0.777778,2,0.5,5154,4113
9267,929.392,ga_tcheby_proxy,mesh9,5,0,1,"[]",0,0,0,0,0,0,0.5,5154,4114
9268,929.498,ga_tcheby_proxy,mesh9,3,5,0,"[3-4-5]",2,44,3.22898,0.97,0.77305,2,0.5,5155,4114
9269,929.643,ga_tcheby_proxy,mesh9,1,3,0,"[1-0-3]",2,42,3.21103,0.97,0.775044,2,0.5,5156,4114
9270,929.709,ga_tcheby_proxy,mesh9,4,0,0,"[4-3-0]",2,42,3.26329,0.938291,0.777003,2,0.5,5157,4114
9271,929.855,ga_tcheby_proxy,mesh9,0,5,0,"[0-1-2-5]",3,64,4.82552,0.97,0.77305,3,0.5,5158,4114
9272,929.856,ga_tcheby_proxy,mesh9,6,0,0,"[6-3-0]",2,40,3.25061,0.956785,0.780105,2,0.5,5159,4114
9273,929.938,ga_tcheby_proxy,mesh9,1,2,0,"[1-2]",1,22,1.61449,0.97,0.769784,1,0.5,5160,4114
9274,930.085,ga_tcheby_proxy,mesh9,4,6,0,"[4-3-6]",2,42,3.21103,0.97,0.777003,2,0.5,5161,4114
9275,930.099,ga_tcheby_proxy,mesh9,2,3,1,"[]",0,0,0,0,0,0,0.5,5161,4115
9276,930.12,ga_tcheby_proxy,mesh9,6,5,1,"[]",0,0,0,0,0,0,0.5,5161,4116
9277,930.177,ga_tcheby_proxy,mesh9,5,4,1,"[]",0,0,0,0,0,0,0.5,5161,4117
9278,930.268,ga_tcheby_proxy,mesh9,2,1,0,"[2-1]",1,22,1.61449,0.97,0.771429,1,0.5,5162,4117
9279,930.306,ga_tcheby_proxy,mesh9,1,5,1,"[]",0,0,0,0,0,0,0.5,5162,4118
9280,930.313,ga_tcheby_proxy,mesh9,4,8,1,"[]",0,0,0,0,0,0,0.5,5162,4119
9281,930.386,ga_tcheby_proxy,mesh9,3,0,0,"[3-0]",1,20,1.59654,0.975,0.777778,1,0.5,5163,4119
9282,930.461,ga_tcheby_proxy,mesh9,3,8,0,"[3-4-5-8]",3,64,4.92236,0.912832,0.776614,3,0.5,5164,4119
9283,930.515,ga_tcheby_proxy,mesh9,6,3,1,"[]",0,0,0,0,0,0,0.5,5164,4120
9284,930.519,ga_tcheby_proxy,mesh9,6,0,1,"[]",0,0,0,0,0,0,0.5,5164,4121
9285,930.52,ga_tcheby_proxy,mesh9,1,7,1,"[]",0,0,0,0,0,0,0.5,5164,4122
9286,930.547,ga_tcheby_proxy,mesh9,7,2,1,"[]",0,0,0,0,0,0,0.5,5164,4123
9287,930.584,ga_tcheby_proxy,mesh9,6,3,1,"[]",0,0,0,0,0,0,0.5,5164,4124
9288,930.588,ga_tcheby_proxy,mesh9,6,5,1,"[]",0,0,0,0,0,0,0.5,5164,4125
9289,930.876,ga_tcheby_proxy,mesh9,2,3,0,"[2-1-0-3]",3,64,4.82552,0.97,0.775439,3,0.5,5165,4125
9290,930.951,ga_tcheby_proxy,mesh9,3,2,0,"[3-4-5-2]",3,64,4.82552,0.97,0.778163,3,0.5,5166,4125
9291,931.069,ga_tcheby_proxy,mesh9,0,7,0,"[0-1-4-7]",3,62,4.80756,0.97,0.777391,3,0.5,5167,4125
9292,931.098,ga_tcheby_proxy,mesh9,0,5,1,"[]",0,0,0,0,0,0,0.5,5167,4126
9293,931.101,ga_tcheby_proxy,mesh9,4,6,1,"[]",0,0,0,0,0,0,0.5,5167,4127
9294,931.155,ga_tcheby_proxy,mesh9,0,2,1,"[]",0,0,0,0,0,0,0.5,5167,4128
9295,931.183,ga_tcheby_proxy,mesh9,1,8,1,"[]",0,0,0,0,0,0,0.5,5167,4129
9296,931.368,ga_tcheby_proxy,mesh9,8,7,0,"[8-7]",1,22,1.61449,0.97,0.758945,1,0.5,5168,4129
9297,931.541,ga_tcheby_proxy,mesh9,5,4,0,"[5-4]",1,22,1.61449,0.97,0.768953,1,0.5,5169,4129
9298,931.551,ga_tcheby_proxy,mesh9,0,5,1,"[]",0,0,0,0,0,0,0.5,5169,4130
9299,931.821,ga_tcheby_proxy,mesh9,3,1,0,"[3-4-1]",2,42,3.21103,0.97,0.778163,2,0.5,5170,4130
9300,931.828,ga_tcheby_proxy,mesh9,8,6,1,"[]",0,0,0,0,0,0,0.5,5170,4131
9301,931.962,ga_tcheby_proxy,mesh9,6,4,0,"[6-3-4]",2,42,3.21103,0.97,0.775439,2,0.5,5171,4131
9302,932.125,ga_tcheby_proxy,mesh9,4,8,0,"[4-5-8]",2,42,3.21103,0.97,0.777003,2,0.5,5172,4131
9303,932.253,ga_tcheby_proxy,mesh9,6,7,0,"[6-7]",1,22,1.61449,0.97,0.769369,1,0.5,5173,4131
9304,932.321,ga_tcheby_proxy,mesh9,3,2,0,"[3-6-7-4-5-2]",5,104,8.09785,0.937251,0.778547,5,0.5,5174,4131
9305,932.483,ga_tcheby_proxy,mesh9,2,7,0,"[2-5-8-7]",3,62,4.80756,0.97,0.777391,3,0.5,5175,4131
9306,932.821,ga_tcheby_proxy,mesh9,8,3,0,"[8-7-6-3]",3,64,4.82552,0.97,0.775832,3,0.5,5176,4131
9307,932.847,ga_tcheby_proxy,mesh9,3,2,1,"[]",0,0,0,0,0,0,0.5,5176,4132
9308,932.975,ga_tcheby_proxy,mesh9,8,1,0,"[8-7-4-1]",3,62,4.80756,0.97,0.778547,3,0.5,5177,4132
9309,933.055,ga_tcheby_proxy,mesh9,2,5,0,"[2-5]",1,20,1.59654,0.975,0.773852,1,0.5,5178,4132
9310,933.115,ga_tcheby_proxy,mesh9,1,0,1,"[]",0,0,0,0,0,0,0.5,5178,4133
9311,933.164,ga_tcheby_proxy,mesh9,5,0,1,"[]",0,0,0,0,0,0,0.5,5178,4134
9312,933.169,ga_tcheby_proxy,mesh9,2,6,1,"[]",0,0,0,0,0,0,0.5,5178,4135
9313,933.275,ga_tcheby_proxy,mesh9,6,4,0,"[6-3-4]",2,42,3.21103,0.97,0.776224,2,0.5,5179,4135
9314,933.284,ga_tcheby_proxy,mesh9,8,4,1,"[]",0,0,0,0,0,0,0.5,5179,4136
9315,933.399,ga_tcheby_proxy,mesh9,1,8,0,"[1-4-5-8]",3,62,4.80756,0.97,0.777778,3,0.5,5180,4136
9316,933.472,ga_tcheby_proxy,mesh9,8,7,0,"[8-7]",1,22,1.71844,0.908905,0.760748,1,0.5,5181,4136
9317,933.568,ga_tcheby_proxy,mesh9,4,6,0,"[4-3-6]",2,42,3.21103,0.97,0.777778,2,0.5,5182,4136
9318,933.583,ga_tcheby_proxy,mesh9,6,3,1,"[]",0,0,0,0,0,0,0.5,5182,4137
9319,933.586,ga_tcheby_proxy,mesh9,8,7,1,"[]",0,0,0,0,0,0,0.5,5182,4138
9320,933.86,ga_tcheby_proxy,mesh9,2,6,0,"[2-5-4-7-6]",4,84,6.42205,0.97,0.777778,4,0.5,5183,4138
9321,933.885,ga_tcheby_proxy,mesh9,3,4,1,"[]",0,0,0,0,0,0,0.5,5183,4139
9322,934.34,ga_tcheby_proxy,mesh9,4,3,0,"[4-3]",1,22,1.61449,0.97,0.776224,1,0.5,5184,4139
9323,934.346,ga_tcheby_proxy,mesh9,3,8,1,"[]",0,0,0,0,0,0,0.5,5184,4140
9324,934.413,ga_tcheby_proxy,mesh9,7,4,1,"[]",0,0,0,0,0,0,0.5,5184,4141
9325,934.598,ga_tcheby_proxy,mesh9,4,7,0,"[4-7]",1,20,1.59654,0.975,0.778163,1,0.5,5185,4141
9326,934.663,ga_tcheby_proxy,mesh9,0,4,1,"[]",0,0,0,0,0,0,0.5,5185,4142
9327,934.756,ga_tcheby_proxy,mesh9,1,6,0,"[1-0-3-6]",3,62,4.80756,0.97,0.778163,3,0.5,5186,4142
9328,934.794,ga_tcheby_proxy,mesh9,5,4,1,"[]",0,0,0,0,0,0,0.5,5186,4143
9329,934.857,ga_tcheby_proxy,mesh9,0,6,0,"[0-3-6]",2,40,3.30525,0.924039,0.778547,2,0.5,5187,4143
9330,934.865,ga_tcheby_proxy,mesh9,7,0,1,"[]",0,0,0,0,0,0,0.5,5187,4144
9331,934.968,ga_tcheby_proxy,mesh9,1,5,0,"[1-2-5]",2,42,3.21103,0.97,0.774648,2,0.5,5188,4144
9332,935.051,ga_tcheby_proxy,mesh9,7,3,0,"[7-6-3]",2,42,3.21103,0.97,0.776614,2,0.5,5189,4144
9333,935.133,ga_tcheby_proxy,mesh9,7,4,0,"[7-4]",1,20,1.59654,0.975,0.777391,1,0.5,5190,4144
9334,935.178,ga_tcheby_proxy,mesh9,6,3,1,"[]",0,0,0,0,0,0,0.5,5190,4145
9335,935.28,ga_tcheby_proxy,mesh9,3,5,0,"[3-4-5]",2,44,3.22898,0.97,0.775439,2,0.5,5191,4145
9336,935.645,ga_tcheby_proxy,mesh9,6,0,0,"[6-3-0]",2,40,3.19307,0.975,0.778163,2,0.5,5192,4145
9337,935.695,ga_tcheby_proxy,mesh9,5,4,1,"[]",0,0,0,0,0,0,0.5,5192,4146
9338,935.782,ga_tcheby_proxy,mesh9,3,8,0,"[3-4-5-8]",3,64,4.82552,0.97,0.778163,3,0.5,5193,4146
9339,935.857,ga_tcheby_proxy,mesh9,8,7,0,"[8-7]",1,22,1.64195,0.953077,0.761194,1,0.5,5194,4146
9340,935.904,ga_tcheby_proxy,mesh9,8,5,1,"[]",0,0,0,0,0,0,0.5,5194,4147
9341,935.91,ga_tcheby_proxy,mesh9,5,2,1,"[]",0,0,0,0,0,0,0.5,5194,4148
9342,935.989,ga_tcheby_proxy,mesh9,4,1,0,"[4-1]",1,20,1.59654,0.975,0.778929,1,0.5,5195,4148
9343,936.045,ga_tcheby_proxy,mesh9,7,4,0,"[7-4]",1,20,1.63605,0.950584,0.777778,1,0.5,5196,4148
9344,936.097,ga_tcheby_proxy,mesh9,0,2,1,"[]",0,0,0,0,0,0,0.5,5196,4149
9345,936.166,ga_tcheby_proxy,mesh9,7,1,0,"[7-4-1]",2,40,3.2971,0.91325,0.77931,2,0.5,5197,4149
9346,936.381,ga_tcheby_proxy,mesh9,6,3,0,"[6-3]",1,20,1.59654,0.975,0.777391,1,0.5,5198,4149
9347,936.546,ga_tcheby_proxy,mesh9,0,7,0,"[0-3-4-7]",3,62,4.80756,0.97,0.778547,3,0.5,5199,4149
9348,936.592,ga_tcheby_proxy,mesh9,0,7,1,"[]",0,0,0,0,0,0,0.5,5199,4150
9349,936.928,ga_tcheby_proxy,mesh9,6,2,0,"[6-3-0-1-2]",4,84,6.42205,0.97,0.778547,4,0.5,5200,4150
9350,936.95,ga_tcheby_proxy,mesh9,6,5,1,"[]",0,0,0,0,0,0,0.5,5200,4151
9351,936.983,ga_tcheby_proxy,mesh9,4,3,1,"[]",0,0,0,0,0,0,0.5,5200,4152
9352,936.995,ga_tcheby_proxy,mesh9,5,2,1,"[]",0,0,0,0,0,0,0.5,5200,4153
9353,937.143,ga_tcheby_proxy,mesh9,8,1,0,"[8-5-2-1]",3,62,4.80756,0.97,0.778929,3,0.5,5201,4153
9354,937.167,ga_tcheby_proxy,mesh9,8,3,1,"[]",0,0,0,0,0,0,0.5,5201,4154
9355,937.231,ga_tcheby_proxy,mesh9,3,4,1,"[]",0,0,0,0,0,0,0.5,5201,4155
9356,937.736,ga_tcheby_proxy,mesh9,6,8,0,"[6-7-8]",2,44,3.22898,0.97,0.774648,2,0.5,5202,4155
9357,937.808,ga_tcheby_proxy,mesh9,2,3,0,"[2-1-0-3]",3,64,4.91771,0.924913,0.776224,3,0.5,5203,4155
9358,937.902,ga_tcheby_proxy,mesh9,5,1,0,"[5-2-1]",2,42,3.21103,0.97,0.77931,2,0.5,5204,4155
9359,938.175,ga_tcheby_proxy,mesh9,6,3,0,"[6-3]",1,20,1.59654,0.975,0.778163,1,0.5,5205,4155
9360,938.201,ga_tcheby_proxy,mesh9,8,7,1,"[]",0,0,0,0,0,0,0.5,5205,4156
9361,938.236,ga_tcheby_proxy,mesh9,6,3,1,"[]",0,0,0,0,0,0,0.5,5205,4157
9362,938.49,ga_tcheby_proxy,mesh9,8,1,0,"[8-7-4-1]",3,62,4.80756,0.97,0.77969,3,0.5,5206,4157
9363,938.613,ga_tcheby_proxy,mesh9,1,3,0,"[1-0-3]",2,42,3.21103,0.97,0.776614,2,0.5,5207,4157
9364,938.81,ga_tcheby_proxy,mesh9,2,4,0,"[2-1-4]",2,42,3.21103,0.97,0.773451,2,0.5,5208,4157
9365,938.899,ga_tcheby_proxy,mesh9,1,2,0,"[1-2]",1,22,1.61449,0.97,0.77102,1,0.5,5209,4157
9366,939.026,ga_tcheby_proxy,mesh9,3,1,0,"[3-0-1]",2,42,3.21103,0.97,0.778929,2,0.5,5210,4157
9367,939.215,ga_tcheby_proxy,mesh9,2,1,0,"[2-1]",1,22,1.61449,0.97,0.773852,1,0.5,5211,4157
9368,939.216,ga_tcheby_proxy,mesh9,8,5,0,"[8-5]",1,20,1.6319,0.953092,0.777003,1,0.5,5212,4157
9369,939.273,ga_tcheby_proxy,mesh9,7,5,1,"[]",0,0,0,0,0,0,0.5,5212,4158
9370,939.286,ga_tcheby_proxy,mesh9,7,0,1,"[]",0,0,0,0,0,0,0.5,5212,4159
9371,939.296,ga_tcheby_proxy,mesh9,2,5,1,"[]",0,0,0,0,0,0,0.5,5212,4160
9372,939.358,ga_tcheby_proxy,mesh9,2,7,1,"[]",0,0,0,0,0,0,0.5,5212,4161
9373,939.433,ga_tcheby_proxy,mesh9,2,3,0,"[2-1-4-3]",3,64,4.82552,0.97,0.776614,3,0.5,5213,4161
9374,939.608,ga_tcheby_proxy,mesh9,0,4,0,"[0-1-4]",2,42,3.21103,0.97,0.773451,2,0.5,5214,4161
9375,939.695,ga_tcheby_proxy,mesh9,6,3,0,"[6-3]",1,20,1.59654,0.975,0.778547,1,0.5,5215,4161
9376,939.722,ga_tcheby_proxy,mesh9,1,8,1,"[]",0,0,0,0,0,0,0.5,5215,4162
9377,939.77,ga_tcheby_proxy,mesh9,6,8,1,"[]",0,0,0,0,0,0,0.5,5215,4163
9378,939.826,ga_tcheby_proxy,mesh9,0,2,1,"[]",0,0,0,0,0,0,0.5,5215,4164
9379,939.835,ga_tcheby_proxy,mesh9,3,4,1,"[]",0,0,0,0,0,0,0.5,5215,4165
9380,939.879,ga_tcheby_proxy,mesh9,4,1,1,"[]",0,0,0,0,0,0,0.5,5215,4166
9381,940.052,ga_tcheby_proxy,mesh9,5,4,0,"[5-4]",1,22,1.61449,0.97,0.769784,1,0.5,5216,4166
9382,940.124,ga_tcheby_proxy,mesh9,1,2,0,"[1-4-5-2]",3,62,4.8913,0.920172,0.77969,3,0.5,5217,4166
9383,940.605,ga_tcheby_proxy,mesh9,3,7,0,"[3-4-7]",2,42,3.21103,0.97,0.778929,2,0.5,5218,4166
9384,940.693,ga_tcheby_proxy,mesh9,2,8,0,"[2-5-8]",2,40,3.19307,0.975,0.778547,2,0.5,5219,4166
9385,940.696,ga_tcheby_proxy,mesh9,7,2,0,"[7-8-5-2]",3,62,4.9849,0.934574,0.782759,3,0.5,5220,4166
9386,940.756,ga_tcheby_proxy,mesh9,5,7,0,"[5-8-7]",2,42,3.4211,0.902613,0.778929,2,0.5,5221,4166
9387,940.938,ga_tcheby_proxy,mesh9,2,6,0,"[2-5-4-3-6]",4,84,6.42205,0.97,0.778929,4,0.5,5222,4166
9388,940.988,ga_tcheby_proxy,mesh9,0,2,1,"[]",0,0,0,0,0,0,0.5,5222,4167
9389,941.073,ga_tcheby_proxy,mesh9,3,7,0,"[3-6-7]",2,42,3.21103,0.97,0.77931,2,0.5,5223,4167
9390,941.187,ga_tcheby_proxy,mesh9,1,8,0,"[1-2-5-8]",3,62,4.80756,0.97,0.77931,3,0.5,5224,4167
9391,941.233,ga_tcheby_proxy,mesh9,3,4,1,"[]",0,0,0,0,0,0,0.5,5224,4168
9392,941.288,ga_tcheby_proxy,mesh9,4,1,1,"[]",0,0,0,0,0,0,0.5,5224,4169
9393,941.398,ga_tcheby_proxy,mesh9,4,7,0,"[4-7]",1,20,1.59654,0.975,0.77931,1,0.5,5225,4169
9394,941.46,ga_tcheby_proxy,mesh9,3,0,1,"[]",0,0,0,0,0,0,0.5,5225,4170
9395,941.689,ga_tcheby_proxy,mesh9,3,4,0,"[3-4]",1,22,1.61449,0.97,0.776614,1,0.5,5226,4170
9396,941.763,ga_tcheby_proxy,mesh9,5,1,0,"[5-4-1]",2,42,3.21103,0.97,0.780069,2,0.5,5227,4170
9397,941.827,ga_tcheby_proxy,mesh9,3,7,0,"[3-0-1-4-7]",4,82,6.55149,0.922749,0.77969,4,0.5,5228,4170
9398,942.328,ga_tcheby_proxy,mesh9,7,6,0,"[7-6]",1,22,1.61449,0.97,0.760748,1,0.5,5229,4170
9399,942.38,ga_tcheby_proxy,mesh9,0,3,1,"[]",0,0,0,0,0,0,0.5,5229,4171
9400,942.49,ga_tcheby_proxy,mesh9,7,2,0,"[7-8-5-2]",3,62,4.80756,0.97,0.780446,3,0.5,5230,4171
9401,942.645,ga_tcheby_proxy,mesh9,4,7,0,"[4-7]",1,20,1.59654,0.975,0.780069,1,0.5,5231,4171
9402,943.05,ga_tcheby_proxy,mesh9,3,5,0,"[3-4-5]",2,44,3.22898,0.97,0.777003,2,0.5,5232,4171
9403,943.051,ga_tcheby_proxy,mesh9,4,0,0,"[4-1-0]",2,42,3.28228,0.948013,0.780446,2,0.5,5233,4171
9404,943.128,ga_tcheby_proxy,mesh9,1,4,0,"[1-4]",1,20,1.59654,0.975,0.774648,1,0.5,5234,4171
9405,943.138,ga_tcheby_proxy,mesh9,4,0,1,"[]",0,0,0,0,0,0,0.5,5234,4172
9406,943.139,ga_tcheby_proxy,mesh9,4,2,1,"[]",0,0,0,0,0,0,0.5,5234,4173
9407,943.268,ga_tcheby_proxy,mesh9,2,4,0,"[2-1-4]",2,42,3.21103,0.97,0.775044,2,0.5,5235,4173
9408,943.334,ga_tcheby_proxy,mesh9,2,7,0,"[2-5-8-7]",3,62,4.92632,0.900822,0.77969,3,0.5,5236,4173
9409,943.413,ga_tcheby_proxy,mesh9,5,3,0,"[5-4-3]",2,44,3.22898,0.97,0.777391,2,0.5,5237,4173
9410,943.443,ga_tcheby_proxy,mesh9,4,3,1,"[]",0,0,0,0,0,0,0.5,5237,4174
9411,943.501,ga_tcheby_proxy,mesh9,7,0,1,"[]",0,0,0,0,0,0,0.5,5237,4175
9412,943.659,ga_tcheby_proxy,mesh9,0,3,0,"[0-3]",1,20,1.59654,0.975,0.770609,1,0.5,5238,4175
9413,943.661,ga_tcheby_proxy,mesh9,7,4,0,"[7-4]",1,20,1.64428,0.945729,0.781629,1,0.5,5239,4175
9414,943.67,ga_tcheby_proxy,mesh9,3,2,1,"[]",0,0,0,0,0,0,0.5,5239,4176
9415,943.908,ga_tcheby_proxy,mesh9,1,5,0,"[1-2-5]",2,42,3.21103,0.97,0.776614,2,0.5,5240,4176
9416,944.127,ga_tcheby_proxy,mesh9,5,1,0,"[5-4-1]",2,42,3.21103,0.97,0.780822,2,0.5,5241,4176
9417,944.142,ga_tcheby_proxy,mesh9,5,7,1,"[]",0,0,0,0,0,0,0.5,5241,4177
9418,944.205,ga_tcheby_proxy,mesh9,6,7,0,"[6-7]",1,22,1.66087,0.941754,0.77102,1,0.5,5242,4177
9419,944.232,ga_tcheby_proxy,mesh9,6,3,1,"[]",0,0,0,0,0,0,0.5,5242,4178
9420,944.312,ga_tcheby_proxy,mesh9,2,7,0,"[2-5-8-7]",3,62,4.80756,0.97,0.780069,3,0.5,5243,4178
9421,944.555,ga_tcheby_proxy,mesh9,3,8,0,"[3-6-7-8]",3,64,4.82552,0.97,0.77969,3,0.5,5244,4178
9422,944.602,ga_tcheby_proxy,mesh9,0,7,1,"[]",0,0,0,0,0,0,0.5,5244,4179
9423,944.637,ga_tcheby_proxy,mesh9,4,0,1,"[]",0,0,0,0,0,0,0.5,5244,4180
9424,944.815,ga_tcheby_proxy,mesh9,1,8,0,"[1-4-5-8]",3,62,4.80756,0.97,0.780446,3,0.5,5245,4180
9425,944.868,ga_tcheby_proxy,mesh9,7,4,1,"[]",0,0,0,0,0,0,0.5,5245,4181
9426,944.916,ga_tcheby_proxy,mesh9,0,5,1,"[]",0,0,0,0,0,0,0.5,5245,4182
9427,945.197,ga_tcheby_proxy,mesh9,0,2,0,"[0-1-2]",2,44,3.22898,0.97,0.772242,2,0.5,5246,4182
9428,945.219,ga_tcheby_proxy,mesh9,0,4,1,"[]",0,0,0,0,0,0,0.5,5246,4183
9429,945.247,ga_tcheby_proxy,mesh9,3,5,1,"[]",0,0,0,0,0,0,0.5,5246,4184
9430,945.316,ga_tcheby_proxy,mesh9,6,5,0,"[6-7-4-5]",3,64,4.87541,0.939683,0.77931,3,0.5,5247,4184
9431,945.372,ga_tcheby_proxy,mesh9,5,1,1,"[]",0,0,0,0,0,0,0.5,5247,4185
9432,945.671,ga_tcheby_proxy,mesh9,7,5,0,"[7-8-5]",2,42,3.21103,0.97,0.778163,2,0.5,5248,4185
9433,945.702,ga_tcheby_proxy,mesh9,8,7,1,"[]",0,0,0,0,0,0,0.5,5248,4186
9434,945.777,ga_tcheby_proxy,mesh9,6,8,0,"[6-7-8]",2,44,3.30978,0.933239,0.776614,2,0.5,5249,4186
9435,945.928,ga_tcheby_proxy,mesh9,7,6,0,"[7-6]",1,22,1.61449,0.97,0.761194,1,0.5,5250,4186
9436,946.077,ga_tcheby_proxy,mesh9,8,1,0,"[8-5-2-1]",3,62,4.80756,0.97,0.780822,3,0.5,5251,4186
9437,946.168,ga_tcheby_proxy,mesh9,5,0,0,"[5-4-3-0]",3,64,4.82552,0.97,0.77969,3,0.5,5252,4186
9438,946.398,ga_tcheby_proxy,mesh9,5,1,0,"[5-2-1]",2,42,3.21103,0.97,0.781197,2,0.5,5253,4186
9439,946.602,ga_tcheby_proxy,mesh9,3,0,0,"[3-0]",1,20,1.59654,0.975,0.780069,1,0.5,5254,4186
9440,946.759,ga_tcheby_proxy,mesh9,3,6,0,"[3-6]",1,20,1.59654,0.975,0.780069,1,0.5,5255,4186
9441,946.889,ga_tcheby_proxy,mesh9,8,4,0,"[8-5-4]",2,42,3.21103,0.97,0.778929,2,0.5,5256,4186
9442,946.958,ga_tcheby_proxy,mesh9,0,1,0,"[0-3-4-1]",3,62,4.80756,0.97,0.781197,3,0.5,5257,4186
9443,947.112,ga_tcheby_proxy,mesh9,5,7,0,"[5-4-7]",2,42,3.21103,0.97,0.780446,2,0.5,5258,4186
9444,947.12,ga_tcheby_proxy,mesh9,1,5,1,"[]",0,0,0,0,0,0,0.5,5258,4187
9445,947.179,ga_tcheby_proxy,mesh9,3,6,1,"[]",0,0,0,0,0,0,0.5,5258,4188
9446,947.235,ga_tcheby_proxy,mesh9,4,7,0,"[4-7]",1,20,1.66021,0.936252,0.780822,1,0.5,5259,4188
9447,947.348,ga_tcheby_proxy,mesh9,5,0,0,"[5-4-3-0]",3,64,4.82552,0.97,0.780446,3,0.5,5260,4188
9448,947.348,ga_tcheby_proxy,mesh9,3,2,0,"[3-4-5-2]",3,64,4.86833,0.961115,0.78157,3,0.5,5261,4188
9449,947.426,ga_tcheby_proxy,mesh9,4,5,0,"[4-5]",1,22,1.61449,0.97,0.778163,1,0.5,5262,4188
9450,947.43,ga_tcheby_proxy,mesh9,7,2,0,"[7-4-5-2]",3,62,5.11476,0.908814,0.782609,3,0.5,5263,4188
9451,947.45,ga_tcheby_proxy,mesh9,2,0,1,"[]",0,0,0,0,0,0,0.5,5263,4189
9452,947.564,ga_tcheby_proxy,mesh9,5,6,0,"[5-4-3-6]",3,64,4.82552,0.97,0.780446,3,0.5,5264,4189
9453,947.675,ga_tcheby_proxy,mesh9,7,4,0,"[7-4]",1,20,1.59654,0.975,0.780069,1,0.5,5265,4189
9454,947.899,ga_tcheby_proxy,mesh9,1,0,0,"[1-0]",1,22,1.61449,0.97,0.777391,1,0.5,5266,4189
9455,948.047,ga_tcheby_proxy,mesh9,3,0,0,"[3-0]",1,20,1.59654,0.975,0.780822,1,0.5,5267,4189
9456,948.223,ga_tcheby_proxy,mesh9,0,5,0,"[0-1-2-5]",3,64,4.82552,0.97,0.777391,3,0.5,5268,4189
9457,948.312,ga_tcheby_proxy,mesh9,0,6,0,"[0-3-6]",2,40,3.19307,0.975,0.780822,2,0.5,5269,4189
9458,948.423,ga_tcheby_proxy,mesh9,5,6,0,"[5-8-7-6]",3,64,4.82552,0.97,0.780822,3,0.5,5270,4189
9459,948.498,ga_tcheby_proxy,mesh9,6,7,0,"[6-7]",1,22,1.61449,0.97,0.772647,1,0.5,5271,4189
9460,948.749,ga_tcheby_proxy,mesh9,8,3,0,"[8-7-6-3]",3,64,4.82552,0.97,0.778929,3,0.5,5272,4189
9461,948.755,ga_tcheby_proxy,mesh9,8,7,1,"[]",0,0,0,0,0,0,0.5,5272,4190
9462,948.783,ga_tcheby_proxy,mesh9,1,5,1,"[]",0,0,0,0,0,0,0.5,5272,4191
9463,948.786,ga_tcheby_proxy,mesh9,3,7,1,"[]",0,0,0,0,0,0,0.5,5272,4192
9464,948.816,ga_tcheby_proxy,mesh9,5,8,1,"[]",0,0,0,0,0,0,0.5,5272,4193
9465,948.866,ga_tcheby_proxy,mesh9,1,2,1,"[]",0,0,0,0,0,0,0.5,5272,4194
9466,949.049,ga_tcheby_proxy,mesh9,7,8,0,"[7-8]",1,22,1.61449,0.97,0.777003,1,0.5,5273,4194
9467,949.205,ga_tcheby_proxy,mesh9,6,5,0,"[6-7-8-5]",3,64,4.82552,0.97,0.77931,3,0.5,5274,4194
9468,949.292,ga_tcheby_proxy,mesh9,1,7,0,"[1-4-7]",2,40,3.19307,0.975,0.781197,2,0.5,5275,4194
9469,949.424,ga_tcheby_proxy,mesh9,2,0,0,"[2-1-0]",2,44,3.22898,0.97,0.777778,2,0.5,5276,4194
9470,949.43,ga_tcheby_proxy,mesh9,1,0,1,"[]",0,0,0,0,0,0,0.5,5276,4195
9471,949.579,ga_tcheby_proxy,mesh9,6,7,0,"[6-7]",1,22,1.61449,0.97,0.773451,1,0.5,5277,4195
9472,949.664,ga_tcheby_proxy,mesh9,0,6,0,"[0-3-6]",2,40,3.19307,0.975,0.781197,2,0.5,5278,4195
9473,950.174,ga_tcheby_proxy,mesh9,2,0,0,"[2-1-0]",2,44,3.22898,0.97,0.778163,2,0.5,5279,4195
9474,950.226,ga_tcheby_proxy,mesh9,7,8,1,"[]",0,0,0,0,0,0,0.5,5279,4196
9475,950.346,ga_tcheby_proxy,mesh9,1,5,0,"[1-2-5]",2,42,3.21103,0.97,0.777778,2,0.5,5280,4196
9476,950.398,ga_tcheby_proxy,mesh9,0,2,1,"[]",0,0,0,0,0,0,0.5,5280,4197
9477,950.446,ga_tcheby_proxy,mesh9,2,0,1,"[]",0,0,0,0,0,0,0.5,5280,4198
9478,950.743,ga_tcheby_proxy,mesh9,1,7,0,"[1-4-7]",2,40,3.19307,0.975,0.78157,2,0.5,5281,4198
9479,951.025,ga_tcheby_proxy,mesh9,1,5,0,"[1-2-5]",2,42,3.21103,0.97,0.778163,2,0.5,5282,4198
9480,951.03,ga_tcheby_proxy,mesh9,4,5,1,"[]",0,0,0,0,0,0,0.5,5282,4199
9481,951.091,ga_tcheby_proxy,mesh9,4,7,0,"[4-7]",1,20,1.72345,0.900698,0.781942,1,0.5,5283,4199
9482,951.29,ga_tcheby_proxy,mesh9,8,0,0,"[8-7-4-3-0]",4,84,6.42205,0.97,0.781197,4,0.5,5284,4199
9483,951.522,ga_tcheby_proxy,mesh9,4,8,0,"[4-5-8]",2,42,3.21103,0.97,0.781197,2,0.5,5285,4199
9484,951.675,ga_tcheby_proxy,mesh9,8,5,0,"[8-5]",1,20,1.59654,0.975,0.77969,1,0.5,5286,4199
9485,951.834,ga_tcheby_proxy,mesh9,8,4,0,"[8-5-4]",2,42,3.21103,0.97,0.780069,2,0.5,5287,4199
9486,951.93,ga_tcheby_proxy,mesh9,5,0,0,"[5-4-1-0]",3,64,4.82552,0.97,0.78157,3,0.5,5288,4199
9487,952.092,ga_tcheby_proxy,mesh9,0,8,0,"[0-3-6-7-8]",4,84,6.42205,0.97,0.78157,4,0.5,5289,4199
9488,952.133,ga_tcheby_proxy,mesh9,4,5,1,"[]",0,0,0,0,0,0,0.5,5289,4200
9489,952.134,ga_tcheby_proxy,mesh9,5,7,1,"[]",0,0,0,0,0,0,0.5,5289,4201
9490,952.441,ga_tcheby_proxy,mesh9,8,6,0,"[8-7-6]",2,44,3.22898,0.97,0.764706,2,0.5,5290,4201
9491,952.469,ga_tcheby_proxy,mesh9,5,0,1,"[]",0,0,0,0,0,0,0.5,5290,4202
9492,952.834,ga_tcheby_proxy,mesh9,7,0,0,"[7-4-3-0]",3,62,4.80756,0.97,0.78157,3,0.5,5291,4202
9493,952.941,ga_tcheby_proxy,mesh9,7,3,0,"[7-6-3]",2,42,3.21103,0.97,0.77931,2,0.5,5292,4202
9494,953.022,ga_tcheby_proxy,mesh9,6,1,0,"[6-7-4-1]",3,62,4.80756,0.97,0.781942,3,0.5,5293,4202
9495,953.136,ga_tcheby_proxy,mesh9,8,1,0,"[8-7-4-1]",3,62,4.80756,0.97,0.782313,3,0.5,5294,4202
9496,953.203,ga_tcheby_proxy,mesh9,2,8,0,"[2-5-8]",2,40,3.23641,0.948287,0.78157,2,0.5,5295,4202
9497,953.261,ga_tcheby_proxy,mesh9,2,7,1,"[]",0,0,0,0,0,0,0.5,5295,4203
9498,953.484,ga_tcheby_proxy,mesh9,4,2,0,"[4-5-2]",2,42,3.21103,0.97,0.782313,2,0.5,5296,4203
9499,953.527,ga_tcheby_proxy,mesh9,7,3,1,"[]",0,0,0,0,0,0,0.5,5296,4204
9500,953.767,ga_tcheby_proxy,mesh9,5,0,0,"[5-4-3-0]",3,64,4.82552,0.97,0.781942,3,0.5,5297,4204
9501,953.807,ga_tcheby_proxy,mesh9,8,4,1,"[]",0,0,0,0,0,0,0.5,5297,4205
9502,953.815,ga_tcheby_proxy,mesh9,5,2,1,"[]",0,0,0,0,0,0,0.5,5297,4206
9503,954.064,ga_tcheby_proxy,mesh9,2,7,0,"[2-5-8-7]",3,62,4.80756,0.97,0.781942,3,0.5,5298,4206
9504,954.092,ga_tcheby_proxy,mesh9,1,4,1,"[]",0,0,0,0,0,0,0.5,5298,4207
9505,954.105,ga_tcheby_proxy,mesh9,3,6,1,"[]",0,0,0,0,0,0,0.5,5298,4208
9506,954.15,ga_tcheby_proxy,mesh9,6,7,1,"[]",0,0,0,0,0,0,0.5,5298,4209
9507,954.212,ga_tcheby_proxy,mesh9,5,2,1,"[]",0,0,0,0,0,0,0.5,5298,4210
9508,954.216,ga_tcheby_proxy,mesh9,0,8,1,"[]",0,0,0,0,0,0,0.5,5298,4211
9509,954.264,ga_tcheby_proxy,mesh9,4,8,1,"[]",0,0,0,0,0,0,0.5,5298,4212
9510,954.343,ga_tcheby_proxy,mesh9,6,2,0,"[6-3-4-1-2]",4,84,6.42205,0.97,0.782683,4,0.5,5299,4212
9511,954.377,ga_tcheby_proxy,mesh9,8,4,1,"[]",0,0,0,0,0,0,0.5,5299,4213
9512,954.488,ga_tcheby_proxy,mesh9,0,1,0,"[0-1]",1,22,1.61449,0.97,0.758034,1,0.5,5300,4213
9513,955.074,ga_tcheby_proxy,mesh9,7,1,0,"[7-4-1]",2,40,3.19307,0.975,0.783051,2,0.5,5301,4213
9514,955.288,ga_tcheby_proxy,mesh9,3,4,0,"[3-4]",1,22,1.61449,0.97,0.778547,1,0.5,5302,4213
9515,955.508,ga_tcheby_proxy,mesh9,1,0,0,"[1-0]",1,22,1.61449,0.97,0.778929,1,0.5,5303,4213
9516,955.565,ga_tcheby_proxy,mesh9,1,7,1,"[]",0,0,0,0,0,0,0.5,5303,4214
9517,955.591,ga_tcheby_proxy,mesh9,7,4,1,"[]",0,0,0,0,0,0,0.5,5303,4215
9518,955.678,ga_tcheby_proxy,mesh9,8,1,0,"[8-5-2-1]",3,62,4.80756,0.97,0.782683,3,0.5,5304,4215
9519,955.747,ga_tcheby_proxy,mesh9,6,3,0,"[6-3]",1,20,1.60512,0.96959,0.780069,1,0.5,5305,4215
9520,955.773,ga_tcheby_proxy,mesh9,0,4,1,"[]",0,0,0,0,0,0,0.5,5305,4216
9521,955.813,ga_tcheby_proxy,mesh9,1,8,1,"[]",0,0,0,0,0,0,0.5,5305,4217
9522,955.863,ga_tcheby_proxy,mesh9,3,1,1,"[]",0,0,0,0,0,0,0.5,5305,4218
9523,955.967,ga_tcheby_proxy,mesh9,4,6,0,"[4-3-6]",2,42,3.21103,0.97,0.781942,2,0.5,5306,4218
9524,956.026,ga_tcheby_proxy,mesh9,8,0,1,"[]",0,0,0,0,0,0,0.5,5306,4219
9525,956.086,ga_tcheby_proxy,mesh9,5,1,1,"[]",0,0,0,0,0,0,0.5,5306,4220
9526,956.189,ga_tcheby_proxy,mesh9,8,4,0,"[8-5-4]",2,42,3.21103,0.97,0.780822,2,0.5,5307,4220
9527,956.384,ga_tcheby_proxy,mesh9,5,1,0,"[5-2-1]",2,42,3.21103,0.97,0.783051,2,0.5,5308,4220
9528,956.416,ga_tcheby_proxy,mesh9,0,6,1,"[]",0,0,0,0,0,0,0.5,5308,4221
9529,956.595,ga_tcheby_proxy,mesh9,2,7,0,"[2-1-4-7]",3,62,4.80756,0.97,0.782313,3,0.5,5309,4221
9530,956.851,ga_tcheby_proxy,mesh9,3,6,0,"[3-6]",1,20,1.59654,0.975,0.782313,1,0.5,5310,4221
9531,956.928,ga_tcheby_proxy,mesh9,1,0,0,"[1-0]",1,22,1.61449,0.97,0.77931,1,0.5,5311,4221
9532,956.932,ga_tcheby_proxy,mesh9,8,6,0,"[8-5-4-7-6]",4,84,6.87637,0.90301,0.785349,4,0.5,5312,4221
9533,957.05,ga_tcheby_proxy,mesh9,8,7,0,"[8-7]",1,22,1.61449,0.97,0.765996,1,0.5,5313,4221
9534,957.092,ga_tcheby_proxy,mesh9,4,0,1,"[]",0,0,0,0,0,0,0.5,5313,4222
9535,957.258,ga_tcheby_proxy,mesh9,0,7,0,"[0-3-6-7]",3,62,4.80756,0.97,0.782683,3,0.5,5314,4222
9536,957.357,ga_tcheby_proxy,mesh9,7,1,0,"[7-4-1]",2,40,3.19307,0.975,0.783418,2,0.5,5315,4222
9537,957.369,ga_tcheby_proxy,mesh9,4,7,1,"[]",0,0,0,0,0,0,0.5,5315,4223
9538,957.415,ga_tcheby_proxy,mesh9,1,4,0,"[1-4]",1,20,1.70277,0.912023,0.777003,1,0.5,5316,4223
9539,957.547,ga_tcheby_proxy,mesh9,8,7,0,"[8-7]",1,22,1.61449,0.97,0.766423,1,0.5,5317,4223
9540,957.637,ga_tcheby_proxy,mesh9,3,1,0,"[3-0-1]",2,42,3.21103,0.97,0.782313,2,0.5,5318,4223
9541,957.711,ga_tcheby_proxy,mesh9,0,1,0,"[0-1]",1,22,1.61449,0.97,0.758945,1,0.5,5319,4223
9542,957.925,ga_tcheby_proxy,mesh9,1,3,0,"[1-0-3]",2,42,3.21103,0.97,0.77969,2,0.5,5320,4223
9543,958.004,ga_tcheby_proxy,mesh9,6,0,0,"[6-3-0]",2,40,3.19307,0.975,0.782683,2,0.5,5321,4223
9544,958.024,ga_tcheby_proxy,mesh9,2,3,1,"[]",0,0,0,0,0,0,0.5,5321,4224
9545,958.028,ga_tcheby_proxy,mesh9,2,3,1,"[]",0,0,0,0,0,0,0.5,5321,4225
9546,958.163,ga_tcheby_proxy,mesh9,0,6,0,"[0-3-6]",2,40,3.19307,0.975,0.783051,2,0.5,5322,4225
9547,958.473,ga_tcheby_proxy,mesh9,8,1,0,"[8-5-2-1]",3,62,4.80756,0.97,0.783418,3,0.5,5323,4225
9548,958.562,ga_tcheby_proxy,mesh9,0,8,0,"[0-1-2-5-8]",4,84,6.42205,0.97,0.782313,4,0.5,5324,4225
9549,958.737,ga_tcheby_proxy,mesh9,5,8,0,"[5-8]",1,20,1.59654,0.975,0.782683,1,0.5,5325,4225
9550,958.809,ga_tcheby_proxy,mesh9,6,4,0,"[6-3-4]",2,42,3.30353,0.919703,0.780822,2,0.5,5326,4225
9551,958.951,ga_tcheby_proxy,mesh9,3,7,0,"[3-4-7]",2,42,3.21103,0.97,0.783051,2,0.5,5327,4225
9552,958.956,ga_tcheby_proxy,mesh9,1,0,1,"[]",0,0,0,0,0,0,0.5,5327,4226
9553,959.093,ga_tcheby_proxy,mesh9,7,3,0,"[7-6-3]",2,42,3.21103,0.97,0.781197,2,0.5,5328,4226
9554,959.416,ga_tcheby_proxy,mesh9,3,7,0,"[3-6-7]",2,42,3.21103,0.97,0.783418,2,0.5,5329,4226
9555,959.577,ga_tcheby_proxy,mesh9,5,6,0,"[5-8-7-6]",3,64,4.82552,0.97,0.783051,3,0.5,5330,4226
9556,959.588,ga_tcheby_proxy,mesh9,5,0,1,"[]",0,0,0,0,0,0,0.5,5330,4227
9557,959.756,ga_tcheby_proxy,mesh9,8,5,0,"[8-5]",1,20,1.59654,0.975,0.781942,1,0.5,5331,4227
9558,959.831,ga_tcheby_proxy,mesh9,4,5,0,"[4-5]",1,22,1.61449,0.97,0.77969,1,0.5,5332,4227
9559,959.838,ga_tcheby_proxy,mesh9,3,8,1,"[]",0,0,0,0,0,0,0.5,5332,4228
9560,959.933,ga_tcheby_proxy,mesh9,6,3,0,"[6-3]",1,20,1.59654,0.975,0.78157,1,0.5,5333,4228
9561,959.945,ga_tcheby_proxy,mesh9,2,1,1,"[]",0,0,0,0,0,0,0.5,5333,4229
9562,959.956,ga_tcheby_proxy,mesh9,3,1,1,"[]",0,0,0,0,0,0,0.5,5333,4230
9563,960.079,ga_tcheby_proxy,mesh9,3,7,0,"[3-4-7]",2,42,3.21103,0.97,0.783418,2,0.5,5334,4230
9564,960.243,ga_tcheby_proxy,mesh9,6,3,0,"[6-3]",1,20,1.59654,0.975,0.781942,1,0.5,5335,4230
9565,960.518,ga_tcheby_proxy,mesh9,1,3,0,"[1-0-3]",2,42,3.21103,0.97,0.780069,2,0.5,5336,4230
9566,960.798,ga_tcheby_proxy,mesh9,1,4,0,"[1-4]",1,20,1.59654,0.975,0.777391,1,0.5,5337,4230
9567,960.817,ga_tcheby_proxy,mesh9,8,2,1,"[]",0,0,0,0,0,0,0.5,5337,4231
9568,960.955,ga_tcheby_proxy,mesh9,7,5,0,"[7-8-5]",2,42,3.21103,0.97,0.782313,2,0.5,5338,4231
9569,961.044,ga_tcheby_proxy,mesh9,1,6,0,"[1-4-3-6]",3,62,4.80756,0.97,0.783784,3,0.5,5339,4231
9570,961.059,ga_tcheby_proxy,mesh9,4,5,1,"[]",0,0,0,0,0,0,0.5,5339,4232
9571,961.201,ga_tcheby_proxy,mesh9,1,2,0,"[1-2]",1,22,1.61449,0.97,0.774648,1,0.5,5340,4232
9572,961.295,ga_tcheby_proxy,mesh9,6,8,0,"[6-7-8]",2,44,3.22898,0.97,0.778547,2,0.5,5341,4232
9573,961.414,ga_tcheby_proxy,mesh9,4,5,0,"[4-5]",1,22,1.61449,0.97,0.780069,1,0.5,5342,4232
9574,961.487,ga_tcheby_proxy,mesh9,6,7,0,"[6-3-4-7]",3,62,4.81652,0.964416,0.783784,3,0.5,5343,4232
9575,961.574,ga_tcheby_proxy,mesh9,2,5,0,"[2-5]",1,20,1.59654,0.975,0.77969,1,0.5,5344,4232
9576,961.598,ga_tcheby_proxy,mesh9,1,6,1,"[]",0,0,0,0,0,0,0.5,5344,4233
9577,961.683,ga_tcheby_proxy,mesh9,5,1,0,"[5-4-1]",2,42,3.21103,0.97,0.783784,2,0.5,5345,4233
9578,961.715,ga_tcheby_proxy,mesh9,3,0,1,"[]",0,0,0,0,0,0,0.5,5345,4234
9579,961.778,ga_tcheby_proxy,mesh9,8,3,1,"[]",0,0,0,0,0,0,0.5,5345,4235
9580,961.792,ga_tcheby_proxy,mesh9,5,7,1,"[]",0,0,0,0,0,0,0.5,5345,4236
9581,962.032,ga_tcheby_proxy,mesh9,6,7,0,"[6-7]",1,22,1.61449,0.97,0.775832,1,0.5,5346,4236
9582,962.051,ga_tcheby_proxy,mesh9,7,5,1,"[]",0,0,0,0,0,0,0.5,5346,4237
9583,962.113,ga_tcheby_proxy,mesh9,4,8,1,"[]",0,0,0,0,0,0,0.5,5346,4238
9584,962.172,ga_tcheby_proxy,mesh9,7,2,1,"[]",0,0,0,0,0,0,0.5,5346,4239
9585,962.245,ga_tcheby_proxy,mesh9,7,0,0,"[7-4-3-0]",3,62,4.80756,0.97,0.783051,3,0.5,5347,4239
9586,962.323,ga_tcheby_proxy,mesh9,3,6,0,"[3-6]",1,20,1.59654,0.975,0.784148,1,0.5,5348,4239
9587,962.326,ga_tcheby_proxy,mesh9,1,5,0,"[1-4-5]",2,42,3.3568,0.926051,0.780446,2,0.5,5349,4239
9588,962.331,ga_tcheby_proxy,mesh9,8,2,1,"[]",0,0,0,0,0,0,0.5,5349,4240
9589,962.385,ga_tcheby_proxy,mesh9,5,4,1,"[]",0,0,0,0,0,0,0.5,5349,4241
9590,962.439,ga_tcheby_proxy,mesh9,5,0,1,"[]",0,0,0,0,0,0,0.5,5349,4242
9591,962.481,ga_tcheby_proxy,mesh9,5,6,1,"[]",0,0,0,0,0,0,0.5,5349,4243
9592,962.6,ga_tcheby_proxy,mesh9,8,5,0,"[8-5]",1,20,1.59654,0.975,0.782683,1,0.5,5350,4243
9593,962.78,ga_tcheby_proxy,mesh9,4,0,0,"[4-3-0]",2,42,3.21103,0.97,0.783418,2,0.5,5351,4243
9594,962.857,ga_tcheby_proxy,mesh9,2,1,0,"[2-1]",1,22,1.68105,0.929974,0.778163,1,0.5,5352,4243
9595,962.996,ga_tcheby_proxy,mesh9,0,4,0,"[0-1-4]",2,42,3.21103,0.97,0.778547,2,0.5,5353,4243
9596,963.015,ga_tcheby_proxy,mesh9,6,2,1,"[]",0,0,0,0,0,0,0.5,5353,4244
9597,963.24,ga_tcheby_proxy,mesh9,1,5,0,"[1-2-5]",2,42,3.21103,0.97,0.780069,2,0.5,5354,4244
9598,963.338,ga_tcheby_proxy,mesh9,0,8,0,"[0-1-2-5-8]",4,84,6.42205,0.97,0.783418,4,0.5,5355,4244
9599,963.466,ga_tcheby_proxy,mesh9,5,3,0,"[5-4-3]",2,44,3.22898,0.97,0.78157,2,0.5,5356,4244
9600,963.535,ga_tcheby_proxy,mesh9,2,7,0,"[2-5-8-7]",3,62,4.80756,0.97,0.783784,3,0.5,5357,4244
9601,963.98,ga_tcheby_proxy,mesh9,8,2,0,"[8-5-2]",2,40,3.19307,0.975,0.783784,2,0.5,5358,4244
9602,963.991,ga_tcheby_proxy,mesh9,5,4,1,"[]",0,0,0,0,0,0,0.5,5358,4245
9603,964.015,ga_tcheby_proxy,mesh9,3,6,1,"[]",0,0,0,0,0,0,0.5,5358,4246
9604,964.072,ga_tcheby_proxy,mesh9,7,6,1,"[]",0,0,0,0,0,0,0.5,5358,4247
9605,964.275,ga_tcheby_proxy,mesh9,0,4,0,"[0-1-4]",2,42,3.21103,0.97,0.778929,2,0.5,5359,4247
9606,964.285,ga_tcheby_proxy,mesh9,1,5,1,"[]",0,0,0,0,0,0,0.5,5359,4248
9607,964.371,ga_tcheby_proxy,mesh9,8,6,0,"[8-7-6]",2,44,3.22898,0.97,0.767695,2,0.5,5360,4248
9608,964.386,ga_tcheby_proxy,mesh9,6,2,1,"[]",0,0,0,0,0,0,0.5,5360,4249
9609,964.543,ga_tcheby_proxy,mesh9,6,7,0,"[6-7]",1,22,1.61449,0.97,0.776224,1,0.5,5361,4249
9610,964.545,ga_tcheby_proxy,mesh9,1,3,0,"[1-0-3]",2,42,3.36594,0.922326,0.783133,2,0.5,5362,4249
9611,964.586,ga_tcheby_proxy,mesh9,4,8,1,"[]",0,0,0,0,0,0,0.5,5362,4250
9612,964.929,ga_tcheby_proxy,mesh9,2,8,0,"[2-5-8]",2,40,3.19307,0.975,0.784148,2,0.5,5363,4250
9613,965.065,ga_tcheby_proxy,mesh9,2,1,0,"[2-1]",1,22,1.61449,0.97,0.778547,1,0.5,5364,4250
9614,965.072,ga_tcheby_proxy,mesh9,0,1,1,"[]",0,0,0,0,0,0,0.5,5364,4251
9615,965.29,ga_tcheby_proxy,mesh9,8,1,0,"[8-5-4-1]",3,62,4.80756,0.97,0.784148,3,0.5,5365,4251
9616,965.31,ga_tcheby_proxy,mesh9,1,5,1,"[]",0,0,0,0,0,0,0.5,5365,4252
9617,965.389,ga_tcheby_proxy,mesh9,4,2,0,"[4-1-2]",2,42,3.21103,0.97,0.784512,2,0.5,5366,4252
9618,965.396,ga_tcheby_proxy,mesh9,7,8,1,"[]",0,0,0,0,0,0,0.5,5366,4253
9619,965.464,ga_tcheby_proxy,mesh9,6,4,0,"[6-3-4]",2,42,3.29613,0.919402,0.782683,2,0.5,5367,4253
9620,965.523,ga_tcheby_proxy,mesh9,3,2,1,"[]",0,0,0,0,0,0,0.5,5367,4254
9621,965.548,ga_tcheby_proxy,mesh9,5,8,1,"[]",0,0,0,0,0,0,0.5,5367,4255
9622,965.593,ga_tcheby_proxy,mesh9,5,1,1,"[]",0,0,0,0,0,0,0.5,5367,4256
9623,965.624,ga_tcheby_proxy,mesh9,6,0,1,"[]",0,0,0,0,0,0,0.5,5367,4257
9624,965.624,ga_tcheby_proxy,mesh9,5,3,1,"[]",0,0,0,0,0,0,0.5,5367,4258
9625,965.653,ga_tcheby_proxy,mesh9,8,5,1,"[]",0,0,0,0,0,0,0.5,5367,4259
9626,965.699,ga_tcheby_proxy,mesh9,6,5,1,"[]",0,0,0,0,0,0,0.5,5367,4260
9627,966.042,ga_tcheby_proxy,mesh9,7,4,0,"[7-4]",1,20,1.59654,0.975,0.783051,1,0.5,5368,4260
9628,966.088,ga_tcheby_proxy,mesh9,0,5,1,"[]",0,0,0,0,0,0,0.5,5368,4261
9629,966.309,ga_tcheby_proxy,mesh9,8,5,0,"[8-5]",1,20,1.59654,0.975,0.783784,1,0.5,5369,4261
9630,966.857,ga_tcheby_proxy,mesh9,5,7,0,"[5-4-7]",2,42,3.21103,0.97,0.784148,2,0.5,5370,4261
9631,967.047,ga_tcheby_proxy,mesh9,3,0,0,"[3-0]",1,20,1.59654,0.975,0.783784,1,0.5,5371,4261
9632,967.074,ga_tcheby_proxy,mesh9,4,7,1,"[]",0,0,0,0,0,0,0.5,5371,4262
9633,967.169,ga_tcheby_proxy,mesh9,6,2,0,"[6-3-0-1-2]",4,84,6.42205,0.97,0.784148,4,0.5,5372,4262
9634,967.173,ga_tcheby_proxy,mesh9,3,5,0,"[3-4-5]",2,44,3.45282,0.904673,0.786207,2,0.5,5373,4262
9635,967.271,ga_tcheby_proxy,mesh9,5,7,0,"[5-4-7]",2,42,3.21103,0.97,0.784512,2,0.5,5374,4262
9636,967.507,ga_tcheby_proxy,mesh9,1,2,0,"[1-2]",1,22,1.61449,0.97,0.776614,1,0.5,5375,4262
9637,967.554,ga_tcheby_proxy,mesh9,1,3,1,"[]",0,0,0,0,0,0,0.5,5375,4263
9638,967.668,ga_tcheby_proxy,mesh9,7,3,0,"[7-6-3]",2,42,3.21103,0.97,0.783418,2,0.5,5376,4263
9639,967.719,ga_tcheby_proxy,mesh9,8,7,1,"[]",0,0,0,0,0,0,0.5,5376,4264
9640,967.759,ga_tcheby_proxy,mesh9,1,6,1,"[]",0,0,0,0,0,0,0.5,5376,4265
9641,967.89,ga_tcheby_proxy,mesh9,4,5,0,"[4-5]",1,22,1.61449,0.97,0.781197,1,0.5,5377,4265
9642,967.893,ga_tcheby_proxy,mesh9,4,2,0,"[4-1-2]",2,42,3.35576,0.926529,0.784874,2,0.5,5378,4265
9643,967.994,ga_tcheby_proxy,mesh9,6,1,0,"[6-3-0-1]",3,62,4.80756,0.97,0.784512,3,0.5,5379,4265
9644,968.168,ga_tcheby_proxy,mesh9,8,7,0,"[8-7]",1,22,1.61449,0.97,0.768116,1,0.5,5380,4265
9645,968.223,ga_tcheby_proxy,mesh9,1,8,1,"[]",0,0,0,0,0,0,0.5,5380,4266
9646,968.246,ga_tcheby_proxy,mesh9,7,2,1,"[]",0,0,0,0,0,0,0.5,5380,4267
9647,968.292,ga_tcheby_proxy,mesh9,8,1,1,"[]",0,0,0,0,0,0,0.5,5380,4268
9648,968.331,ga_tcheby_proxy,mesh9,0,2,1,"[]",0,0,0,0,0,0,0.5,5380,4269
9649,968.377,ga_tcheby_proxy,mesh9,0,1,1,"[]",0,0,0,0,0,0,0.5,5380,4270
9650,968.414,ga_tcheby_proxy,mesh9,2,5,1,"[]",0,0,0,0,0,0,0.5,5380,4271
9651,968.494,ga_tcheby_proxy,mesh9,0,1,0,"[0-1]",1,22,1.62455,0.963734,0.762082,1,0.5,5381,4271
9652,968.788,ga_tcheby_proxy,mesh9,4,6,0,"[4-3-6]",2,42,3.21103,0.97,0.784512,2,0.5,5382,4271
9653,968.849,ga_tcheby_proxy,mesh9,5,6,0,"[5-4-3-6]",3,64,5.03915,0.903996,0.784874,3,0.5,5383,4271
9654,968.863,ga_tcheby_proxy,mesh9,2,8,1,"[]",0,0,0,0,0,0,0.5,5383,4272
9655,968.883,ga_tcheby_proxy,mesh9,6,5,1,"[]",0,0,0,0,0,0,0.5,5383,4273
9656,968.975,ga_tcheby_proxy,mesh9,6,3,0,"[6-3]",1,20,1.59654,0.975,0.784148,1,0.5,5384,4273
9657,969.186,ga_tcheby_proxy,mesh9,6,2,0,"[6-7-4-5-2]",4,84,6.42205,0.97,0.784148,4,0.5,5385,4273
9658,969.227,ga_tcheby_proxy,mesh9,3,8,1,"[]",0,0,0,0,0,0,0.5,5385,4274
9659,969.366,ga_tcheby_proxy,mesh9,6,5,0,"[6-7-4-5]",3,64,4.82552,0.97,0.783784,3,0.5,5386,4274
9660,969.722,ga_tcheby_proxy,mesh9,3,2,0,"[3-4-5-2]",3,64,4.82552,0.97,0.784512,3,0.5,5387,4274
9661,969.764,ga_tcheby_proxy,mesh9,4,8,1,"[]",0,0,0,0,0,0,0.5,5387,4275
9662,969.765,ga_tcheby_proxy,mesh9,3,7,1,"[]",0,0,0,0,0,0,0.5,5387,4276
9663,970.024,ga_tcheby_proxy,mesh9,5,7,0,"[5-8-7]",2,42,3.21103,0.97,0.784512,2,0.5,5388,4276
9664,970.053,ga_tcheby_proxy,mesh9,4,6,1,"[]",0,0,0,0,0,0,0.5,5388,4277
9665,970.177,ga_tcheby_proxy,mesh9,5,4,0,"[5-4]",1,22,1.61449,0.97,0.778163,1,0.5,5389,4277
9666,970.212,ga_tcheby_proxy,mesh9,7,1,1,"[]",0,0,0,0,0,0,0.5,5389,4278
9667,970.271,ga_tcheby_proxy,mesh9,1,8,1,"[]",0,0,0,0,0,0,0.5,5389,4279
9668,970.295,ga_tcheby_proxy,mesh9,1,3,1,"[]",0,0,0,0,0,0,0.5,5389,4280
9669,970.417,ga_tcheby_proxy,mesh9,8,3,0,"[8-7-4-3]",3,64,4.82552,0.97,0.784148,3,0.5,5390,4280
9670,970.425,ga_tcheby_proxy,mesh9,4,3,1,"[]",0,0,0,0,0,0,0.5,5390,4281
9671,970.546,ga_tcheby_proxy,mesh9,1,5,0,"[1-2-5]",2,42,3.21103,0.97,0.78157,2,0.5,5391,4281
9672,970.555,ga_tcheby_proxy,mesh9,3,4,1,"[]",0,0,0,0,0,0,0.5,5391,4282
9673,970.595,ga_tcheby_proxy,mesh9,0,2,1,"[]",0,0,0,0,0,0,0.5,5391,4283
9674,970.655,ga_tcheby_proxy,mesh9,8,5,0,"[8-5]",1,20,1.62367,0.958101,0.784148,1,0.5,5392,4283
9675,970.834,ga_tcheby_proxy,mesh9,7,6,0,"[7-6]",1,22,1.61449,0.97,0.765568,1,0.5,5393,4283
9676,971.131,ga_tcheby_proxy,mesh9,7,3,0,"[7-4-3]",2,42,3.21103,0.97,0.784512,2,0.5,5394,4283
9677,971.198,ga_tcheby_proxy,mesh9,5,2,0,"[5-2]",1,20,1.6951,0.916294,0.784874,1,0.5,5395,4283
9678,971.316,ga_tcheby_proxy,mesh9,3,4,0,"[3-4]",1,22,1.61449,0.97,0.78157,1,0.5,5396,4283
9679,971.369,ga_tcheby_proxy,mesh9,7,1,1,"[]",0,0,0,0,0,0,0.5,5396,4284
9680,971.431,ga_tcheby_proxy,mesh9,7,4,0,"[7-4]",1,20,1.6231,0.958451,0.784874,1,0.5,5397,4284
9681,971.491,ga_tcheby_proxy,mesh9,6,1,1,"[]",0,0,0,0,0,0,0.5,5397,4285
9682,971.611,ga_tcheby_proxy,mesh9,1,3,0,"[1-0-3]",2,42,3.21103,0.97,0.780822,2,0.5,5398,4285
9683,971.62,ga_tcheby_proxy,mesh9,4,7,1,"[]",0,0,0,0,0,0,0.5,5398,4286
9684,971.679,ga_tcheby_proxy,mesh9,1,3,1,"[]",0,0,0,0,0,0,0.5,5398,4287
9685,971.73,ga_tcheby_proxy,mesh9,6,8,1,"[]",0,0,0,0,0,0,0.5,5398,4288
9686,972.017,ga_tcheby_proxy,mesh9,7,3,0,"[7-6-3]",2,42,3.21103,0.97,0.784512,2,0.5,5399,4288
9687,972.031,ga_tcheby_proxy,mesh9,4,5,1,"[]",0,0,0,0,0,0,0.5,5399,4289
9688,972.146,ga_tcheby_proxy,mesh9,0,4,0,"[0-1-4]",2,42,3.21103,0.97,0.77931,2,0.5,5400,4289
9689,972.168,ga_tcheby_proxy,mesh9,0,4,1,"[]",0,0,0,0,0,0,0.5,5400,4290
9690,972.483,ga_tcheby_proxy,mesh9,0,7,0,"[0-1-4-7]",3,62,4.80756,0.97,0.784874,3,0.5,5401,4290
9691,972.515,ga_tcheby_proxy,mesh9,4,1,1,"[]",0,0,0,0,0,0,0.5,5401,4291
9692,972.515,ga_tcheby_proxy,mesh9,1,6,1,"[]",0,0,0,0,0,0,0.5,5401,4292
9693,972.614,ga_tcheby_proxy,mesh9,4,7,0,"[4-7]",1,20,1.59654,0.975,0.785235,1,0.5,5402,4292
9694,972.642,ga_tcheby_proxy,mesh9,5,3,1,"[]",0,0,0,0,0,0,0.5,5402,4293
9695,972.68,ga_tcheby_proxy,mesh9,8,1,1,"[]",0,0,0,0,0,0,0.5,5402,4294
9696,972.805,ga_tcheby_proxy,mesh9,3,2,0,"[3-0-1-2]",3,64,4.82552,0.97,0.784874,3,0.5,5403,4294
9697,972.851,ga_tcheby_proxy,mesh9,2,7,1,"[]",0,0,0,0,0,0,0.5,5403,4295
9698,973.119,ga_tcheby_proxy,mesh9,6,8,0,"[6-7-8]",2,44,3.22898,0.97,0.778929,2,0.5,5404,4295
9699,973.192,ga_tcheby_proxy,mesh9,2,3,0,"[2-5-4-3]",3,64,4.82552,0.97,0.783418,3,0.5,5405,4295
9700,973.32,ga_tcheby_proxy,mesh9,5,6,0,"[5-8-7-6]",3,64,4.82552,0.97,0.784874,3,0.5,5406,4295
9701,973.375,ga_tcheby_proxy,mesh9,6,5,1,"[]",0,0,0,0,0,0,0.5,5406,4296
9702,973.405,ga_tcheby_proxy,mesh9,3,0,1,"[]",0,0,0,0,0,0,0.5,5406,4297
9703,973.421,ga_tcheby_proxy,mesh9,1,7,1,"[]",0,0,0,0,0,0,0.5,5406,4298
9704,973.433,ga_tcheby_proxy,mesh9,6,0,1,"[]",0,0,0,0,0,0,0.5,5406,4299
9705,973.69,ga_tcheby_proxy,mesh9,0,4,0,"[0-1-4]",2,42,3.21103,0.97,0.780069,2,0.5,5407,4299
9706,973.94,ga_tcheby_proxy,mesh9,7,8,0,"[7-8]",1,22,1.61449,0.97,0.77931,1,0.5,5408,4299
9707,973.946,ga_tcheby_proxy,mesh9,8,3,1,"[]",0,0,0,0,0,0,0.5,5408,4300
9708,974.114,ga_tcheby_proxy,mesh9,5,4,0,"[5-4]",1,22,1.61449,0.97,0.778929,1,0.5,5409,4300
9709,974.123,ga_tcheby_proxy,mesh9,4,5,1,"[]",0,0,0,0,0,0,0.5,5409,4301
9710,974.219,ga_tcheby_proxy,mesh9,3,0,0,"[3-0]",1,20,1.59654,0.975,0.785235,1,0.5,5410,4301
9711,974.384,ga_tcheby_proxy,mesh9,8,3,0,"[8-5-4-3]",3,64,4.82552,0.97,0.784512,3,0.5,5411,4301
9712,974.879,ga_tcheby_proxy,mesh9,4,8,0,"[4-5-8]",2,42,3.21103,0.97,0.785235,2,0.5,5412,4301
9713,974.895,ga_tcheby_proxy,mesh9,2,4,1,"[]",0,0,0,0,0,0,0.5,5412,4302
9714,975.216,ga_tcheby_proxy,mesh9,5,4,0,"[5-4]",1,22,1.61449,0.97,0.77969,1,0.5,5413,4302
9715,975.272,ga_tcheby_proxy,mesh9,5,0,1,"[]",0,0,0,0,0,0,0.5,5413,4303
9716,975.464,ga_tcheby_proxy,mesh9,8,1,0,"[8-7-4-1]",3,62,4.80756,0.97,0.785235,3,0.5,5414,4303
9717,975.484,ga_tcheby_proxy,mesh9,0,4,1,"[]",0,0,0,0,0,0,0.5,5414,4304
9718,975.569,ga_tcheby_proxy,mesh9,5,3,0,"[5-4-3]",2,44,3.22898,0.97,0.784148,2,0.5,5415,4304
9719,975.683,ga_tcheby_proxy,mesh9,2,7,0,"[2-5-4-7]",3,62,4.80756,0.97,0.785595,3,0.5,5416,4304
9720,975.726,ga_tcheby_proxy,mesh9,7,8,1,"[]",0,0,0,0,0,0,0.5,5416,4305
9721,975.841,ga_tcheby_proxy,mesh9,8,7,0,"[8-7]",1,22,1.61449,0.97,0.770197,1,0.5,5417,4305
9722,976.201,ga_tcheby_proxy,mesh9,0,5,0,"[0-1-2-5]",3,64,4.82552,0.97,0.782683,3,0.5,5418,4305
9723,976.202,ga_tcheby_proxy,mesh9,6,2,0,"[6-7-4-5-2]",4,84,6.62384,0.939001,0.787879,4,0.5,5419,4305
9724,976.247,ga_tcheby_proxy,mesh9,2,3,1,"[]",0,0,0,0,0,0,0.5,5419,4306
9725,976.458,ga_tcheby_proxy,mesh9,2,1,0,"[2-1]",1,22,1.61449,0.97,0.778929,1,0.5,5420,4306
9726,976.459,ga_tcheby_proxy,mesh9,1,2,0,"[1-2]",1,22,1.63849,0.955177,0.778547,1,0.5,5421,4306
9727,976.528,ga_tcheby_proxy,mesh9,4,5,0,"[4-5]",1,22,1.61449,0.97,0.783418,1,0.5,5422,4306
9728,976.688,ga_tcheby_proxy,mesh9,6,3,0,"[6-3]",1,20,1.59654,0.975,0.784874,1,0.5,5423,4306
9729,976.711,ga_tcheby_proxy,mesh9,3,6,1,"[]",0,0,0,0,0,0,0.5,5423,4307
9730,976.826,ga_tcheby_proxy,mesh9,4,3,0,"[4-3]",1,22,1.61449,0.97,0.784512,1,0.5,5424,4307
9731,976.854,ga_tcheby_proxy,mesh9,0,2,1,"[]",0,0,0,0,0,0,0.5,5424,4308
9732,976.866,ga_tcheby_proxy,mesh9,6,0,1,"[]",0,0,0,0,0,0,0.5,5424,4309
9733,976.961,ga_tcheby_proxy,mesh9,4,3,0,"[4-3]",1,22,1.61449,0.97,0.784874,1,0.5,5425,4309
9734,976.969,ga_tcheby_proxy,mesh9,1,2,1,"[]",0,0,0,0,0,0,0.5,5425,4310
9735,977.015,ga_tcheby_proxy,mesh9,6,8,1,"[]",0,0,0,0,0,0,0.5,5425,4311
9736,977.033,ga_tcheby_proxy,mesh9,3,7,1,"[]",0,0,0,0,0,0,0.5,5425,4312
9737,977.199,ga_tcheby_proxy,mesh9,6,7,0,"[6-7]",1,22,1.61449,0.97,0.778163,1,0.5,5426,4312
9738,977.398,ga_tcheby_proxy,mesh9,8,5,0,"[8-5]",1,20,1.59654,0.975,0.784874,1,0.5,5427,4312
9739,977.449,ga_tcheby_proxy,mesh9,1,6,1,"[]",0,0,0,0,0,0,0.5,5427,4313
9740,977.535,ga_tcheby_proxy,mesh9,0,2,0,"[0-1-2]",2,44,3.22898,0.97,0.778929,2,0.5,5428,4313
9741,977.563,ga_tcheby_proxy,mesh9,2,0,1,"[]",0,0,0,0,0,0,0.5,5428,4314
9742,977.694,ga_tcheby_proxy,mesh9,5,4,0,"[5-4]",1,22,1.61449,0.97,0.780822,1,0.5,5429,4314
9743,977.782,ga_tcheby_proxy,mesh9,5,7,0,"[5-8-7]",2,42,3.21103,0.97,0.785595,2,0.5,5430,4314
9744,977.864,ga_tcheby_proxy,mesh9,7,4,0,"[7-4]",1,20,1.59654,0.975,0.785953,1,0.5,5431,4314
9745,978.057,ga_tcheby_proxy,mesh9,1,3,0,"[1-0-3]",2,42,3.21103,0.97,0.781197,2,0.5,5432,4314
9746,978.288,ga_tcheby_proxy,mesh9,0,4,0,"[0-1-4]",2,42,3.21103,0.97,0.780446,2,0.5,5433,4314
9747,978.5,ga_tcheby_proxy,mesh9,1,5,0,"[1-2-5]",2,42,3.21103,0.97,0.783051,2,0.5,5434,4314
9748,978.551,ga_tcheby_proxy,mesh9,0,3,1,"[]",0,0,0,0,0,0,0.5,5434,4315
9749,978.589,ga_tcheby_proxy,mesh9,4,2,1,"[]",0,0,0,0,0,0,0.5,5434,4316
9750,979.098,ga_tcheby_proxy,mesh9,1,3,0,"[1-0-3]",2,42,3.21103,0.97,0.78157,2,0.5,5435,4316
9751,979.231,ga_tcheby_proxy,mesh9,3,7,0,"[3-6-7]",2,42,3.21103,0.97,0.785235,2,0.5,5436,4316
9752,979.302,ga_tcheby_proxy,mesh9,1,3,0,"[1-4-3]",2,42,3.35783,0.92048,0.785235,2,0.5,5437,4316
9753,979.539,ga_tcheby_proxy,mesh9,1,6,0,"[1-0-3-6]",3,62,4.80756,0.97,0.785595,3,0.5,5438,4316
9754,979.6,ga_tcheby_proxy,mesh9,4,0,0,"[4-7-6-3-0]",4,82,6.69283,0.918814,0.785953,4,0.5,5439,4316
9755,979.7,ga_tcheby_proxy,mesh9,2,0,0,"[2-1-0]",2,44,3.22898,0.97,0.782313,2,0.5,5440,4316
9756,979.751,ga_tcheby_proxy,mesh9,8,1,1,"[]",0,0,0,0,0,0,0.5,5440,4317
9757,979.801,ga_tcheby_proxy,mesh9,7,3,1,"[]",0,0,0,0,0,0,0.5,5440,4318
9758,979.824,ga_tcheby_proxy,mesh9,2,0,1,"[]",0,0,0,0,0,0,0.5,5440,4319
9759,979.89,ga_tcheby_proxy,mesh9,5,7,0,"[5-8-7]",2,42,3.29055,0.922556,0.785953,2,0.5,5441,4319
9760,979.916,ga_tcheby_proxy,mesh9,2,6,1,"[]",0,0,0,0,0,0,0.5,5441,4320
9761,980,ga_tcheby_proxy,mesh9,1,8,0,"[1-4-5-8]",3,62,4.80756,0.97,0.786311,3,0.5,5442,4320
9762,980.014,ga_tcheby_proxy,mesh9,7,8,1,"[]",0,0,0,0,0,0,0.5,5442,4321
9763,980.099,ga_tcheby_proxy,mesh9,8,2,0,"[8-5-2]",2,40,3.19307,0.975,0.785595,2,0.5,5443,4321
9764,980.141,ga_tcheby_proxy,mesh9,8,1,1,"[]",0,0,0,0,0,0,0.5,5443,4322
9765,980.239,ga_tcheby_proxy,mesh9,4,6,0,"[4-3-6]",2,42,3.21103,0.97,0.785953,2,0.5,5444,4322
9766,980.246,ga_tcheby_proxy,mesh9,4,0,1,"[]",0,0,0,0,0,0,0.5,5444,4323
9767,980.311,ga_tcheby_proxy,mesh9,3,5,1,"[]",0,0,0,0,0,0,0.5,5444,4324
9768,980.468,ga_tcheby_proxy,mesh9,7,2,0,"[7-8-5-2]",3,62,4.80756,0.97,0.785953,3,0.5,5445,4324
9769,980.486,ga_tcheby_proxy,mesh9,3,6,1,"[]",0,0,0,0,0,0,0.5,5445,4325
9770,980.597,ga_tcheby_proxy,mesh9,0,1,0,"[0-1]",1,22,1.61449,0.97,0.765568,1,0.5,5446,4325
9771,980.664,ga_tcheby_proxy,mesh9,5,0,0,"[5-4-1-0]",3,64,4.96269,0.900178,0.785595,3,0.5,5447,4325
9772,980.687,ga_tcheby_proxy,mesh9,0,6,1,"[]",0,0,0,0,0,0,0.5,5447,4326
9773,980.7,ga_tcheby_proxy,mesh9,8,6,1,"[]",0,0,0,0,0,0,0.5,5447,4327
9774,980.803,ga_tcheby_proxy,mesh9,7,2,0,"[7-8-5-2]",3,62,4.80756,0.97,0.786311,3,0.5,5448,4327
9775,980.935,ga_tcheby_proxy,mesh9,5,3,0,"[5-4-3]",2,44,3.22898,0.97,0.785953,2,0.5,5449,4327
9776,981.02,ga_tcheby_proxy,mesh9,8,7,0,"[8-7]",1,22,1.61449,0.97,0.771429,1,0.5,5450,4327
9777,981.073,ga_tcheby_proxy,mesh9,2,8,1,"[]",0,0,0,0,0,0,0.5,5450,4328
9778,981.073,ga_tcheby_proxy,mesh9,6,3,1,"[]",0,0,0,0,0,0,0.5,5450,4329
9779,981.085,ga_tcheby_proxy,mesh9,1,5,1,"[]",0,0,0,0,0,0,0.5,5450,4330
9780,981.091,ga_tcheby_proxy,mesh9,6,7,1,"[]",0,0,0,0,0,0,0.5,5450,4331
9781,981.206,ga_tcheby_proxy,mesh9,3,1,0,"[3-0-1]",2,42,3.21103,0.97,0.785953,2,0.5,5451,4331
9782,981.359,ga_tcheby_proxy,mesh9,3,7,0,"[3-6-7]",2,42,3.21103,0.97,0.786311,2,0.5,5452,4331
9783,981.394,ga_tcheby_proxy,mesh9,2,8,1,"[]",0,0,0,0,0,0,0.5,5452,4332
9784,981.397,ga_tcheby_proxy,mesh9,7,3,1,"[]",0,0,0,0,0,0,0.5,5452,4333
9785,981.519,ga_tcheby_proxy,mesh9,0,5,0,"[0-1-2-5]",3,64,4.82552,0.97,0.783418,3,0.5,5453,4333
9786,981.52,ga_tcheby_proxy,mesh9,6,4,0,"[6-3-4]",2,42,3.29786,0.943337,0.785595,2,0.5,5454,4333
9787,981.66,ga_tcheby_proxy,mesh9,0,6,0,"[0-3-6]",2,40,3.19307,0.975,0.786667,2,0.5,5455,4333
9788,981.678,ga_tcheby_proxy,mesh9,3,1,1,"[]",0,0,0,0,0,0,0.5,5455,4334
9789,981.742,ga_tcheby_proxy,mesh9,0,4,1,"[]",0,0,0,0,0,0,0.5,5455,4335
9790,981.81,ga_tcheby_proxy,mesh9,7,4,0,"[7-4]",1,20,1.59654,0.975,0.786311,1,0.5,5456,4335
9791,981.92,ga_tcheby_proxy,mesh9,5,7,0,"[5-4-7]",2,42,3.21103,0.97,0.786311,2,0.5,5457,4335
9792,982.377,ga_tcheby_proxy,mesh9,3,0,0,"[3-0]",1,20,1.59654,0.975,0.786311,1,0.5,5458,4335
9793,982.402,ga_tcheby_proxy,mesh9,2,4,1,"[]",0,0,0,0,0,0,0.5,5458,4336
9794,982.505,ga_tcheby_proxy,mesh9,5,2,0,"[5-2]",1,20,1.59654,0.975,0.786667,1,0.5,5459,4336
9795,982.66,ga_tcheby_proxy,mesh9,6,8,0,"[6-7-8]",2,44,3.22898,0.97,0.780446,2,0.5,5460,4336
9796,982.81,ga_tcheby_proxy,mesh9,0,8,0,"[0-3-4-7-8]",4,84,6.42205,0.97,0.786667,4,0.5,5461,4336
9797,983.167,ga_tcheby_proxy,mesh9,1,7,0,"[1-4-7]",2,40,3.19307,0.975,0.787022,2,0.5,5462,4336
9798,983.353,ga_tcheby_proxy,mesh9,6,3,0,"[6-3]",1,20,1.59654,0.975,0.785953,1,0.5,5463,4336
9799,983.537,ga_tcheby_proxy,mesh9,0,5,0,"[0-1-2-5]",3,64,4.82552,0.97,0.783784,3,0.5,5464,4336
9800,983.7,ga_tcheby_proxy,mesh9,4,7,0,"[4-7]",1,20,1.59654,0.975,0.787375,1,0.5,5465,4336
9801,983.718,ga_tcheby_proxy,mesh9,3,8,1,"[]",0,0,0,0,0,0,0.5,5465,4337
9802,983.768,ga_tcheby_proxy,mesh9,8,1,1,"[]",0,0,0,0,0,0,0.5,5465,4338
9803,983.897,ga_tcheby_proxy,mesh9,3,4,0,"[3-4]",1,22,1.61449,0.97,0.782683,1,0.5,5466,4338
9804,983.947,ga_tcheby_proxy,mesh9,4,8,1,"[]",0,0,0,0,0,0,0.5,5466,4339
9805,984.145,ga_tcheby_proxy,mesh9,2,7,0,"[2-5-8-7]",3,62,4.80756,0.97,0.786667,3,0.5,5467,4339
9806,984.262,ga_tcheby_proxy,mesh9,7,4,0,"[7-4]",1,20,1.59654,0.975,0.786667,1,0.5,5468,4339
9807,984.405,ga_tcheby_proxy,mesh9,6,2,0,"[6-3-4-1-2]",4,84,6.42205,0.97,0.786311,4,0.5,5469,4339
9808,984.421,ga_tcheby_proxy,mesh9,8,6,1,"[]",0,0,0,0,0,0,0.5,5469,4340
9809,984.441,ga_tcheby_proxy,mesh9,1,8,1,"[]",0,0,0,0,0,0,0.5,5469,4341
9810,984.961,ga_tcheby_proxy,mesh9,7,3,0,"[7-6-3]",2,42,3.21103,0.97,0.786667,2,0.5,5470,4341
9811,985.345,ga_tcheby_proxy,mesh9,3,8,0,"[3-4-5-8]",3,64,4.82552,0.97,0.787022,3,0.5,5471,4341
9812,985.695,ga_tcheby_proxy,mesh9,0,2,0,"[0-1-2]",2,44,3.22898,0.97,0.780822,2,0.5,5472,4341
9813,985.996,ga_tcheby_proxy,mesh9,5,2,0,"[5-2]",1,20,1.59654,0.975,0.787022,1,0.5,5473,4341
9814,986.099,ga_tcheby_proxy,mesh9,2,8,0,"[2-5-8]",2,40,3.19307,0.975,0.787375,2,0.5,5474,4341
9815,986.106,ga_tcheby_proxy,mesh9,0,7,1,"[]",0,0,0,0,0,0,0.5,5474,4342
9816,986.198,ga_tcheby_proxy,mesh9,3,1,0,"[3-4-1]",2,42,3.21103,0.97,0.786311,2,0.5,5475,4342
9817,986.279,ga_tcheby_proxy,mesh9,5,8,0,"[5-8]",1,20,1.59654,0.975,0.787728,1,0.5,5476,4342
9818,986.391,ga_tcheby_proxy,mesh9,2,3,0,"[2-1-0-3]",3,64,4.82552,0.97,0.783051,3,0.5,5477,4342
9819,986.514,ga_tcheby_proxy,mesh9,8,2,0,"[8-5-2]",2,40,3.19307,0.975,0.787375,2,0.5,5478,4342
9820,987.119,ga_tcheby_proxy,mesh9,2,7,0,"[2-5-4-7]",3,62,4.80756,0.97,0.787728,3,0.5,5479,4342
9821,987.233,ga_tcheby_proxy,mesh9,7,6,0,"[7-6]",1,22,1.61449,0.97,0.767695,1,0.5,5480,4342
9822,987.355,ga_tcheby_proxy,mesh9,7,6,0,"[7-6]",1,22,1.61449,0.97,0.768116,1,0.5,5481,4342
9823,987.429,ga_tcheby_proxy,mesh9,7,8,0,"[7-8]",1,22,1.61449,0.97,0.781197,1,0.5,5482,4342
9824,987.558,ga_tcheby_proxy,mesh9,1,7,0,"[1-4-7]",2,40,3.19307,0.975,0.788079,2,0.5,5483,4342
9825,987.641,ga_tcheby_proxy,mesh9,5,4,0,"[5-4]",1,22,1.61449,0.97,0.782683,1,0.5,5484,4342
9826,987.803,ga_tcheby_proxy,mesh9,3,4,0,"[3-4]",1,22,1.61449,0.97,0.784148,1,0.5,5485,4342
9827,987.864,ga_tcheby_proxy,mesh9,0,6,1,"[]",0,0,0,0,0,0,0.5,5485,4343
9828,987.94,ga_tcheby_proxy,mesh9,6,2,0,"[6-7-4-1-2]",4,84,6.42205,0.97,0.787022,4,0.5,5486,4343
9829,987.95,ga_tcheby_proxy,mesh9,8,3,1,"[]",0,0,0,0,0,0,0.5,5486,4344
9830,988.025,ga_tcheby_proxy,mesh9,8,0,0,"[8-5-4-1-0]",4,84,6.43151,0.969046,0.787022,4,0.5,5487,4344
9831,988.129,ga_tcheby_proxy,mesh9,2,7,0,"[2-5-8-7]",3,62,4.80756,0.97,0.788079,3,0.5,5488,4344
9832,988.144,ga_tcheby_proxy,mesh9,8,7,1,"[]",0,0,0,0,0,0,0.5,5488,4345
9833,988.176,ga_tcheby_proxy,mesh9,8,4,1,"[]",0,0,0,0,0,0,0.5,5488,4346
9834,988.488,ga_tcheby_proxy,mesh9,3,6,0,"[3-6]",1,20,1.59654,0.975,0.787022,1,0.5,5489,4346
9835,988.491,ga_tcheby_proxy,mesh9,7,2,0,"[7-8-5-2]",3,62,5.04981,0.922385,0.790349,3,0.5,5490,4346
9836,988.566,ga_tcheby_proxy,mesh9,8,2,0,"[8-5-2]",2,40,3.22096,0.957642,0.788079,2,0.5,5491,4346
9837,988.853,ga_tcheby_proxy,mesh9,6,0,0,"[6-3-0]",2,40,3.19307,0.975,0.787022,2,0.5,5492,4346
9838,988.917,ga_tcheby_proxy,mesh9,1,3,1,"[]",0,0,0,0,0,0,0.5,5492,4347
9839,989.06,ga_tcheby_proxy,mesh9,0,6,0,"[0-3-6]",2,40,3.19307,0.975,0.787375,2,0.5,5493,4347
9840,989.163,ga_tcheby_proxy,mesh9,6,4,0,"[6-3-4]",2,42,3.21103,0.97,0.787375,2,0.5,5494,4347
9841,989.241,ga_tcheby_proxy,mesh9,2,0,0,"[2-1-0]",2,44,3.22898,0.97,0.783784,2,0.5,5495,4347
9842,989.302,ga_tcheby_proxy,mesh9,6,7,1,"[]",0,0,0,0,0,0,0.5,5495,4348
9843,989.398,ga_tcheby_proxy,mesh9,0,1,0,"[0-1]",1,22,1.61449,0.97,0.767695,1,0.5,5496,4348
9844,989.407,ga_tcheby_proxy,mesh9,3,7,1,"[]",0,0,0,0,0,0,0.5,5496,4349
9845,989.535,ga_tcheby_proxy,mesh9,4,7,0,"[4-7]",1,20,1.59654,0.975,0.78843,1,0.5,5497,4349
9846,989.558,ga_tcheby_proxy,mesh9,1,5,1,"[]",0,0,0,0,0,0,0.5,5497,4350
9847,989.569,ga_tcheby_proxy,mesh9,0,4,1,"[]",0,0,0,0,0,0,0.5,5497,4351
9848,989.596,ga_tcheby_proxy,mesh9,7,0,1,"[]",0,0,0,0,0,0,0.5,5497,4352
9849,989.615,ga_tcheby_proxy,mesh9,5,7,1,"[]",0,0,0,0,0,0,0.5,5497,4353
9850,989.616,ga_tcheby_proxy,mesh9,0,3,1,"[]",0,0,0,0,0,0,0.5,5497,4354
9851,989.749,ga_tcheby_proxy,mesh9,6,8,0,"[6-7-8]",2,44,3.22898,0.97,0.781942,2,0.5,5498,4354
9852,989.821,ga_tcheby_proxy,mesh9,4,7,0,"[4-5-8-7]",3,64,4.83439,0.964467,0.78843,3,0.5,5499,4354
9853,989.822,ga_tcheby_proxy,mesh9,5,0,0,"[5-4-3-0]",3,64,4.94273,0.946207,0.789649,3,0.5,5500,4354
9854,990.013,ga_tcheby_proxy,mesh9,7,3,0,"[7-4-3]",2,42,3.21103,0.97,0.787375,2,0.5,5501,4354
9855,990.107,ga_tcheby_proxy,mesh9,2,5,0,"[2-5]",1,20,1.59654,0.975,0.785595,1,0.5,5502,4354
9856,990.139,ga_tcheby_proxy,mesh9,6,3,1,"[]",0,0,0,0,0,0,0.5,5502,4355
9857,990.159,ga_tcheby_proxy,mesh9,6,7,1,"[]",0,0,0,0,0,0,0.5,5502,4356
9858,990.256,ga_tcheby_proxy,mesh9,4,8,0,"[4-7-8]",2,42,3.21103,0.97,0.788779,2,0.5,5503,4356
9859,990.684,ga_tcheby_proxy,mesh9,1,5,0,"[1-4-5]",2,42,3.21103,0.97,0.784874,2,0.5,5504,4356
9860,990.702,ga_tcheby_proxy,mesh9,6,4,1,"[]",0,0,0,0,0,0,0.5,5504,4357
9861,991.093,ga_tcheby_proxy,mesh9,4,6,0,"[4-3-6]",2,42,3.21103,0.97,0.787728,2,0.5,5505,4357
9862,991.331,ga_tcheby_proxy,mesh9,0,2,0,"[0-1-2]",2,44,3.22898,0.97,0.78157,2,0.5,5506,4357
9863,991.405,ga_tcheby_proxy,mesh9,7,2,0,"[7-4-1-2]",3,62,4.80756,0.97,0.787728,3,0.5,5507,4357
9864,991.414,ga_tcheby_proxy,mesh9,3,5,1,"[]",0,0,0,0,0,0,0.5,5507,4358
9865,991.529,ga_tcheby_proxy,mesh9,4,3,0,"[4-3]",1,22,1.61449,0.97,0.787375,1,0.5,5508,4358
9866,991.889,ga_tcheby_proxy,mesh9,1,5,0,"[1-4-5]",2,42,3.21103,0.97,0.785235,2,0.5,5509,4358
9867,992.131,ga_tcheby_proxy,mesh9,4,7,0,"[4-7]",1,20,1.59654,0.975,0.789127,1,0.5,5510,4358
9868,992.244,ga_tcheby_proxy,mesh9,8,2,0,"[8-5-2]",2,40,3.19307,0.975,0.78843,2,0.5,5511,4358
9869,992.596,ga_tcheby_proxy,mesh9,7,6,0,"[7-6]",1,22,1.61449,0.97,0.768535,1,0.5,5512,4358
9870,993.094,ga_tcheby_proxy,mesh9,4,6,0,"[4-3-6]",2,42,3.21103,0.97,0.788079,2,0.5,5513,4358
9871,993.204,ga_tcheby_proxy,mesh9,8,2,0,"[8-5-2]",2,40,3.19307,0.975,0.788779,2,0.5,5514,4358
9872,993.409,ga_tcheby_proxy,mesh9,3,5,0,"[3-4-5]",2,44,3.22898,0.97,0.785595,2,0.5,5515,4358
9873,993.439,ga_tcheby_proxy,mesh9,0,4,1,"[]",0,0,0,0,0,0,0.5,5515,4359
9874,993.668,ga_tcheby_proxy,mesh9,0,2,0,"[0-1-2]",2,44,3.22898,0.97,0.782313,2,0.5,5516,4359
9875,994.029,ga_tcheby_proxy,mesh9,3,6,0,"[3-6]",1,20,1.59654,0.975,0.78843,1,0.5,5517,4359
9876,994.046,ga_tcheby_proxy,mesh9,8,5,1,"[]",0,0,0,0,0,0,0.5,5517,4360
9877,994.135,ga_tcheby_proxy,mesh9,1,5,0,"[1-2-5]",2,42,3.21103,0.97,0.785953,2,0.5,5518,4360
9878,994.223,ga_tcheby_proxy,mesh9,0,2,0,"[0-1-2]",2,44,3.22898,0.97,0.783051,2,0.5,5519,4360
9879,994.531,ga_tcheby_proxy,mesh9,7,2,0,"[7-4-1-2]",3,62,4.80756,0.97,0.788079,3,0.5,5520,4360
9880,994.553,ga_tcheby_proxy,mesh9,7,2,1,"[]",0,0,0,0,0,0,0.5,5520,4361
9881,994.647,ga_tcheby_proxy,mesh9,4,6,0,"[4-3-6]",2,42,3.21103,0.97,0.788779,2,0.5,5521,4361
9882,994.664,ga_tcheby_proxy,mesh9,8,6,1,"[]",0,0,0,0,0,0,0.5,5521,4362
9883,994.668,ga_tcheby_proxy,mesh9,4,8,1,"[]",0,0,0,0,0,0,0.5,5521,4363
9884,994.907,ga_tcheby_proxy,mesh9,0,6,0,"[0-3-6]",2,40,3.19307,0.975,0.789127,2,0.5,5522,4363
9885,994.964,ga_tcheby_proxy,mesh9,0,3,0,"[0-3]",1,20,1.63656,0.950276,0.778163,1,0.5,5523,4363
9886,995.023,ga_tcheby_proxy,mesh9,0,7,1,"[]",0,0,0,0,0,0,0.5,5523,4364
9887,995.077,ga_tcheby_proxy,mesh9,2,0,1,"[]",0,0,0,0,0,0,0.5,5523,4365
9888,995.19,ga_tcheby_proxy,mesh9,4,6,0,"[4-7-6]",2,42,3.21103,0.97,0.789474,2,0.5,5524,4365
9889,995.261,ga_tcheby_proxy,mesh9,3,0,0,"[3-0]",1,20,1.67911,0.925336,0.787375,1,0.5,5525,4365
9890,995.532,ga_tcheby_proxy,mesh9,5,3,0,"[5-4-3]",2,44,3.22898,0.97,0.78843,2,0.5,5526,4365
9891,995.591,ga_tcheby_proxy,mesh9,6,1,1,"[]",0,0,0,0,0,0,0.5,5526,4366
9892,995.66,ga_tcheby_proxy,mesh9,3,7,0,"[3-4-7]",2,42,3.32972,0.905169,0.789819,2,0.5,5527,4366
9893,995.708,ga_tcheby_proxy,mesh9,6,1,1,"[]",0,0,0,0,0,0,0.5,5527,4367
9894,995.733,ga_tcheby_proxy,mesh9,7,5,1,"[]",0,0,0,0,0,0,0.5,5527,4368
9895,995.798,ga_tcheby_proxy,mesh9,4,3,0,"[4-3]",1,22,1.68401,0.928272,0.788779,1,0.5,5528,4368
9896,996.096,ga_tcheby_proxy,mesh9,4,6,0,"[4-3-6]",2,42,3.21103,0.97,0.789474,2,0.5,5529,4368
9897,996.52,ga_tcheby_proxy,mesh9,6,4,0,"[6-3-4]",2,42,3.21103,0.97,0.787728,2,0.5,5530,4368
9898,996.628,ga_tcheby_proxy,mesh9,7,2,0,"[7-4-1-2]",3,62,4.80756,0.97,0.78843,3,0.5,5531,4368
9899,996.664,ga_tcheby_proxy,mesh9,1,4,1,"[]",0,0,0,0,0,0,0.5,5531,4369
9900,996.842,ga_tcheby_proxy,mesh9,3,1,0,"[3-0-1]",2,42,3.21103,0.97,0.787728,2,0.5,5532,4369
9901,996.882,ga_tcheby_proxy,mesh9,4,7,1,"[]",0,0,0,0,0,0,0.5,5532,4370
9902,997.085,ga_tcheby_proxy,mesh9,2,6,0,"[2-5-8-7-6]",4,84,6.42205,0.97,0.788779,4,0.5,5533,4370
9903,997.169,ga_tcheby_proxy,mesh9,1,4,0,"[1-4]",1,20,1.59654,0.975,0.783051,1,0.5,5534,4370
9904,997.519,ga_tcheby_proxy,mesh9,3,7,0,"[3-6-7]",2,42,3.21103,0.97,0.789819,2,0.5,5535,4370
9905,997.596,ga_tcheby_proxy,mesh9,8,2,0,"[8-5-2]",2,40,3.26928,0.928982,0.789127,2,0.5,5536,4370
9906,997.684,ga_tcheby_proxy,mesh9,2,7,0,"[2-5-8-7]",3,62,4.80756,0.97,0.789127,3,0.5,5537,4370
9907,997.805,ga_tcheby_proxy,mesh9,6,2,0,"[6-3-0-1-2]",4,84,6.42205,0.97,0.788079,4,0.5,5538,4370
9908,997.824,ga_tcheby_proxy,mesh9,2,0,1,"[]",0,0,0,0,0,0,0.5,5538,4371
9909,997.843,ga_tcheby_proxy,mesh9,8,0,1,"[]",0,0,0,0,0,0,0.5,5538,4372
9910,998.188,ga_tcheby_proxy,mesh9,1,2,0,"[1-2]",1,22,1.61449,0.97,0.784512,1,0.5,5539,4372
9911,998.236,ga_tcheby_proxy,mesh9,7,4,1,"[]",0,0,0,0,0,0,0.5,5539,4373
9912,998.424,ga_tcheby_proxy,mesh9,5,4,0,"[5-4]",1,22,1.61449,0.97,0.784148,1,0.5,5540,4373
9913,998.481,ga_tcheby_proxy,mesh9,3,5,1,"[]",0,0,0,0,0,0,0.5,5540,4374
9914,998.509,ga_tcheby_proxy,mesh9,2,7,1,"[]",0,0,0,0,0,0,0.5,5540,4375
9915,998.511,ga_tcheby_proxy,mesh9,8,5,1,"[]",0,0,0,0,0,0,0.5,5540,4376
9916,998.538,ga_tcheby_proxy,mesh9,7,2,1,"[]",0,0,0,0,0,0,0.5,5540,4377
9917,998.685,ga_tcheby_proxy,mesh9,3,8,0,"[3-4-5-8]",3,64,4.82552,0.97,0.789474,3,0.5,5541,4377
9918,998.702,ga_tcheby_proxy,mesh9,5,2,1,"[]",0,0,0,0,0,0,0.5,5541,4378
9919,998.72,ga_tcheby_proxy,mesh9,6,4,1,"[]",0,0,0,0,0,0,0.5,5541,4379
9920,998.983,ga_tcheby_proxy,mesh9,4,6,0,"[4-7-6]",2,42,3.21103,0.97,0.790164,2,0.5,5542,4379
9921,999.094,ga_tcheby_proxy,mesh9,8,2,0,"[8-5-2]",2,40,3.19307,0.975,0.789474,2,0.5,5543,4379
9922,999.124,ga_tcheby_proxy,mesh9,2,8,1,"[]",0,0,0,0,0,0,0.5,5543,4380
9923,999.157,ga_tcheby_proxy,mesh9,2,8,1,"[]",0,0,0,0,0,0,0.5,5543,4381
9924,999.458,ga_tcheby_proxy,mesh9,6,7,0,"[6-7]",1,22,1.61449,0.97,0.780822,1,0.5,5544,4381
9925,999.49,ga_tcheby_proxy,mesh9,2,1,1,"[]",0,0,0,0,0,0,0.5,5544,4382
9926,999.583,ga_tcheby_proxy,mesh9,3,2,0,"[3-4-1-2]",3,64,4.82552,0.97,0.78843,3,0.5,5545,4382
9927,999.685,ga_tcheby_proxy,mesh9,1,2,0,"[1-2]",1,22,1.61449,0.97,0.785235,1,0.5,5546,4382
9928,999.946,ga_tcheby_proxy,mesh9,6,7,0,"[6-7]",1,22,1.61449,0.97,0.781197,1,0.5,5547,4382
9929,999.975,ga_tcheby_proxy,mesh9,1,7,1,"[]",0,0,0,0,0,0,0.5,5547,4383
9930,1000.13,ga_tcheby_proxy,mesh9,8,6,0,"[8-7-6]",2,44,3.22898,0.97,0.773852,2,0.5,5548,4383
9931,1000.22,ga_tcheby_proxy,mesh9,8,5,0,"[8-5]",1,20,1.59654,0.975,0.789127,1,0.5,5549,4383
9932,1000.42,ga_tcheby_proxy,mesh9,5,2,0,"[5-2]",1,20,1.59654,0.975,0.789819,1,0.5,5550,4383
9933,1000.44,ga_tcheby_proxy,mesh9,7,2,1,"[]",0,0,0,0,0,0,0.5,5550,4384
9934,1001.07,ga_tcheby_proxy,mesh9,1,2,0,"[1-2]",1,22,1.61449,0.97,0.785595,1,0.5,5551,4384
9935,1001.2,ga_tcheby_proxy,mesh9,5,1,0,"[5-4-1]",2,42,3.21103,0.97,0.788779,2,0.5,5552,4384
9936,1001.31,ga_tcheby_proxy,mesh9,2,0,0,"[2-1-0]",2,44,3.22898,0.97,0.784148,2,0.5,5553,4384
9937,1001.51,ga_tcheby_proxy,mesh9,2,1,0,"[2-1]",1,22,1.61449,0.97,0.780822,1,0.5,5554,4384
9938,1001.68,ga_tcheby_proxy,mesh9,7,8,0,"[7-8]",1,22,1.61449,0.97,0.782683,1,0.5,5555,4384
9939,1001.9,ga_tcheby_proxy,mesh9,2,6,0,"[2-5-8-7-6]",4,84,6.42205,0.97,0.789819,4,0.5,5556,4384
9940,1001.94,ga_tcheby_proxy,mesh9,5,6,1,"[]",0,0,0,0,0,0,0.5,5556,4385
9941,1001.94,ga_tcheby_proxy,mesh9,2,6,1,"[]",0,0,0,0,0,0,0.5,5556,4386
9942,1002.12,ga_tcheby_proxy,mesh9,4,7,0,"[4-7]",1,20,1.59654,0.975,0.790507,1,0.5,5557,4386
9943,1002.36,ga_tcheby_proxy,mesh9,0,3,0,"[0-3]",1,20,1.59654,0.975,0.778547,1,0.5,5558,4386
9944,1002.44,ga_tcheby_proxy,mesh9,8,3,0,"[8-7-6-3]",3,64,4.82552,0.97,0.78843,3,0.5,5559,4386
9945,1002.48,ga_tcheby_proxy,mesh9,4,7,1,"[]",0,0,0,0,0,0,0.5,5559,4387
9946,1002.49,ga_tcheby_proxy,mesh9,5,8,1,"[]",0,0,0,0,0,0,0.5,5559,4388
9947,1002.5,ga_tcheby_proxy,mesh9,6,4,1,"[]",0,0,0,0,0,0,0.5,5559,4389
9948,1002.98,ga_tcheby_proxy,mesh9,5,7,0,"[5-8-7]",2,42,3.21103,0.97,0.790164,2,0.5,5560,4389
9949,1003.16,ga_tcheby_proxy,mesh9,4,5,0,"[4-5]",1,22,1.61449,0.97,0.786311,1,0.5,5561,4389
9950,1003.25,ga_tcheby_proxy,mesh9,2,0,0,"[2-1-0]",2,44,3.22898,0.97,0.784512,2,0.5,5562,4389
9951,1003.25,ga_tcheby_proxy,mesh9,1,0,0,"[1-0]",1,22,1.69473,0.922258,0.788851,1,0.5,5563,4389
9952,1003.28,ga_tcheby_proxy,mesh9,0,6,1,"[]",0,0,0,0,0,0,0.5,5563,4390
9953,1003.49,ga_tcheby_proxy,mesh9,8,1,0,"[8-7-4-1]",3,62,4.80756,0.97,0.789127,3,0.5,5564,4390
9954,1003.61,ga_tcheby_proxy,mesh9,0,7,0,"[0-3-6-7]",3,62,4.80756,0.97,0.790164,3,0.5,5565,4390
9955,1004.09,ga_tcheby_proxy,mesh9,5,7,0,"[5-8-7]",2,42,3.21103,0.97,0.790507,2,0.5,5566,4390
9956,1004.2,ga_tcheby_proxy,mesh9,4,0,0,"[4-1-0]",2,42,3.21103,0.97,0.789474,2,0.5,5567,4390
9957,1004.2,ga_tcheby_proxy,mesh9,7,1,0,"[7-4-1]",2,40,3.43709,0.900644,0.803005,2,0.5,5568,4390
9958,1004.36,ga_tcheby_proxy,mesh9,3,8,0,"[3-6-7-8]",3,64,4.82552,0.97,0.790507,3,0.5,5569,4390
9959,1004.47,ga_tcheby_proxy,mesh9,0,2,0,"[0-1-2]",2,44,3.22898,0.97,0.785953,2,0.5,5570,4390
9960,1004.78,ga_tcheby_proxy,mesh9,8,0,0,"[8-7-6-3-0]",4,84,6.42205,0.97,0.788779,4,0.5,5571,4390
9961,1004.91,ga_tcheby_proxy,mesh9,0,3,0,"[0-3]",1,20,1.59654,0.975,0.77931,1,0.5,5572,4390
9962,1004.93,ga_tcheby_proxy,mesh9,7,6,1,"[]",0,0,0,0,0,0,0.5,5572,4391
9963,1005.33,ga_tcheby_proxy,mesh9,8,3,0,"[8-7-6-3]",3,64,4.82552,0.97,0.789127,3,0.5,5573,4391
9964,1005.71,ga_tcheby_proxy,mesh9,5,6,0,"[5-4-7-6]",3,64,4.82552,0.97,0.79085,3,0.5,5574,4391
9965,1005.71,ga_tcheby_proxy,mesh9,6,0,0,"[6-3-0]",2,40,3.30325,0.940718,0.79602,2,0.5,5575,4391
9966,1005.73,ga_tcheby_proxy,mesh9,3,5,1,"[]",0,0,0,0,0,0,0.5,5575,4392
9967,1005.73,ga_tcheby_proxy,mesh9,1,8,1,"[]",0,0,0,0,0,0,0.5,5575,4393
9968,1005.85,ga_tcheby_proxy,mesh9,3,6,0,"[3-6]",1,20,1.59654,0.975,0.79085,1,0.5,5576,4393
9969,1006.09,ga_tcheby_proxy,mesh9,0,6,0,"[0-3-6]",2,40,3.19307,0.975,0.791191,2,0.5,5577,4393
9970,1006.28,ga_tcheby_proxy,mesh9,2,5,0,"[2-5]",1,20,1.59654,0.975,0.787375,1,0.5,5578,4393
9971,1006.37,ga_tcheby_proxy,mesh9,0,2,0,"[0-1-2]",2,44,3.22898,0.97,0.786311,2,0.5,5579,4393
9972,1006.38,ga_tcheby_proxy,mesh9,1,2,1,"[]",0,0,0,0,0,0,0.5,5579,4394
9973,1006.38,ga_tcheby_proxy,mesh9,3,1,1,"[]",0,0,0,0,0,0,0.5,5579,4395
9974,1006.39,ga_tcheby_proxy,mesh9,6,4,1,"[]",0,0,0,0,0,0,0.5,5579,4396
9975,1006.43,ga_tcheby_proxy,mesh9,6,1,1,"[]",0,0,0,0,0,0,0.5,5579,4397
9976,1006.51,ga_tcheby_proxy,mesh9,2,7,0,"[2-1-4-7]",3,62,4.80756,0.97,0.791191,3,0.5,5580,4397
9977,1006.8,ga_tcheby_proxy,mesh9,2,5,0,"[2-5]",1,20,1.59654,0.975,0.787728,1,0.5,5581,4397
9978,1006.88,ga_tcheby_proxy,mesh9,6,5,0,"[6-7-8-5]",3,64,4.82552,0.97,0.789474,3,0.5,5582,4397
9979,1006.9,ga_tcheby_proxy,mesh9,8,3,1,"[]",0,0,0,0,0,0,0.5,5582,4398
9980,1007.23,ga_tcheby_proxy,mesh9,2,3,0,"[2-1-0-3]",3,64,4.82552,0.97,0.785595,3,0.5,5583,4398
9981,1007.25,ga_tcheby_proxy,mesh9,2,8,1,"[]",0,0,0,0,0,0,0.5,5583,4399
9982,1007.3,ga_tcheby_proxy,mesh9,5,4,1,"[]",0,0,0,0,0,0,0.5,5583,4400
9983,1007.37,ga_tcheby_proxy,mesh9,8,6,1,"[]",0,0,0,0,0,0,0.5,5583,4401
9984,1007.44,ga_tcheby_proxy,mesh9,5,2,0,"[5-2]",1,20,1.63344,0.952159,0.790164,1,0.5,5584,4401
9985,1007.46,ga_tcheby_proxy,mesh9,4,8,1,"[]",0,0,0,0,0,0,0.5,5584,4402
9986,1007.49,ga_tcheby_proxy,mesh9,8,4,1,"[]",0,0,0,0,0,0,0.5,5584,4403
9987,1007.6,ga_tcheby_proxy,mesh9,6,8,0,"[6-7-8]",2,44,3.22898,0.97,0.783784,2,0.5,5585,4403
9988,1007.61,ga_tcheby_proxy,mesh9,8,7,1,"[]",0,0,0,0,0,0,0.5,5585,4404
9989,1007.64,ga_tcheby_proxy,mesh9,2,6,1,"[]",0,0,0,0,0,0,0.5,5585,4405
9990,1007.8,ga_tcheby_proxy,mesh9,2,8,0,"[2-5-8]",2,40,3.19307,0.975,0.79085,2,0.5,5586,4405
9991,1007.8,ga_tcheby_proxy,mesh9,4,8,0,"[4-5-8]",2,42,3.27657,0.949777,0.792484,2,0.5,5587,4405
9992,1007.8,ga_tcheby_proxy,mesh9,3,2,0,"[3-0-1-2]",3,64,5.07597,0.919943,0.791736,3,0.5,5588,4405
9993,1007.84,ga_tcheby_proxy,mesh9,8,5,1,"[]",0,0,0,0,0,0,0.5,5588,4406
9994,1007.9,ga_tcheby_proxy,mesh9,5,2,1,"[]",0,0,0,0,0,0,0.5,5588,4407
9995,1007.9,ga_tcheby_proxy,mesh9,2,7,1,"[]",0,0,0,0,0,0,0.5,5588,4408
9996,1008.05,ga_tcheby_proxy,mesh9,6,2,0,"[6-3-0-1-2]",4,84,6.42205,0.97,0.789819,4,0.5,5589,4408
9997,1008.05,ga_tcheby_proxy,mesh9,2,7,0,"[2-1-4-7]",3,62,4.82382,0.966637,0.791531,3,0.5,5590,4408
9998,1008.06,ga_tcheby_proxy,mesh9,0,6,1,"[]",0,0,0,0,0,0,0.5,5590,4409
9999,1008.11,ga_tcheby_proxy,mesh9,0,4,1,"[]",0,0,0,0,0,0,0.5,5590,4410
